67,60,92,5,72,9,69,33,66,62,43,12,90,51,72,54,17,20,59,40,33,55,79,5,44,21,43,89,61,86,62,31,29,32,53,37,80,39,62,78,94,43,28,68,5,57,65,43,39,99,3,15,94,28,2,58,28,84,1,30,90,10,97,70,53,4,63,95,79,19,37,59,16,65,95,67,85,35,36,98,90,56,84,74,44,17,14,49,50,74,3,44,33,79,38,81,16,64,43,56
50,38,95,18,43,80,89,61,57,13,67,35,66,16,49,40,4,90,43,19,54,71,70,47,55,26,16,12,74,51,93,94,39,95,2,80,40,63,18,66,8,66,53,57,7,29,41,79,0,0,15,72,3,15,18,55,30,2,3,7,26,59,33,67,39,30,1,56,74,96,26,58,96,98,30,16,95,76,49,82,82,58,76,71,45,21,2,24,87,35,39,37,52,78,66,81,83,64,5,20
46,30,64,85,20,57,99,54,73,21,21,62,56,72,89,85,49,59,4,15,55,70,37,6,21,78,17,26,89,1,56,29,43,16,25,72,20,96,11,49,99,20,40,45,63,47,90,22,47,95,46,10,8,38,92,0,53,45,38,89,67,87,85,90,11,47,33,33,76,11,22,86,29,96,79,33,96,31,72,85,82,47,21,63,51,8,84,89,63,52,61,74,99,92,68,96,6,12,36,30
96,49,40,56,76,67,35,72,18,55,18,47,23,61,56,37,13,55,86,50,16,83,93,6,31,24,97,11,73,93,62,42,24,18,2,96,7,19,9,32,16,19,60,55,1,38,65,48,24,75,53,82,95,2,20,51,2,90,45,82,80,95,66,29,80,38,43,38,15,62,84,28,36,99,54,59,81,30,50,76,18,69,37,34,49,53,12,11,71,38,91,11,2,70,61,60,68,82,35,21
12,14,11,29,84,8,73,13,18,9,4,86,73,8,58,78,93,28,61,85,40,21,36,23,3,54,27,73,28,2,79,86,77,21,13,1,94,2,0,1,13,31,47,64,47,17,17,53,40,59,5,5,72,74,94,69,16,55,40,62,36,61,17,81,51,53,67,74,93,88,59,40,89,28,7,36,50,63,13,56,89,61,54,87,54,50,63,75,17,25,55,1,24,91,88,73,89,91,61,54
24,86,99,2,11,8,99,21,96,99,46,87,81,28,14,23,56,55,18,5,65,11,6,24,24,57,57,3,83,43,6,11,37,73,94,67,95,70,4,31,20,40,33,1,88,62,71,9,37,16,44,45,61,83,87,58,32,98,98,35,3,37,80,12,35,84,63,38,36,32,70,58,45,34,52,75,45,5,9,86,93,31,75,85,84,23,19,8,80,78,86,92,38,1,5,17,10,67,3,8
2,72,85,98,89,93,10,65,16,59,50,13,51,56,98,25,15,9,49,44,88,2,97,39,55,22,14,87,18,23,88,12,90,75,24,76,51,19,60,26,82,5,64,94,65,35,46,91,1,67,79,52,37,13,31,68,35,2,10,40,35,3,37,87,68,22,45,42,99,89,36,43,71,71,20,53,2,1,96,45,31,46,67,54,77,28,73,50,5,15,63,86,93,48,90,89,23,91,34,86
84,93,9,59,86,33,90,46,66,26,81,95,56,74,82,36,61,70,26,22,23,31,31,95,99,77,15,46,71,83,39,3,64,38,7,68,83,19,98,77,85,92,92,75,1,91,67,13,6,48,55,63,73,96,39,5,87,30,9,61,82,58,50,41,90,73,74,47,12,57,27,11,31,18,46,14,90,41,0,57,62,13,38,75,20,15,79,51,12,52,35,78,45,20,69,8,54,17,27,67
46,71,75,26,36,93,90,7,1,28,71,33,98,73,25,47,99,45,11,86,11,71,62,43,83,96,34,33,12,43,65,38,4,8,4,72,8,83,84,56,93,48,9,59,71,33,7,10,39,40,34,92,54,85,32,42,37,40,67,10,56,98,20,77,7,30,46,12,43,28,60,98,0,92,22,21,55,88,93,50,12,17,73,59,94,88,79,72,46,87,96,93,66,62,57,12,46,31,59,26
73,18,51,41,62,98,86,78,16,58,10,0,57,12,68,69,67,0,22,92,59,88,39,17,18,76,71,18,66,12,25,99,31,24,71,56,21,88,96,22,8,8,30,28,50,4,31,84,57,36,26,27,83,48,54,18,0,43,78,80,74,98,65,53,23,75,47,84,78,27,69,53,89,10,5,21,93,47,73,55,76,84,26,25,79,28,78,92,4,79,63,41,0,95,87,94,98,73,44,8
15,68,13,91,66,46,12,16,23,48,84,26,24,73,14,1,14,2,55,96,34,21,8,22,92,96,91,28,60,42,20,34,84,53,80,53,30,71,94,56,22,14,74,58,6,42,94,0,42,3,53,72,58,77,87,83,75,81,24,9,21,5,50,79,20,71,66,17,95,86,35,26,94,6,36,5,0,52,7,46,27,7,99,46,48,5,44,60,8,62,40,32,62,6,86,34,40,6,58,57
32,25,23,78,74,93,69,5,79,10,60,90,42,90,74,33,73,60,17,80,96,18,49,86,21,61,88,73,95,90,61,20,24,28,35,11,19,9,7,17,64,68,41,69,19,52,38,45,51,35,24,11,27,39,80,37,0,56,97,37,26,66,3,54,97,5,74,34,20,91,72,33,53,95,78,91,61,44,11,90,35,20,80,95,12,92,80,71,89,4,16,73,0,84,72,91,22,94,24,79
14,43,21,41,84,70,72,7,28,28,33,16,85,99,18,50,64,48,27,26,69,23,90,35,74,15,39,95,59,99,50,50,97,81,34,93,91,57,10,38,18,71,91,35,30,10,57,65,22,13,27,16,29,16,97,56,19,6,53,31,64,39,31,22,99,25,86,42,79,85,64,92,60,80,14,92,28,64,69,23,62,13,33,20,47,60,31,59,92,43,82,78,24,27,27,35,63,95,3,70
41,74,87,96,84,44,34,66,97,54,38,49,57,85,40,86,9,18,56,14,53,56,18,51,33,85,74,71,15,26,63,3,51,7,2,7,86,68,71,81,15,26,68,95,27,49,2,67,37,46,34,22,73,30,29,20,70,68,25,24,11,28,75,8,59,52,73,1,61,6,84,89,67,68,44,0,23,29,29,73,33,17,99,94,68,73,78,41,23,9,71,39,24,11,14,57,32,89,72,21
94,79,43,94,26,63,25,89,26,77,54,46,56,55,86,3,95,77,46,16,44,74,36,99,42,13,70,6,73,12,44,20,64,71,14,28,90,3,56,42,51,17,33,93,57,34,55,97,78,22,1,94,5,47,81,5,8,40,53,36,36,62,44,17,16,26,21,4,77,0,3,54,39,81,10,74,54,29,87,67,4,60,91,36,58,59,61,53,94,53,72,77,92,77,84,77,78,80,26,13
94,47,8,62,54,20,64,17,94,29,13,86,6,59,19,5,3,10,48,38,98,80,19,31,76,60,65,64,0,28,71,75,72,48,75,26,91,92,84,42,24,68,5,10,91,90,15,53,53,88,14,41,57,13,17,9,22,80,38,30,13,88,46,98,49,34,50,61,70,67,6,85,6,57,79,18,79,83,61,16,46,15,64,46,81,32,40,71,9,96,31,10,23,38,16,66,88,97,27,76
24,35,94,51,59,33,84,63,88,44,17,86,63,0,93,20,18,29,70,41,69,84,32,69,42,4,88,31,40,22,57,27,36,70,80,83,75,63,7,25,95,87,37,83,8,25,37,76,83,76,0,99,10,21,2,30,67,44,21,25,43,20,96,53,52,73,35,60,10,64,29,71,39,42,31,80,17,21,52,29,97,80,77,70,76,58,96,78,26,91,22,45,60,79,69,55,53,16,68,13
80,75,24,10,25,82,53,16,43,1,83,45,28,63,15,36,42,36,46,49,78,21,8,74,3,96,99,89,13,31,99,55,41,0,34,10,16,51,81,82,20,4,53,42,78,71,20,43,90,22,17,59,28,30,79,60,55,87,30,50,44,50,4,47,37,56,74,22,46,77,11,48,1,70,15,64,94,34,77,74,71,8,79,55,59,70,70,23,30,86,91,83,97,25,34,74,64,26,1,83
99,4,9,50,31,20,55,28,10,74,54,77,45,51,39,2,63,5,71,95,3,51,5,23,33,3,22,86,54,35,85,65,32,68,53,62,76,6,7,82,66,92,59,16,0,15,86,63,98,75,4,73,10,34,64,24,71,50,44,93,47,70,88,39,37,17,8,98,14,78,86,34,19,40,19,96,81,98,74,47,85,84,38,87,67,34,28,59,84,57,76,78,47,79,82,50,13,98,34,88
59,67,17,51,9,54,23,95,6,39,37,38,47,31,5,27,82,23,90,3,83,43,62,37,42,19,93,69,40,77,67,34,53,38,31,70,83,66,67,63,12,19,98,35,21,30,92,40,59,26,12,98,57,25,61,47,12,5,75,30,87,76,90,43,6,1,20,86,81,36,67,51,51,76,78,39,18,71,13,46,86,90,97,57,21,92,26,86,69,98,99,7,26,49,28,31,76,99,56,5
16,79,42,43,31,61,79,82,68,11,26,65,23,68,18,28,64,62,49,48,25,73,98,72,48,58,41,66,69,9,56,8,52,25,50,51,48,75,76,19,39,19,44,97,66,59,73,58,25,12,86,3,61,10,62,58,77,72,17,85,79,2,75,42,68,37,37,15,87,81,37,59,12,85,46,95,59,95,25,31,61,66,0,13,87,58,77,81,31,35,84,78,85,83,41,29,37,54,4,8
54,52,87,46,22,46,18,30,95,89,82,37,80,4,48,25,16,84,91,69,67,59,65,63,90,83,10,34,42,69,90,56,14,7,13,95,2,30,54,69,48,28,45,14,77,5,18,36,49,49,46,77,12,52,61,87,84,34,35,64,76,90,1,73,92,58,71,71,0,92,43,94,7,81,33,35,56,91,6,20,36,44,12,30,47,10,12,90,74,97,23,76,10,22,23,82,50,58,1,26
91,54,49,56,88,51,10,19,62,5,76,43,74,78,76,7,27,56,86,24,56,59,82,2,9,43,81,75,25,30,84,75,15,55,83,60,92,90,20,67,23,98,67,35,48,33,18,17,30,76,14,66,49,5,53,54,4,66,71,53,26,7,35,79,78,14,87,16,49,63,56,87,70,91,60,42,52,84,27,52,4,52,41,86,23,46,59,35,24,66,44,98,71,20,31,22,33,77,71,94
52,17,81,43,16,69,95,43,0,8,66,35,26,66,19,30,85,70,72,65,21,57,22,88,62,21,98,43,78,86,56,57,34,49,91,42,16,10,72,38,26,88,3,99,95,28,68,33,99,58,24,2,10,42,3,81,81,75,66,67,57,62,37,0,73,94,95,96,22,75,27,68,32,85,87,64,36,75,44,55,41,17,48,36,67,44,44,99,90,33,86,26,5,57,16,62,59,44,56,67
80,88,83,91,80,17,77,82,93,63,50,56,23,28,3,51,21,73,52,81,36,0,23,43,7,0,7,36,62,48,22,93,72,53,29,45,36,7,73,88,69,16,75,36,37,10,33,65,4,27,45,32,62,75,95,7,94,81,99,75,88,33,9,38,50,78,69,61,3,64,63,26,32,10,15,60,91,3,67,60,15,71,1,46,46,2,4,45,75,36,56,28,31,16,82,88,59,35,46,26
0,23,8,18,3,81,78,6,65,76,92,20,22,2,61,69,11,66,58,59,14,95,65,9,41,40,24,5,50,59,98,43,89,85,31,66,86,9,7,96,35,25,28,7,90,86,53,47,80,78,75,34,73,41,28,44,16,81,59,41,48,68,83,21,45,77,76,43,80,86,63,1,89,16,63,11,43,0,60,50,71,71,49,33,27,93,35,48,2,0,36,2,48,88,30,33,32,19,95,68
42,91,7,25,55,87,2,28,92,24,76,37,43,92,27,54,10,45,59,53,98,12,70,14,15,13,67,64,45,56,69,26,51,62,32,4,78,6,72,52,78,45,47,52,72,73,5,10,62,19,68,28,95,34,77,61,13,29,25,97,46,35,49,65,16,81,77,71,88,52,33,73,36,33,6,52,66,31,48,4,8,81,89,19,71,21,21,61,45,49,18,43,90,60,23,80,84,85,60,36
82,69,61,63,59,83,89,75,88,89,7,98,12,21,71,20,33,78,39,99,11,89,36,97,45,8,36,4,12,14,11,61,60,82,25,64,78,66,87,35,60,64,18,33,73,52,46,78,5,40,70,86,88,33,31,92,75,31,99,48,95,24,63,61,95,70,32,9,22,48,97,6,93,31,14,60,20,14,58,93,55,47,34,48,20,61,73,49,32,47,12,18,54,27,3,12,77,21,87,93
19,35,51,34,51,15,46,97,76,91,79,13,94,40,7,30,30,41,73,29,96,79,87,40,17,63,70,70,43,0,96,78,56,20,33,86,98,94,78,5,9,7,20,58,0,38,42,16,55,44,82,70,51,4,33,38,83,40,23,83,66,19,97,57,49,87,87,87,38,47,42,11,89,62,82,48,32,37,82,37,78,96,81,90,9,56,77,46,64,10,51,60,88,44,89,42,63,29,12,31
27,39,59,20,97,51,17,60,34,58,83,2,8,12,82,56,98,59,47,41,49,64,54,91,75,13,25,16,77,3,93,36,62,69,32,40,60,36,45,69,90,44,18,66,52,87,96,36,6,99,72,98,86,52,20,74,85,6,60,56,85,72,26,80,73,62,49,38,35,31,74,3,36,68,46,27,11,90,9,11,13,71,11,91,90,80,4,40,40,2,14,65,4,35,67,9,33,44,50,27
9,18,99,18,60,89,59,98,52,77,39,63,40,72,48,9,33,90,35,25,50,37,95,48,88,8,36,2,10,94,72,59,64,91,49,14,94,24,90,22,36,73,3,90,57,28,43,4,48,56,9,62,25,40,76,69,13,82,44,47,80,9,38,57,40,55,40,47,27,52,13,5,19,84,48,30,29,51,33,59,55,59,86,5,60,82,88,4,22,31,12,13,16,52,37,26,26,6,52,86
81,45,90,36,28,15,52,65,20,80,33,23,73,99,69,72,98,36,11,0,36,13,44,6,60,16,51,18,49,88,16,49,17,48,69,90,79,21,1,98,71,23,91,51,39,56,12,77,81,53,45,14,62,2,0,52,65,60,6,88,86,73,33,78,75,44,68,52,1,68,56,42,92,61,56,56,20,10,41,78,52,25,19,1,9,4,3,18,8,28,37,73,21,77,7,20,3,54,73,34
82,63,73,35,48,5,87,82,25,65,53,18,54,33,24,38,4,0,90,24,75,25,21,89,29,68,38,79,46,57,63,64,81,61,15,87,80,87,68,73,65,4,31,17,57,88,92,53,64,86,41,18,95,34,20,55,59,25,94,23,86,53,11,5,10,92,28,76,30,20,31,24,21,73,13,84,48,75,8,89,84,18,8,60,61,36,1,52,46,10,58,25,64,95,88,17,26,98,54,84
60,71,33,20,41,39,69,45,55,13,3,59,61,20,10,23,3,22,1,76,54,45,19,32,5,42,14,30,53,1,54,50,60,37,29,64,99,69,80,74,54,42,29,55,42,48,5,81,31,64,89,58,16,84,17,3,55,63,21,18,54,23,28,86,20,89,51,41,14,52,82,30,41,67,26,37,4,9,43,36,87,15,66,75,0,1,20,56,55,53,73,86,42,61,31,25,18,72,48,63
36,72,55,25,36,23,19,24,23,45,25,75,1,82,87,99,17,37,3,30,38,32,39,97,80,87,40,81,84,12,66,17,9,34,86,31,67,99,3,24,54,54,26,6,44,18,65,65,20,32,71,66,82,77,58,36,89,1,39,48,89,52,43,24,74,80,56,0,34,98,50,67,57,98,76,93,11,94,67,74,72,82,68,90,53,27,95,35,20,91,68,89,88,9,3,16,59,27,37,73
73,84,77,59,5,39,73,4,96,34,93,5,22,99,94,43,65,23,60,5,54,56,59,75,55,46,48,20,43,94,25,52,96,30,15,0,46,6,18,8,30,31,19,72,46,7,93,82,20,76,55,15,6,74,95,89,17,96,64,5,39,75,99,27,51,47,92,44,35,3,19,52,76,84,41,72,47,18,68,86,81,7,40,93,61,56,94,88,81,49,75,91,98,65,88,45,10,60,84,37
9,30,4,72,84,54,64,4,13,7,4,39,99,78,17,14,63,89,14,97,61,60,87,69,57,99,20,34,93,32,4,11,59,15,32,32,1,48,63,10,41,24,69,77,20,40,44,59,83,58,43,81,88,94,74,92,71,35,11,38,0,16,27,20,42,98,96,4,39,70,15,91,26,79,23,92,23,22,68,76,97,12,51,19,82,2,15,56,13,71,77,50,0,6,1,14,97,19,12,84
14,5,90,10,93,45,57,9,23,90,73,80,86,69,72,70,59,1,78,72,18,48,29,36,47,33,86,9,57,21,40,80,61,64,58,85,14,67,53,23,78,84,72,40,54,34,23,96,39,66,80,73,59,19,64,86,42,98,87,2,97,18,43,97,98,60,71,57,68,35,41,97,27,47,84,95,96,43,32,9,89,21,72,51,3,90,58,43,97,48,15,29,98,88,94,90,16,48,95,33
24,78,54,97,14,19,69,87,72,12,99,43,31,11,50,45,83,10,27,47,45,32,35,10,43,12,66,27,91,1,24,83,25,64,31,58,67,61,20,42,56,25,23,52,20,63,2,56,86,51,27,38,60,32,41,92,5,95,40,52,3,1,97,8,92,17,6,45,98,76,20,80,77,21,29,62,48,26,81,96,41,0,29,36,76,91,87,88,0,55,91,9,12,99,42,71,80,92,89,56
54,80,89,38,73,30,85,11,12,55,98,36,56,3,94,62,3,18,20,58,23,13,73,91,90,4,76,13,57,23,53,69,53,30,87,48,56,38,75,54,94,18,1,77,78,43,46,19,50,64,85,73,30,1,68,12,14,99,26,42,89,25,54,14,54,10,39,26,5,63,75,43,95,52,87,75,3,87,60,10,10,58,25,90,70,59,98,86,14,61,12,37,70,69,99,49,37,63,4,3
17,19,24,66,99,48,79,77,76,89,62,97,57,55,52,52,31,7,55,64,35,84,59,43,96,8,61,25,87,33,86,84,28,75,51,76,82,19,93,76,41,11,70,47,9,63,78,44,84,20,93,26,93,91,97,24,72,83,76,78,2,12,85,84,53,4,92,24,28,4,77,75,97,38,49,9,73,87,92,42,78,96,74,88,64,51,17,52,89,72,4,85,23,89,22,4,96,92,67,25
90,15,84,51,37,62,31,69,56,10,13,42,8,57,31,18,53,39,40,58,20,72,61,32,2,48,20,20,18,72,55,41,26,9,13,16,12,79,75,77,68,93,45,43,19,81,52,53,34,96,19,34,64,87,66,93,67,27,75,76,86,15,22,87,13,1,88,82,59,85,3,52,84,86,36,81,70,10,17,79,56,37,31,14,62,69,17,43,74,33,44,31,21,67,86,52,27,60,70,56
17,32,65,21,3,52,63,86,57,57,97,78,48,58,12,32,66,42,16,54,87,99,90,74,87,19,43,98,41,97,73,31,47,16,94,38,63,21,57,44,90,66,29,17,20,40,80,56,23,25,91,38,75,15,77,20,23,86,7,78,49,25,92,98,44,85,37,51,51,41,46,8,71,97,25,16,53,94,49,91,26,24,12,39,8,40,5,86,13,70,60,33,97,71,28,74,17,82,16,98
75,68,23,85,80,42,41,0,12,17,98,69,58,34,85,42,35,35,7,8,7,73,0,90,15,51,19,19,37,9,25,33,27,3,87,84,14,25,1,83,47,88,43,34,71,62,19,37,17,95,66,21,18,57,49,49,77,61,72,1,65,68,57,58,98,58,34,97,84,34,32,3,80,7,9,89,59,5,62,82,20,81,58,42,96,84,91,46,21,79,51,83,0,16,60,67,70,80,28,71
11,85,35,58,65,95,27,47,47,96,94,80,38,64,28,55,41,79,44,14,13,2,20,61,3,34,21,79,10,1,50,87,43,69,86,58,44,31,73,0,41,9,2,71,57,69,55,11,60,54,78,83,47,88,24,33,94,8,50,86,66,46,43,65,43,32,73,94,72,92,19,31,45,37,72,55,63,14,87,71,34,57,54,7,1,64,2,41,72,59,65,53,38,62,23,21,71,32,75,91
40,85,50,89,75,24,94,45,30,78,48,19,50,92,92,36,34,83,27,86,62,91,43,98,2,13,59,70,52,34,45,99,70,34,81,34,49,62,33,27,0,38,67,70,41,98,52,92,25,0,13,87,19,44,67,67,94,96,38,64,94,38,39,67,41,68,12,21,34,7,92,55,19,0,71,89,23,21,1,91,20,4,66,5,95,13,87,14,95,6,16,81,64,85,81,4,64,34,40,47
92,2,9,20,77,48,16,56,7,72,8,43,10,70,53,48,75,60,89,73,7,0,13,2,87,93,83,17,21,97,31,75,63,69,2,38,76,13,31,54,69,42,49,33,59,2,11,59,39,11,10,7,95,33,70,82,70,82,8,34,99,44,20,82,28,6,20,5,62,59,79,48,10,52,56,18,30,9,55,43,6,88,70,73,19,13,22,67,54,34,37,67,2,23,8,36,7,15,62,93
2,43,96,82,97,59,28,33,65,66,17,76,37,5,5,33,27,73,17,50,6,68,10,4,46,55,5,37,59,62,70,11,4,56,58,7,15,33,15,85,83,73,49,65,27,48,14,17,95,49,15,23,35,16,43,30,46,59,2,52,92,96,90,13,23,54,62,52,92,11,47,64,60,75,63,27,1,27,94,47,20,43,25,21,84,21,15,96,16,16,83,46,35,33,47,45,61,54,71,69
31,25,13,70,20,40,8,70,67,3,5,57,56,77,18,65,6,29,64,57,27,77,60,14,28,85,49,86,53,63,53,49,77,75,80,9,51,3,48,49,91,96,79,10,76,99,39,31,76,34,36,99,23,43,90,73,10,44,48,20,83,90,28,37,77,5,86,31,93,24,53,69,60,18,79,30,53,64,82,38,19,53,59,9,96,9,44,83,78,86,75,63,59,34,81,60,88,22,57,10
42,39,89,65,4,68,83,78,69,76,29,55,31,30,75,56,70,75,19,35,55,11,51,4,9,56,63,56,17,0,42,16,22,93,11,31,95,84,53,80,18,96,95,13,71,65,31,86,29,14,29,34,74,39,8,77,29,19,6,3,17,93,37,96,41,70,55,73,78,37,78,22,2,75,25,62,35,2,86,21,85,5,0,76,2,37,74,20,59,15,55,17,63,35,69,94,3,85,94,55
65,66,21,67,35,42,18,67,68,57,93,15,67,12,95,77,12,23,92,84,15,81,29,43,20,84,76,62,48,34,38,38,59,1,52,11,11,67,42,95,46,74,59,34,41,4,35,56,27,71,56,69,37,68,56,13,23,13,28,81,9,21,94,46,0,36,73,66,52,89,73,96,80,21,18,17,84,28,63,61,56,58,96,63,93,13,25,47,21,46,70,14,40,71,63,71,86,52,61,52
16,58,84,39,30,1,12,68,60,37,91,2,66,37,5,63,23,30,6,16,33,36,42,16,70,16,75,64,54,97,4,97,17,46,46,19,18,84,82,56,61,46,51,21,90,2,26,31,11,34,57,21,44,92,59,81,19,95,81,30,70,12,13,86,90,21,47,30,81,8,88,11,4,8,20,30,28,2,5,13,57,35,34,57,34,97,2,44,44,8,45,76,42,6,10,58,90,48,3,61
62,82,70,87,75,70,97,23,59,77,68,12,81,25,43,97,58,74,35,30,43,32,99,80,9,90,9,61,31,35,99,51,18,67,35,87,11,96,26,66,79,94,68,92,16,32,94,29,16,91,94,29,89,90,32,23,8,59,19,15,88,28,70,82,76,21,52,87,97,63,35,63,89,75,93,81,56,13,42,96,17,19,19,2,87,6,11,24,98,9,39,60,73,38,8,59,89,61,21,79
63,82,5,40,41,43,98,51,10,16,44,95,33,76,29,54,39,29,73,53,44,39,19,24,13,10,70,89,56,11,74,63,55,90,35,55,54,29,61,10,39,28,39,78,43,72,57,12,95,62,96,79,66,23,13,36,14,94,95,61,95,35,35,60,91,66,93,36,40,63,96,51,89,97,99,13,24,48,83,8,9,10,10,65,31,39,14,94,95,46,35,47,62,4,47,20,57,66,64,44
85,35,48,85,45,99,56,95,83,13,11,98,79,76,71,40,3,21,18,76,12,24,42,18,50,36,91,1,67,95,79,7,90,78,96,8,12,3,46,16,84,53,56,27,99,33,17,64,79,75,64,73,37,83,65,95,51,70,11,94,35,28,50,25,38,96,34,24,80,53,26,50,13,77,28,97,35,88,66,76,30,78,74,53,38,96,59,42,12,37,43,75,95,30,25,57,54,34,12,93
39,40,19,67,83,65,1,34,21,81,65,78,42,22,38,97,15,33,52,50,77,46,62,88,89,20,61,32,93,26,55,75,75,88,70,39,41,41,64,80,71,9,54,67,56,83,29,67,88,26,25,72,43,6,5,77,12,42,5,74,12,36,91,63,14,46,85,16,5,20,92,65,28,99,70,38,42,29,6,1,73,62,89,96,2,35,32,31,51,25,1,70,46,54,60,8,42,73,90,84
59,20,31,93,51,63,4,33,56,51,79,30,26,45,88,57,17,50,67,25,60,44,54,89,1,95,29,81,29,89,1,67,24,43,83,42,66,82,36,76,49,15,78,86,87,76,2,52,77,91,42,94,10,32,15,98,33,74,87,28,34,71,80,39,83,83,85,13,92,76,31,93,70,40,40,69,64,34,64,93,73,10,72,92,25,28,28,38,87,85,6,17,44,58,9,30,93,42,1,11
81,71,31,74,82,53,81,7,30,95,81,51,13,79,58,75,53,44,1,25,43,10,10,10,25,7,87,8,38,22,98,31,85,41,18,59,2,35,97,40,19,4,69,43,75,85,0,77,17,57,79,39,60,19,78,52,24,61,38,99,85,49,81,92,88,82,4,86,69,59,3,73,20,68,52,21,57,50,70,27,55,66,49,15,62,42,67,72,1,9,7,73,62,88,83,16,17,81,3,89
84,39,96,17,33,64,3,92,51,45,43,26,86,84,43,34,58,24,82,97,71,5,21,26,54,55,41,99,62,18,81,20,70,80,56,51,59,63,69,41,66,69,17,33,10,42,26,11,84,5,96,87,4,4,16,83,69,86,82,31,74,46,25,37,12,30,67,17,8,74,39,92,37,35,46,68,91,73,84,39,47,53,56,74,99,23,1,88,6,80,20,66,29,68,60,30,61,21,44,39
2,4,71,8,21,12,47,7,33,64,88,22,52,76,44,38,8,41,79,17,74,99,69,26,75,89,76,91,78,73,53,67,31,81,43,50,21,14,59,62,24,35,11,63,66,78,18,64,43,67,98,77,32,14,51,25,28,8,87,69,83,5,4,54,64,94,94,57,34,18,20,85,68,39,87,63,6,58,60,50,80,3,26,37,41,44,11,14,61,45,29,4,39,23,90,61,50,6,41,86
80,76,60,17,57,31,99,86,31,26,10,54,95,68,84,88,52,79,16,29,88,9,20,60,2,29,90,79,35,77,99,97,66,72,88,13,24,67,63,20,58,40,46,23,36,11,27,80,78,69,39,2,2,35,14,88,61,33,22,96,25,4,4,58,37,69,80,1,7,24,19,40,66,50,6,69,99,55,15,42,26,35,93,94,47,76,74,77,28,97,0,68,46,83,64,72,24,25,23,93
91,37,32,14,96,58,63,84,28,61,36,41,53,97,7,44,47,15,25,90,22,98,9,51,16,76,48,32,71,99,42,89,88,67,57,72,67,37,77,92,59,36,35,55,79,23,84,43,66,76,29,89,8,37,29,22,58,14,95,69,51,42,17,17,26,33,86,96,0,23,12,98,16,44,7,37,78,93,67,85,81,4,12,0,85,92,7,7,71,94,89,92,76,60,76,58,10,80,48,2
67,60,75,16,63,38,40,14,77,43,39,81,30,99,86,7,18,32,60,72,9,14,78,89,93,67,47,38,22,99,22,32,19,64,19,96,45,21,51,7,86,73,1,48,34,15,69,47,66,25,9,48,87,53,71,40,59,20,73,43,55,46,72,12,20,51,24,45,60,26,7,88,77,71,65,64,74,66,91,20,22,50,23,27,77,88,71,48,25,83,92,64,74,14,7,14,47,29,34,15
29,56,72,13,0,8,38,2,60,0,55,53,85,9,93,97,18,62,46,6,88,24,74,25,53,86,81,68,96,41,77,15,56,59,70,85,88,66,62,43,10,64,93,56,96,97,82,86,56,84,85,61,32,3,75,59,78,3,36,44,94,97,92,87,10,76,66,57,27,59,99,74,34,58,46,86,10,49,97,55,14,73,27,2,79,64,5,48,35,20,96,86,38,95,36,29,77,30,31,12
37,4,70,7,30,23,21,38,72,78,19,3,84,93,44,73,60,7,54,66,70,69,27,96,31,69,41,63,15,26,21,11,61,42,95,34,96,58,86,86,42,25,84,54,54,45,88,49,5,43,87,83,17,59,23,95,33,37,27,43,34,7,73,86,4,27,73,68,66,83,70,87,71,28,71,28,0,65,96,27,82,62,92,33,54,29,43,78,26,88,29,88,83,1,90,60,49,52,85,91
22,23,68,4,15,0,98,25,62,51,99,91,4,22,49,31,51,4,76,63,87,54,52,31,59,41,28,54,73,81,71,5,10,49,12,34,71,89,71,53,96,65,1,96,67,25,65,10,54,87,68,91,79,63,49,30,64,74,23,52,7,97,19,8,53,26,62,5,23,47,47,72,62,23,51,63,22,21,10,4,78,58,13,86,84,47,41,47,0,37,72,25,36,46,13,90,46,73,47,64
30,14,1,19,4,27,56,48,22,43,70,50,74,22,59,43,22,70,3,88,6,13,6,18,83,3,8,6,79,91,10,20,32,74,39,17,66,64,8,26,50,31,65,49,40,46,84,43,22,64,17,11,25,30,69,79,61,15,85,9,55,39,99,45,23,86,31,46,16,43,15,98,82,33,45,76,87,55,86,85,39,84,32,3,27,25,26,51,82,64,32,69,53,77,82,82,44,12,94,54
14,90,62,8,28,93,52,11,75,60,40,6,54,68,28,56,99,90,92,63,37,80,33,0,59,70,32,40,29,34,36,1,96,21,96,39,37,7,7,66,48,57,15,10,79,74,49,83,44,47,83,47,54,68,12,16,0,49,4,7,82,34,44,59,83,59,13,64,68,83,54,33,41,99,13,77,9,7,51,22,60,14,91,78,58,93,68,55,64,39,26,26,58,22,0,13,29,56,61,31
90,20,57,85,68,85,28,58,8,48,33,87,10,79,77,53,5,45,70,80,91,34,35,90,62,63,78,26,39,29,97,47,26,16,36,37,96,84,51,70,85,47,76,41,74,13,88,99,86,25,50,40,25,49,70,27,62,5,23,78,5,25,60,49,6,73,74,4,61,19,19,92,0,77,4,31,59,28,96,54,97,45,84,13,94,22,67,28,29,8,15,49,88,28,91,84,58,13,88,52
51,35,59,65,64,66,52,4,79,29,65,92,76,52,95,65,6,73,10,50,67,32,49,67,2,23,28,50,99,98,58,8,30,27,3,29,58,66,34,1,33,83,80,69,96,16,80,34,69,38,28,77,37,9,75,36,53,78,57,77,12,69,75,77,50,55,71,75,21,68,44,15,69,34,48,2,3,48,67,26,31,50,12,44,34,31,39,85,31,83,9,97,58,18,45,29,39,20,24,85
82,46,47,71,43,31,34,79,41,71,96,52,88,33,59,60,63,33,77,16,86,37,37,59,9,97,58,74,25,77,69,24,68,3,87,96,15,94,8,0,65,35,63,8,64,10,47,20,8,85,75,47,44,93,32,47,64,62,75,82,85,94,46,87,64,82,7,45,25,1,64,0,60,70,11,6,59,69,42,2,16,9,32,21,79,49,18,65,7,85,20,7,45,76,67,36,37,0,45,0
21,75,17,96,86,49,29,47,81,91,71,36,0,90,71,50,73,76,43,52,23,61,36,32,90,14,37,43,32,82,39,65,75,13,68,75,29,24,33,49,75,35,46,42,71,97,17,26,52,75,40,57,12,48,60,17,32,1,67,34,48,18,69,2,27,89,39,54,88,27,19,58,35,85,36,73,5,72,81,86,98,1,28,27,73,29,5,3,39,80,30,75,22,29,49,57,29,38,44,29
53,54,98,17,2,14,44,17,60,80,45,8,37,3,3,79,23,63,96,80,4,52,60,15,22,47,42,28,26,25,3,40,28,93,96,74,48,41,46,14,25,93,55,38,4,28,9,69,41,23,4,58,61,28,35,17,47,68,59,69,24,29,10,86,2,12,39,93,62,71,19,39,66,83,16,99,38,48,39,5,0,6,35,60,55,28,10,14,9,92,57,35,52,19,59,56,43,63,3,51
42,23,90,45,7,61,64,15,45,44,84,50,67,26,91,98,31,29,78,21,89,62,68,10,2,54,37,97,66,69,6,90,54,41,11,3,64,77,59,26,0,11,96,68,47,52,46,40,19,2,86,4,95,40,35,2,75,10,93,62,3,64,98,72,72,94,26,90,79,14,24,69,11,90,64,69,95,12,24,58,85,20,82,85,46,9,95,88,1,0,38,35,68,66,8,4,37,49,4,42
15,23,53,98,78,88,39,35,60,41,7,52,39,30,58,48,99,76,89,34,5,39,52,43,94,12,40,90,74,51,44,62,78,38,8,19,65,5,81,59,66,53,77,79,43,60,30,23,1,62,26,86,72,84,79,43,95,67,14,10,46,19,86,56,92,53,1,11,95,42,54,52,20,51,59,82,91,43,15,12,44,28,1,99,20,70,23,95,39,5,10,0,20,34,67,5,98,41,38,26
94,98,47,71,38,70,37,89,41,6,36,79,90,32,33,77,7,85,45,6,33,43,67,41,50,15,25,40,60,38,25,8,33,66,79,8,21,92,71,72,43,50,34,37,92,43,73,76,35,22,52,73,50,25,22,60,42,30,82,75,9,96,24,49,20,13,90,58,49,59,36,95,43,34,12,74,49,29,82,21,26,21,29,80,77,46,7,20,30,84,94,2,53,95,16,66,7,63,25,98
53,53,18,2,92,94,18,42,39,78,76,38,62,68,82,2,39,12,53,31,25,8,87,63,17,31,28,53,74,61,87,28,17,20,83,34,45,35,72,32,58,82,94,5,85,5,65,76,84,18,18,56,78,66,23,56,1,28,51,28,94,79,40,55,79,17,32,26,48,80,90,65,19,84,26,21,13,80,10,54,83,35,0,28,35,11,86,38,60,45,84,78,77,23,76,8,28,52,60,45
0,22,85,8,9,74,70,18,80,64,47,79,8,41,68,97,87,15,6,56,19,20,16,15,76,71,4,3,62,41,40,61,57,60,68,79,73,74,55,76,17,17,38,20,64,90,74,93,50,48,53,11,97,87,83,27,43,11,19,63,53,11,41,98,58,46,40,95,79,66,28,63,79,56,34,97,94,23,81,58,76,28,18,31,67,80,4,87,38,10,61,5,16,36,49,66,49,29,71,31
86,44,15,76,4,32,8,25,59,1,27,54,64,71,61,43,76,41,65,9,90,84,22,45,24,35,4,86,21,80,75,73,70,69,50,57,63,61,46,5,23,26,10,48,64,52,3,32,9,75,12,19,1,66,51,34,44,79,8,43,94,44,20,18,24,5,22,76,56,48,86,29,9,35,87,93,83,87,75,33,1,70,86,56,12,39,43,89,65,66,75,28,40,56,28,33,8,96,47,72
27,84,99,28,78,59,25,67,69,73,69,52,49,50,3,48,28,43,7,65,35,22,66,45,67,41,29,47,53,30,41,57,3,30,66,47,73,92,46,55,18,17,45,55,21,91,34,83,67,3,29,76,49,56,73,38,11,22,82,16,56,43,35,52,34,65,14,49,75,53,68,18,46,12,92,90,15,29,48,73,90,54,63,3,55,69,16,59,84,71,15,52,44,63,46,59,7,86,79,96
79,86,68,63,41,33,33,67,22,36,13,87,18,5,48,57,98,71,66,56,42,61,85,98,94,34,18,84,62,8,37,74,45,70,14,22,67,36,92,95,20,67,49,72,57,3,29,60,82,11,12,74,93,59,83,10,17,43,83,41,87,23,69,27,59,3,69,51,13,26,74,85,93,96,92,83,9,29,49,49,74,4,54,44,21,25,85,14,2,20,93,96,22,12,74,8,3,99,43,2
41,18,18,63,75,69,5,74,16,94,76,4,26,80,4,6,79,56,96,48,28,39,15,8,67,62,32,5,13,19,38,80,16,85,84,50,51,28,62,20,72,66,18,28,47,22,97,28,17,72,70,17,68,45,54,97,22,81,23,58,90,51,91,87,6,38,28,50,15,75,69,62,59,2,80,9,25,73,27,30,88,63,90,32,81,39,38,28,80,78,16,58,77,31,33,77,99,42,43,38
67,51,58,98,75,5,29,97,11,99,20,28,56,71,73,66,40,23,75,95,31,33,46,70,19,67,34,5,88,11,76,91,2,96,79,70,15,44,33,42,2,58,1,79,6,76,25,87,93,18,24,88,92,36,89,37,64,47,0,11,87,60,79,96,69,82,46,8,10,42,0,61,85,28,57,33,64,77,84,22,63,32,94,66,95,74,82,64,7,47,20,15,5,62,49,98,11,29,96,90
10,75,23,17,81,35,58,60,95,74,9,28,82,4,1,93,36,56,0,95,44,34,78,50,3,15,77,33,5,77,61,27,18,4,89,15,41,92,2,99,16,52,41,61,11,12,61,49,44,84,71,97,28,74,82,38,59,27,31,1,10,17,17,72,86,44,54,71,14,63,62,70,65,42,90,96,54,23,21,42,5,26,35,55,71,54,39,25,58,57,27,29,59,67,79,75,98,36,67,45
43,48,66,94,40,65,67,38,42,36,51,97,72,28,13,17,32,81,30,50,13,13,74,62,91,89,73,41,73,51,7,44,85,3,5,45,27,84,4,54,20,25,17,0,10,81,56,91,96,68,83,61,90,64,83,43,95,81,29,39,1,41,82,92,88,12,92,69,56,91,22,26,55,36,44,29,21,58,12,8,62,47,54,90,59,13,26,45,47,45,19,16,45,35,40,23,54,66,8,40
37,15,80,72,52,14,92,55,46,57,18,40,94,51,46,57,27,80,11,64,94,22,25,12,29,4,26,31,30,35,14,92,0,39,26,60,74,87,52,18,46,46,53,13,54,74,41,35,69,94,39,67,36,68,73,71,57,61,19,1,30,21,93,56,31,16,72,79,30,60,57,10,87,48,89,81,75,32,17,47,7,94,81,75,70,95,72,29,41,49,59,0,43,54,28,92,84,73,35,97
79,23,75,20,59,63,26,60,40,23,38,28,31,97,54,80,4,91,66,63,25,24,95,93,4,92,10,57,34,30,90,26,78,80,46,10,72,59,97,16,83,70,70,8,67,10,96,93,49,68,71,40,29,83,98,64,65,40,68,5,52,4,89,37,62,37,66,82,72,94,33,3,4,17,12,74,42,30,53,95,46,78,7,23,57,69,8,72,83,66,78,10,80,54,1,23,68,97,22,79
10,61,74,13,12,23,67,43,88,80,4,54,90,73,37,74,57,43,77,66,94,30,23,95,13,53,61,7,87,27,99,93,77,34,81,32,14,42,80,5,52,60,10,50,61,64,14,12,86,64,38,18,9,24,89,24,95,64,89,11,52,85,13,48,11,16,73,86,3,52,50,58,48,19,50,70,97,89,34,74,6,1,10,67,1,0,34,41,17,63,25,57,67,17,8,24,7,32,54,27
19,30,83,88,91,80,16,2,7,18,48,30,74,92,41,10,65,82,75,26,81,15,30,89,27,1,63,78,8,45,36,37,33,68,33,33,53,16,16,3,14,76,78,45,34,92,71,18,54,65,71,68,14,32,95,20,56,75,40,52,84,11,56,6,37,91,65,20,90,10,15,21,55,7,78,4,47,10,65,65,59,87,40,73,40,56,80,54,47,12,25,20,10,95,45,70,20,53,59,70
70,2,51,88,17,31,85,18,3,97,82,77,53,34,20,11,67,57,5,30,40,72,15,21,70,33,39,46,34,54,7,69,17,61,87,7,34,28,30,19,99,62,71,54,24,88,0,93,75,7,19,50,18,99,89,95,60,67,2,70,2,80,16,74,67,2,28,79,30,90,3,63,60,43,18,9,34,39,76,79,68,81,25,11,62,9,97,46,76,3,23,6,89,46,24,78,96,94,76,12
58,53,30,83,60,7,17,10,62,52,88,82,30,83,72,88,23,62,9,99,45,65,21,33,18,75,85,48,80,84,58,61,33,57,92,85,44,55,75,21,74,47,59,32,85,26,70,67,90,65,90,48,41,52,5,76,42,45,39,92,7,68,90,75,36,81,81,27,25,58,1,25,70,16,66,62,33,9,65,73,50,88,95,95,43,0,21,6,48,98,60,38,29,63,13,58,27,47,21,60
89,89,94,99,71,83,89,29,10,4,84,49,60,37,78,79,27,66,47,21,49,28,54,38,70,76,1,77,45,13,79,52,46,43,86,74,69,28,12,68,53,20,84,40,39,46,25,44,10,17,90,14,32,29,78,1,10,96,21,17,39,77,20,51,51,8,57,56,27,58,10,83,20,81,36,18,20,21,45,86,14,94,23,16,34,18,84,73,90,2,34,49,48,77,16,53,43,65,48,2
46,11,9,66,16,41,8,10,46,19,54,73,88,60,72,73,31,83,28,28,36,58,14,6,76,86,15,26,88,37,90,95,5,73,3,18,45,62,20,33,2,72,44,14,60,59,11,50,33,40,70,85,53,49,68,44,89,24,69,83,56,32,39,57,57,2,97,17,88,20,21,7,96,80,6,92,78,84,84,22,19,17,89,40,45,50,44,19,64,3,53,55,69,19,75,41,25,16,86,65
23,74,22,99,95,15,38,82,42,86,33,91,19,50,78,25,45,74,22,30,0,87,76,18,46,2,7,6,50,24,40,77,71,80,47,30,83,49,6,70,72,6,36,30,25,66,61,33,27,64,15,82,58,40,98,84,83,36,34,77,3,34,93,41,85,91,56,20,77,30,94,80,29,87,20,70,14,63,37,78,80,68,26,86,17,93,55,25,15,29,28,6,93,46,58,25,55,78,26,96
1,85,96,30,51,17,34,1,90,79,48,46,57,3,8,3,67,40,94,17,0,45,14,36,35,76,3,9,71,74,52,79,74,28,54,53,47,5,13,20,0,64,24,16,40,88,71,17,56,4,8,21,81,89,63,33,70,52,71,53,87,34,14,45,9,81,45,18,82,74,57,98,97,36,50,40,39,84,1,0,37,40,37,27,74,33,47,34,41,22,96,98,57,30,61,61,73,74,1,84
34,45,22,32,96,4,13,6,32,58,22,19,5,97,57,57,79,0,2,74,29,6,96,11,59,7,0,0,99,77,38,99,57,41,92,30,86,96,19,26,17,79,72,14,97,87,4,94,28,14,9,23,82,7,60,32,95,28,23,61,38,31,55,47,21,82,36,67,2,84,42,77,97,62,25,31,29,35,73,98,1,68,7,89,59,47,19,13,43,10,74,98,27,20,62,64,56,45,49,92
25,48,35,34,51,83,76,24,32,47,1,50,74,61,56,98,28,28,11,66,57,80,2,84,61,12,13,66,68,61,16,89,46,36,86,56,89,39,57,70,38,71,40,48,83,41,25,80,62,91,74,71,0,2,66,82,53,15,16,50,7,43,99,89,98,80,31,61,46,41,93,32,32,77,82,34,32,37,61,87,53,37,85,49,3,33,22,70,6,93,17,98,19,38,84,5,52,76,49,60
25,37,63,3,14,96,62,35,65,24,0,69,56,44,32,27,56,84,99,49,9,6,30,16,38,10,27,49,37,55,41,14,48,88,19,51,3,60,2,30,66,95,14,72,28,73,30,36,50,80,24,27,25,93,77,59,66,52,78,24,69,3,15,61,26,46,10,19,52,12,4,70,95,57,32,0,20,80,61,46,21,16,37,67,59,44,96,99,45,79,39,59,51,62,11,79,11,5,42,60
96,70,69,36,36,34,1,7,33,36,71,25,64,64,34,78,79,13,11,89,22,96,21,14,51,89,5,46,42,12,69,10,64,56,8,13,86,55,41,43,70,23,37,87,93,77,24,3,88,9,0,55,33,98,97,68,26,60,16,44,9,76,59,84,75,59,75,66,7,79,64,68,40,48,31,37,63,79,98,67,82,45,89,95,61,2,9,42,28,3,65,64,27,51,38,79,98,60,24,49
20,19,7,55,34,58,24,20,58,76,16,10,91,95,3,92,48,51,3,43,28,2,88,51,32,72,68,7,40,9,68,56,66,6,9,88,33,31,17,35,22,90,15,35,0,28,2,2,25,1,46,5,50,65,93,55,20,0,44,99,62,35,54,30,91,93,19,83,48,89,70,62,63,69,74,40,27,44,30,93,52,89,95,42,80,12,71,21,19,34,27,76,60,42,20,51,20,47,47,87
