96,12,58,30,17,19,13,42,72,71,79,40,3,31,23,42,27,23,54,52,4,49,61,3,45,93,42,80,12,58,4,61,7,3,6,42,42,3,1,85,49,6,33,35,3,88,97,79,77,71,11,90,4,36,4,26,25,39,9,91,68,90,82,20,57,53,61,34,15,91,67,73,98,56,15,75,99,23,52,1,60,87,8,50,66,75,11,18,40,26,78,34,58,49,78,94,42,96,85,91
67,65,40,83,91,53,4,50,44,11,6,0,79,19,97,33,22,16,34,84,89,3,40,17,78,32,40,93,45,47,40,1,15,67,3,8,45,6,0,14,93,2,8,30,68,16,39,98,87,76,67,18,56,81,40,87,53,63,55,99,84,43,38,51,10,38,22,45,46,18,83,11,47,39,42,8,82,70,17,46,61,0,96,58,16,9,40,49,59,50,56,23,54,38,1,30,49,23,63,0
79,78,6,6,85,81,87,55,9,71,79,73,26,10,2,51,99,82,46,66,67,61,83,98,15,35,19,54,59,4,91,79,89,97,16,95,24,78,44,22,33,45,94,94,7,47,1,69,8,24,29,44,61,20,40,82,27,87,71,90,65,66,49,13,22,84,62,78,91,0,21,49,98,12,17,99,6,47,73,88,31,64,98,41,71,75,58,92,74,45,38,51,71,29,15,42,99,82,2,2
59,36,38,8,8,55,24,21,95,50,49,60,36,21,52,5,50,26,6,1,96,46,18,45,16,68,99,91,49,7,14,76,84,90,31,31,39,34,15,47,97,67,86,25,95,31,55,57,72,44,48,60,57,21,17,51,16,49,14,70,82,32,25,92,25,34,39,66,63,58,79,91,13,16,76,80,28,55,35,85,33,35,0,89,61,46,11,38,60,39,32,5,36,0,96,77,18,20,83,82
72,26,27,82,30,0,11,92,43,5,1,89,20,37,50,48,8,46,82,5,48,53,65,83,5,91,18,64,44,64,27,26,74,6,91,7,69,30,90,69,56,55,32,80,66,84,57,17,63,40,56,41,87,25,92,96,83,82,15,12,59,50,31,14,78,23,87,87,9,87,67,3,27,39,88,43,99,46,26,1,40,77,40,78,69,85,50,88,40,81,63,18,34,38,87,42,54,29,48,74
7,64,44,10,40,65,1,53,73,24,5,62,20,8,55,72,79,2,75,55,34,19,3,86,82,35,98,54,95,34,13,23,55,99,6,10,23,64,80,87,11,34,54,22,31,78,87,42,13,56,95,2,87,32,90,60,10,67,97,18,29,32,98,87,11,5,4,44,56,68,36,57,19,88,56,68,41,81,90,65,78,23,98,39,37,80,20,87,14,12,92,3,5,27,12,94,86,30,84,86
79,18,29,35,57,18,28,20,43,20,24,36,55,15,35,44,31,8,45,32,36,32,2,35,69,34,62,27,38,50,44,38,68,53,56,40,98,4,78,62,31,76,15,53,63,60,91,24,77,52,78,30,17,81,57,36,18,77,52,71,39,25,9,79,20,18,32,37,30,77,30,11,35,99,21,81,7,42,70,23,94,26,18,94,12,44,79,45,45,25,67,22,46,6,83,29,17,12,13,25
44,43,68,41,77,93,29,23,86,33,56,89,12,25,81,40,59,61,69,30,44,33,5,87,75,67,49,37,76,11,83,49,76,20,15,86,2,69,80,13,49,92,24,46,22,38,88,35,50,84,71,27,88,78,44,55,57,51,61,73,14,76,71,57,32,6,84,17,83,67,24,84,92,41,71,59,92,23,18,72,58,57,16,57,98,39,48,86,29,69,93,91,53,26,72,4,13,7,3,78
74,20,63,19,13,66,69,7,58,76,67,35,26,43,86,98,20,88,23,71,62,22,6,5,18,50,66,47,21,92,60,69,25,43,96,75,59,0,78,5,52,71,19,68,43,76,11,16,32,66,11,87,29,83,87,37,38,3,38,94,20,5,87,10,18,32,72,56,80,76,2,47,93,71,75,30,97,87,16,50,81,56,59,53,1,46,18,66,3,17,79,56,81,18,7,74,19,12,6,69
60,56,16,13,19,45,38,49,15,75,48,12,90,19,64,71,83,28,33,9,99,57,57,18,77,83,57,96,15,3,22,60,88,89,45,21,85,15,16,63,69,61,97,90,85,6,60,91,94,1,81,96,0,90,12,4,55,60,45,35,49,51,28,58,24,47,33,4,36,17,26,2,80,62,93,17,52,41,97,53,71,17,30,85,72,97,73,98,24,77,22,45,47,10,25,26,63,73,52,51
74,58,67,26,36,48,57,43,85,33,75,98,57,71,11,22,97,5,39,75,16,89,42,73,0,88,32,26,62,85,37,89,76,30,87,97,96,0,21,66,11,45,76,54,49,5,58,25,13,3,46,43,41,78,23,60,83,8,49,2,92,66,90,94,18,94,82,37,29,34,53,73,46,10,2,53,98,90,89,85,7,37,3,19,98,98,14,92,74,18,48,68,66,59,89,62,96,73,33,42
74,2,12,44,97,43,40,6,77,5,45,66,34,30,29,95,69,19,67,99,56,27,34,6,31,38,58,29,50,23,15,46,80,92,39,59,78,4,15,82,6,12,98,1,40,31,96,15,42,63,89,91,93,86,90,80,3,29,83,63,92,17,60,90,94,47,38,62,28,50,41,76,92,49,75,68,68,54,68,66,10,79,70,98,17,92,56,72,8,90,46,13,31,86,84,89,45,33,41,42
43,5,72,33,79,33,65,61,46,31,82,53,33,83,84,7,88,40,29,56,48,47,53,70,9,35,76,97,92,5,19,65,63,47,71,17,9,32,80,98,77,1,21,56,98,55,72,83,82,46,36,52,99,53,86,26,75,31,31,39,36,98,77,25,16,22,35,88,35,94,88,25,11,32,97,74,82,79,89,52,83,79,49,46,90,44,37,29,26,95,10,23,52,25,83,33,22,94,63,65
19,3,21,53,55,17,78,76,48,83,41,79,71,42,73,48,20,96,80,51,84,22,55,8,77,59,33,45,53,38,3,48,17,19,94,39,29,51,53,74,89,7,78,29,98,84,2,90,94,20,9,4,94,8,60,7,3,42,63,17,61,34,51,47,76,74,56,53,49,79,1,75,60,38,81,29,72,96,70,69,56,46,77,9,53,50,48,31,65,55,92,50,90,71,36,32,21,40,39,49
71,43,59,72,97,74,14,91,69,94,25,1,97,1,8,60,3,11,20,90,47,34,57,10,76,24,49,72,59,96,95,53,95,86,29,0,50,85,96,15,61,43,61,54,93,92,78,7,74,99,55,10,38,91,30,39,83,61,46,82,87,20,96,7,33,98,97,92,81,29,73,89,72,54,76,11,69,5,54,21,28,71,17,75,38,1,75,60,55,63,79,11,28,90,97,54,53,35,78,48
22,96,27,46,90,80,45,93,77,18,85,38,7,39,30,98,22,46,44,29,29,70,73,39,51,51,79,3,23,81,25,0,18,11,47,56,67,80,33,35,52,72,55,74,30,53,55,19,66,9,64,70,95,56,79,57,32,92,98,92,79,9,32,91,76,78,96,21,28,90,90,83,51,23,84,70,80,59,83,82,68,33,48,4,30,68,50,22,50,43,14,90,45,7,78,54,73,61,28,68
51,15,98,99,45,16,92,68,31,49,78,66,29,28,68,85,30,99,8,82,21,21,30,82,37,57,20,60,53,24,61,25,73,58,96,23,7,96,18,14,74,50,44,43,27,0,36,7,44,67,67,80,58,10,15,55,8,10,87,86,71,43,36,16,67,32,21,68,8,74,47,83,84,66,38,11,30,66,99,9,34,35,74,73,84,85,73,69,80,67,24,44,71,1,45,78,75,72,32,90
93,1,91,83,83,54,99,12,14,2,54,35,26,44,58,93,17,72,4,8,22,26,14,13,18,28,87,41,90,62,25,8,81,25,22,98,30,85,83,19,29,72,61,73,26,17,66,11,46,86,12,96,54,71,30,59,48,34,52,47,73,11,8,12,37,77,23,93,49,64,71,47,94,84,36,31,91,39,82,0,41,26,56,26,5,60,95,91,0,45,30,23,70,63,14,39,64,23,87,98
79,22,6,9,19,98,95,33,74,69,2,40,14,46,97,96,97,88,25,0,2,75,30,81,83,80,42,64,31,53,74,39,42,63,80,21,96,30,57,68,45,3,34,82,80,16,31,76,36,28,92,64,24,45,4,45,22,84,24,9,5,89,24,67,5,8,97,94,42,79,79,55,2,38,51,63,56,77,82,77,64,58,4,99,55,99,15,43,65,63,21,83,79,21,77,86,4,96,14,81
4,7,33,62,16,25,20,7,93,29,61,87,86,54,66,83,98,17,52,64,6,12,43,37,57,70,4,52,51,84,26,46,3,69,55,85,6,33,94,37,36,57,61,78,7,14,5,62,18,11,8,11,47,35,68,20,62,24,86,49,66,27,41,96,99,4,4,80,54,1,24,34,40,98,98,27,69,85,18,33,86,81,92,39,47,49,0,8,39,55,51,98,93,2,20,52,51,93,41,15
82,89,70,49,98,3,36,44,78,32,44,23,4,3,7,98,49,97,97,84,99,3,79,25,72,83,70,6,36,52,62,79,0,86,56,47,77,67,79,23,73,65,14,25,80,76,59,27,27,83,53,37,70,3,97,88,71,41,63,17,69,9,43,82,87,47,14,28,26,74,22,3,73,32,59,83,95,94,98,27,92,4,8,27,45,13,90,46,59,1,91,26,90,20,8,42,7,1,61,24
29,11,42,4,84,36,4,52,12,35,10,48,40,8,4,93,16,96,66,91,34,33,55,85,37,93,92,54,63,83,32,58,77,32,83,10,69,53,79,33,28,21,15,16,98,81,95,52,30,99,33,23,61,37,94,41,83,28,0,90,25,90,84,47,54,95,29,89,71,8,43,53,63,98,23,49,8,50,64,84,76,87,19,35,92,64,88,67,91,13,76,95,96,56,15,54,37,10,79,6
88,32,49,58,96,87,64,33,69,76,83,88,25,29,7,41,15,38,53,79,94,15,40,87,8,8,47,96,42,55,67,71,11,61,15,46,47,52,95,87,5,73,93,57,70,71,38,75,83,12,22,48,63,96,51,40,9,79,76,97,44,95,67,38,64,52,19,89,45,85,96,68,12,41,65,7,63,42,96,20,46,77,58,63,0,70,51,89,67,63,92,37,7,78,48,70,94,84,80,64
90,74,15,30,54,82,39,65,50,66,65,0,53,81,46,72,13,31,6,82,34,32,5,3,24,32,73,83,79,38,39,39,9,71,11,38,51,23,47,80,18,19,97,31,85,49,76,34,27,77,28,11,54,73,46,92,11,29,88,85,46,49,35,66,51,48,66,9,23,93,2,84,57,5,67,17,0,69,70,94,97,49,95,20,51,6,27,15,71,73,67,1,55,46,80,28,31,12,10,6
18,18,75,76,63,3,4,95,80,39,67,71,56,23,93,61,97,76,73,41,73,35,27,85,98,24,78,98,10,41,95,41,96,70,98,57,57,99,72,87,75,57,68,75,76,15,68,19,20,54,19,2,76,9,16,35,15,71,98,36,19,89,71,6,93,79,52,34,23,83,3,63,7,35,4,75,60,25,82,81,92,72,17,85,29,41,69,86,70,68,39,21,27,73,92,13,1,64,4,85
28,45,84,86,58,72,43,10,44,73,95,83,97,91,12,87,71,97,31,38,95,66,37,10,49,62,19,75,73,50,78,88,52,3,76,36,38,12,25,82,78,51,9,97,84,59,87,8,11,27,51,51,38,38,80,14,50,38,16,78,95,31,86,47,69,14,91,6,73,96,39,60,83,66,10,43,99,30,22,51,41,8,90,94,95,74,17,86,37,98,39,68,80,7,57,63,64,11,33,82
29,43,28,63,65,72,39,93,67,83,17,17,32,36,11,61,82,89,99,10,95,94,55,60,76,1,26,24,7,96,93,54,97,98,40,93,12,11,64,56,32,15,77,2,84,91,68,66,0,73,98,33,24,70,18,58,64,45,61,90,34,46,89,28,20,44,95,59,67,68,29,90,47,68,28,37,38,61,83,32,75,6,95,81,43,49,42,74,94,3,27,76,96,0,91,66,48,25,54,96
47,84,41,65,90,65,29,47,2,38,30,59,12,28,69,43,20,57,72,29,27,16,3,55,6,20,12,99,96,2,64,70,75,53,57,36,22,87,65,24,71,54,41,7,63,48,52,54,24,45,19,17,24,68,57,6,79,29,95,99,67,54,37,90,48,72,41,23,12,45,98,39,89,20,86,80,1,74,64,92,19,8,76,96,11,38,77,46,68,19,30,79,59,14,70,99,82,97,65,58
10,8,35,77,49,34,63,2,72,37,42,10,56,0,96,53,18,38,92,59,69,1,87,53,39,61,94,14,47,96,65,78,94,31,16,26,51,38,61,74,49,77,33,11,60,79,65,80,87,41,65,92,37,12,7,87,11,79,57,19,66,32,48,89,58,54,14,77,42,70,4,79,69,26,65,84,50,22,31,29,48,34,72,59,44,61,46,32,39,45,43,73,61,75,27,77,24,50,44,11
3,80,80,69,94,49,39,33,67,65,80,92,19,21,97,65,51,86,23,12,11,62,81,1,12,3,62,89,94,10,10,88,45,21,37,56,94,82,34,33,18,92,6,42,26,91,21,81,1,64,40,67,31,27,78,91,12,74,17,17,30,83,40,91,21,89,50,76,35,92,46,73,44,19,98,97,40,52,27,49,40,67,75,53,79,11,98,54,33,42,63,41,23,64,55,57,10,88,96,57
39,15,95,65,60,82,52,19,36,6,88,65,17,15,81,35,47,46,18,79,50,97,77,78,32,21,46,33,81,2,23,68,48,72,98,4,87,53,12,15,28,11,78,75,90,36,30,87,19,97,9,70,55,97,23,54,31,91,81,93,9,31,98,60,12,26,30,35,40,15,33,73,67,87,79,21,31,82,85,51,3,79,35,78,2,63,57,7,59,41,45,42,11,95,23,53,37,49,27,74
96,26,72,10,60,29,38,60,27,80,51,86,11,13,96,40,72,31,95,84,24,64,89,43,35,41,12,3,93,34,6,40,11,76,5,48,17,89,80,47,87,4,56,76,51,22,85,40,75,69,96,13,33,91,9,14,68,39,6,70,99,24,6,86,72,91,52,65,65,24,28,15,26,24,80,49,56,27,9,33,95,29,57,14,4,75,61,48,38,43,88,66,10,36,51,44,99,33,69,47
20,85,18,84,85,38,27,30,80,27,12,44,79,86,62,83,64,46,82,68,10,78,72,99,20,93,85,57,45,87,7,96,54,85,26,65,59,16,32,61,32,62,26,81,96,10,3,89,77,3,39,44,4,33,72,58,84,8,81,2,66,65,55,67,7,67,97,47,53,31,0,20,28,53,48,63,46,11,63,54,55,59,20,89,55,62,17,78,6,19,22,71,5,15,13,16,94,35,65,69
22,71,11,90,77,27,61,79,23,79,12,28,58,72,69,34,11,58,63,15,26,45,96,55,62,25,12,40,9,54,97,45,15,4,29,83,77,40,46,97,86,84,56,94,66,94,23,73,21,37,46,33,47,63,35,99,54,19,62,5,19,83,22,85,71,98,22,63,69,9,57,4,21,47,60,44,51,44,9,79,97,35,29,12,3,32,40,82,65,41,57,41,60,11,26,57,47,89,33,83
30,89,52,17,32,1,83,10,57,54,20,99,66,63,1,73,45,77,18,41,98,14,70,51,25,13,92,95,23,57,63,5,74,49,50,39,72,60,71,13,40,41,94,82,73,91,54,46,61,16,10,68,10,92,29,59,52,89,96,16,70,37,0,39,19,40,20,71,21,65,6,55,20,44,21,56,49,30,68,97,83,60,62,79,44,13,93,5,98,8,11,55,56,59,67,79,15,99,9,57
38,8,93,78,81,83,61,60,75,27,34,13,23,94,0,33,1,42,36,33,23,61,3,10,18,45,74,39,28,93,1,13,7,36,71,45,91,11,16,79,86,91,74,10,77,33,47,19,57,72,16,40,51,25,47,54,96,60,63,51,80,62,64,26,85,7,34,48,19,16,48,9,55,67,94,60,29,14,88,72,18,45,70,96,98,39,76,43,21,73,83,45,21,55,83,17,68,44,60,59
67,44,24,53,62,21,3,63,87,16,85,82,27,38,86,39,21,35,52,64,38,30,98,10,78,43,21,21,91,6,10,15,60,78,56,36,2,50,0,8,60,43,93,10,98,91,31,32,86,90,30,10,94,96,63,83,78,39,14,39,7,62,40,26,38,91,45,34,35,6,83,86,30,20,49,27,11,24,86,67,18,71,78,48,54,19,16,55,15,54,66,3,51,77,10,86,14,65,98,6
58,65,14,16,58,82,94,23,27,48,71,48,49,19,44,79,89,63,99,69,8,92,10,69,20,49,83,42,34,59,95,65,83,83,74,48,72,14,25,11,74,77,90,92,64,1,97,75,96,95,13,36,24,90,9,8,53,51,8,73,43,58,44,55,69,99,23,21,69,63,21,58,39,34,87,5,33,21,88,56,18,57,69,33,57,3,51,44,23,47,45,38,22,41,34,27,36,63,80,36
15,33,71,37,94,90,53,81,10,96,2,53,24,56,41,21,34,64,61,35,21,89,62,54,17,25,12,58,73,66,23,95,39,97,34,32,80,71,93,15,53,34,73,75,25,35,27,57,51,64,18,91,4,1,51,74,38,77,22,36,52,87,62,68,10,14,6,86,97,79,11,91,48,77,95,21,42,76,28,63,44,47,42,85,4,87,99,83,3,57,17,16,24,15,78,50,90,89,39,84
88,43,87,49,45,7,4,88,79,13,64,89,73,62,65,64,20,30,63,84,58,86,72,59,10,71,22,52,20,97,29,50,70,31,72,1,62,64,70,4,87,91,14,38,90,44,0,57,44,24,35,73,85,11,39,93,9,45,60,13,33,58,53,92,86,27,4,56,45,47,55,0,30,30,4,94,31,54,30,56,65,23,35,34,90,33,30,93,14,46,94,42,67,69,38,73,77,51,53,68
96,36,66,81,49,82,52,90,40,47,39,12,51,41,94,87,28,71,62,40,44,34,53,72,16,81,93,49,74,67,96,3,2,48,3,11,76,59,15,44,13,83,28,62,61,28,94,0,46,25,14,53,32,77,5,44,14,95,25,70,54,87,4,36,50,70,31,17,42,77,56,90,78,87,8,58,87,17,1,2,86,96,58,2,73,70,18,68,71,42,9,66,57,26,23,7,22,7,25,40
39,96,57,6,31,38,91,75,86,76,39,7,91,39,3,76,44,67,83,58,78,42,16,1,85,2,7,65,73,69,5,60,81,59,36,10,84,69,1,74,18,69,14,9,73,31,96,58,73,75,53,13,78,92,55,53,61,9,49,8,79,99,96,85,57,44,78,41,49,35,83,11,90,12,88,15,87,15,5,86,23,17,0,25,49,80,0,51,91,21,25,26,11,75,48,38,41,97,71,8
38,40,32,25,67,57,98,57,59,20,54,73,42,95,96,59,98,32,42,14,27,16,10,29,71,5,19,19,41,84,91,25,99,5,72,85,12,16,0,48,84,96,84,23,63,91,8,25,76,82,42,24,14,39,81,91,98,69,5,81,8,31,9,22,73,10,7,63,6,52,50,46,14,34,62,95,82,50,18,93,5,90,30,58,72,90,39,63,4,60,12,44,87,75,86,77,38,5,66,18
56,19,48,49,25,43,88,77,74,60,0,98,60,3,68,68,88,25,93,9,25,14,58,8,62,64,82,84,55,84,20,15,23,75,73,68,69,69,79,35,95,5,82,84,89,85,23,89,87,20,2,22,33,61,94,40,60,50,85,46,85,75,54,77,87,70,14,83,62,64,6,47,31,37,70,31,12,97,32,30,52,67,5,80,92,84,17,9,97,41,18,87,22,9,50,58,35,86,31,42
48,99,9,98,7,96,78,91,21,26,70,27,27,37,5,33,10,36,46,99,78,53,83,16,63,26,22,68,35,44,99,25,47,38,20,7,61,2,52,44,71,76,61,55,34,4,59,88,75,19,41,9,86,58,82,27,17,91,77,87,92,96,60,76,95,42,12,79,33,67,94,51,84,52,37,3,50,99,55,25,55,33,86,8,26,43,24,74,54,75,72,36,69,50,32,76,12,34,92,26
58,54,60,55,91,10,39,78,6,81,4,4,82,48,61,88,78,58,16,40,72,59,74,11,8,82,40,32,90,46,88,71,73,25,84,4,4,56,86,5,12,23,79,53,80,7,95,0,17,69,16,41,9,98,7,48,66,24,52,31,89,47,84,67,38,14,0,38,87,49,50,88,80,74,89,13,2,99,27,97,76,26,54,69,7,4,31,46,41,79,79,3,46,25,73,42,11,10,65,45
9,50,27,15,39,32,76,38,38,86,74,70,14,51,91,0,85,2,35,14,17,41,98,76,19,98,26,32,91,10,71,17,36,97,14,93,40,6,48,22,93,4,50,72,71,9,47,34,38,31,66,31,97,64,65,8,37,65,35,12,24,68,50,43,81,13,14,7,52,20,11,40,7,44,89,87,37,12,29,16,84,99,68,86,70,98,68,25,40,3,9,30,54,89,21,1,56,23,63,16
15,58,63,16,1,42,23,23,45,80,30,73,62,59,41,63,39,73,23,53,97,50,47,0,10,41,85,17,53,30,26,21,8,19,25,14,85,75,2,47,53,49,7,41,15,99,2,69,57,94,85,86,22,25,69,60,88,87,18,94,32,47,62,34,87,53,85,47,64,62,92,12,73,35,41,72,17,2,94,18,63,10,88,31,4,85,20,86,87,73,44,12,78,73,83,42,97,43,70,53
87,95,48,61,1,93,43,46,99,64,45,83,74,95,22,88,36,93,74,91,27,26,19,67,17,28,45,95,90,88,10,6,72,3,7,27,47,37,16,43,17,97,24,67,85,93,43,25,8,86,85,83,21,25,94,60,94,49,57,34,17,25,43,77,61,1,83,18,66,93,19,12,55,22,74,0,69,78,93,63,10,19,17,22,89,36,34,78,82,83,70,86,34,55,82,46,40,34,62,34
72,31,57,88,28,59,47,35,89,93,66,24,40,92,16,67,62,1,71,92,79,75,20,53,91,92,83,45,27,37,47,70,73,61,2,30,94,3,39,39,2,78,15,42,20,38,84,43,33,89,9,32,47,88,24,19,97,37,45,22,32,10,15,18,94,68,33,32,20,38,59,73,36,36,92,12,64,84,28,78,9,36,15,9,36,42,61,58,63,74,93,26,93,38,73,0,91,20,88,21
26,64,30,21,58,65,73,26,74,3,69,19,51,59,15,23,4,34,7,88,2,15,67,99,24,89,13,70,79,41,61,74,76,86,24,54,96,35,81,96,17,58,69,71,98,11,19,19,21,4,22,46,49,52,11,75,91,61,31,41,46,83,57,17,66,16,26,45,84,95,90,99,32,49,22,18,15,51,7,15,69,94,19,59,98,29,17,5,49,49,36,4,77,90,67,96,16,53,3,18
31,62,62,21,29,69,12,99,5,54,93,45,62,34,93,32,53,93,52,41,61,6,23,76,8,30,81,42,74,21,79,56,27,34,29,20,11,25,89,27,21,60,95,16,34,8,52,69,11,58,66,68,33,86,92,53,6,59,69,83,93,25,66,36,36,0,21,35,89,46,55,81,59,24,90,28,51,39,69,21,39,30,56,16,8,80,31,66,72,48,60,23,95,76,77,10,41,20,48,70
25,63,25,58,26,76,22,69,99,23,63,37,94,71,37,43,10,69,37,76,57,19,94,58,17,86,7,89,15,45,72,69,98,49,92,66,18,54,91,11,41,25,58,8,32,63,52,51,15,36,53,91,70,46,7,4,11,12,72,10,61,65,58,64,24,95,70,81,64,48,5,23,37,8,94,80,16,15,84,34,43,42,51,30,94,62,42,30,45,45,64,4,48,35,21,28,47,1,93,34
60,0,51,68,70,92,32,15,6,63,86,3,21,10,24,86,82,63,52,79,64,86,8,45,19,98,56,27,55,99,36,62,49,27,42,85,2,58,63,61,63,3,22,34,11,64,75,95,81,49,77,6,34,66,27,59,75,72,58,99,0,35,48,8,23,57,22,12,24,41,3,32,11,7,8,24,16,41,16,72,72,4,57,69,24,58,74,58,99,83,24,75,26,38,4,61,80,66,38,60
88,50,8,25,77,27,63,75,0,44,64,66,27,72,15,8,39,21,71,39,52,72,2,15,57,98,68,5,37,42,12,6,42,24,95,71,94,50,28,61,87,82,97,65,68,89,97,93,49,7,8,50,46,91,71,11,89,34,32,7,16,13,26,96,90,60,59,16,73,54,35,97,17,90,5,68,66,71,1,61,48,89,92,71,8,76,13,36,46,67,5,68,81,26,37,32,0,77,49,81
43,89,24,91,91,88,4,20,31,45,44,21,22,38,24,29,66,99,14,52,88,28,86,16,47,51,13,88,96,43,11,46,95,85,99,63,63,29,40,12,27,37,1,44,61,42,71,57,69,16,15,41,75,82,35,39,35,94,65,86,94,7,15,78,30,8,15,41,78,64,67,81,8,45,26,62,31,22,97,38,29,79,92,34,55,79,21,40,49,73,39,45,74,36,52,86,71,67,25,22
8,30,56,35,63,95,17,35,46,74,18,22,49,48,76,39,36,82,42,63,19,6,25,29,44,46,43,41,91,15,65,96,33,22,68,38,66,17,39,91,88,72,51,34,90,18,69,8,91,53,84,6,36,74,92,79,88,50,31,4,81,78,99,25,5,48,37,41,69,32,60,51,87,47,83,37,95,47,21,25,94,72,35,87,18,29,35,41,62,56,88,59,42,61,14,44,85,93,89,5
39,52,27,69,38,16,86,29,17,93,32,39,90,91,73,98,77,27,44,37,14,63,2,42,98,11,16,81,35,72,31,53,49,61,77,23,80,49,64,87,3,66,20,21,56,31,8,45,50,24,89,58,20,63,29,48,24,62,59,8,8,26,36,11,70,59,18,0,87,38,86,54,86,68,20,62,82,80,7,78,37,84,35,72,25,16,66,65,80,89,59,46,29,42,75,36,59,10,54,44
38,77,91,63,33,8,35,56,41,96,19,29,9,51,6,47,51,91,56,39,47,87,18,69,16,73,72,39,39,25,81,7,1,85,55,22,33,26,82,11,46,45,23,64,14,76,89,95,31,0,0,24,29,22,34,43,15,25,35,26,43,74,22,82,19,11,59,63,61,2,41,41,79,55,87,97,62,81,94,17,86,61,9,9,21,96,29,23,96,1,65,46,38,12,91,27,6,85,22,17
82,4,35,51,70,89,59,0,46,52,79,75,42,77,7,29,60,91,57,37,49,58,53,18,61,82,82,96,17,15,44,52,63,7,21,10,41,99,96,18,60,31,17,75,80,9,82,93,17,65,90,25,8,15,91,87,56,25,4,16,4,67,97,34,53,9,20,33,42,10,36,67,88,40,51,68,89,23,82,77,37,91,18,71,87,93,76,85,90,61,28,27,51,48,6,45,40,65,93,76
71,49,62,11,29,48,95,58,87,59,4,96,15,45,35,76,4,34,14,51,43,99,95,61,14,63,42,38,39,58,7,95,82,77,11,53,32,71,31,33,4,92,91,11,20,83,94,78,1,69,12,31,28,33,14,38,29,38,25,36,78,66,69,2,50,73,13,58,84,65,96,62,90,10,60,74,7,65,47,39,61,99,11,6,21,43,27,58,92,5,52,80,26,79,30,93,10,61,79,98
62,58,70,95,15,29,46,76,25,18,42,38,15,87,37,79,77,55,38,86,75,63,46,10,47,38,43,21,40,90,81,72,2,66,96,50,13,87,33,22,9,60,10,99,13,66,12,20,13,84,89,9,14,40,15,41,40,75,32,88,7,40,11,49,10,1,64,82,58,9,73,36,36,2,80,47,54,47,91,17,72,46,86,31,65,49,19,46,98,46,40,96,74,17,6,84,21,62,8,7
33,9,70,37,90,51,0,12,5,42,31,72,38,56,98,20,12,17,55,12,4,3,17,92,3,7,77,18,21,83,37,9,41,70,57,18,53,56,58,76,92,4,42,51,73,96,53,72,20,84,82,53,15,38,85,0,37,98,61,39,26,34,19,76,52,53,1,75,60,54,5,77,22,12,11,6,62,56,30,64,39,71,72,59,54,11,65,29,12,41,53,71,85,56,89,97,85,81,35,3
25,55,71,53,91,30,10,67,92,13,39,6,18,41,21,46,6,21,60,13,12,68,72,1,78,38,84,34,92,58,9,87,25,72,98,27,99,79,24,68,60,68,18,16,21,75,10,92,22,38,60,54,45,3,77,6,88,70,40,37,60,61,69,47,15,53,43,43,26,95,12,73,45,23,20,25,77,4,82,15,23,44,3,71,55,64,17,29,72,61,49,53,87,14,90,54,99,46,21,10
68,33,6,72,5,83,77,45,56,65,70,47,72,32,42,4,26,24,82,11,61,63,59,18,52,47,5,37,22,15,66,14,33,49,62,83,4,23,4,92,27,24,52,65,74,99,49,89,58,65,31,60,95,12,17,52,63,26,93,99,36,7,4,9,69,67,25,74,3,53,22,54,87,12,2,81,65,71,48,30,27,78,69,31,4,31,44,76,76,59,34,42,64,0,72,30,64,84,86,78
85,24,76,76,18,31,47,67,76,13,94,35,89,68,18,53,57,54,84,80,51,97,4,47,63,8,54,61,54,60,97,7,99,96,67,68,70,17,48,30,23,57,36,17,4,94,20,94,21,96,57,42,60,40,68,53,68,25,37,2,19,90,95,25,17,64,90,52,77,42,76,27,35,83,66,31,0,69,38,98,77,8,95,5,27,5,69,58,88,9,3,81,27,22,67,39,90,58,75,39
89,55,59,25,8,63,64,56,65,3,93,48,8,31,89,29,48,35,23,99,38,25,26,7,74,88,81,50,51,28,32,9,36,15,33,97,81,0,13,98,79,99,96,92,32,70,4,6,71,67,94,67,15,18,79,22,25,53,57,69,59,99,67,2,76,11,51,79,14,0,31,33,27,79,19,16,13,23,24,41,48,16,79,60,71,86,25,8,78,69,12,90,6,3,32,15,8,86,8,87
65,5,52,31,35,87,50,66,72,91,97,92,79,90,41,39,17,6,22,72,18,75,29,71,62,88,57,26,67,89,64,28,27,93,81,17,52,11,58,14,8,22,22,33,56,34,32,11,89,37,16,98,13,91,56,92,68,2,12,61,99,27,95,39,75,82,17,72,71,72,21,86,94,60,80,75,36,3,65,86,80,37,40,78,44,90,46,10,35,5,46,75,3,60,34,91,94,21,22,39
46,58,30,24,18,61,59,10,45,18,31,69,90,5,26,49,65,51,98,37,40,53,19,8,58,77,32,17,55,34,6,10,98,91,38,60,39,16,79,62,52,94,74,91,2,40,86,25,14,2,12,64,62,62,11,88,34,25,77,41,43,13,98,49,56,61,99,36,13,99,40,51,97,3,2,1,4,76,79,76,13,56,84,21,79,95,97,88,58,69,26,6,45,74,94,84,98,8,12,62
26,9,49,93,77,62,96,63,61,71,46,45,67,12,67,17,99,82,83,26,22,12,86,82,39,69,45,60,42,71,21,50,75,57,55,85,22,2,15,0,65,87,27,20,69,19,24,87,63,97,95,36,74,30,69,30,85,58,93,95,38,34,3,62,82,76,58,26,2,24,63,21,43,18,94,5,22,44,43,45,66,45,69,17,14,24,91,97,32,33,80,47,68,74,53,43,55,39,26,92
75,11,81,14,44,5,66,76,93,56,52,96,57,31,11,65,38,45,49,73,16,49,59,91,14,90,91,24,61,40,10,87,38,99,48,31,75,64,1,46,84,21,36,91,8,97,43,76,2,22,86,58,76,28,25,3,26,3,33,95,17,92,87,47,92,5,36,51,41,87,1,9,13,2,62,87,62,4,34,26,2,74,82,70,12,88,64,7,50,80,40,65,30,47,9,72,63,44,41,70
89,98,63,55,86,20,95,80,51,60,0,84,46,74,54,91,61,66,42,24,12,38,11,78,69,1,96,7,73,17,32,34,52,0,82,55,10,38,37,5,40,60,5,0,50,36,49,57,15,70,36,76,15,95,10,25,74,49,12,51,17,47,36,29,26,35,44,13,16,77,54,23,89,70,73,24,98,27,71,58,57,57,10,77,35,90,50,11,35,25,0,75,58,14,77,79,85,50,95,54
10,31,9,54,1,53,39,91,46,68,0,92,36,49,55,38,39,64,98,55,3,24,53,65,10,51,52,6,16,48,72,56,83,55,3,89,25,68,0,45,94,89,21,59,15,82,97,19,45,79,38,22,68,69,23,9,35,93,60,28,97,10,23,41,3,90,67,41,48,53,8,38,30,70,73,13,58,86,62,20,8,15,10,60,90,14,90,69,15,25,85,33,24,29,99,43,22,83,53,42
15,58,82,63,63,66,52,80,39,40,59,93,88,47,59,81,22,41,53,62,77,90,15,42,82,3,13,44,7,75,37,55,93,97,32,86,75,37,70,44,76,28,79,91,13,15,48,56,96,31,90,57,93,97,7,47,95,29,37,87,32,97,20,1,51,24,20,1,91,8,28,66,17,45,88,56,3,48,37,34,15,96,95,21,35,93,16,76,90,39,63,0,56,73,76,92,72,36,51,71
7,38,1,94,71,33,56,98,58,13,39,94,28,24,57,66,50,14,98,92,76,9,95,56,55,48,24,35,25,9,93,76,52,43,22,12,9,90,84,24,42,42,20,57,26,35,99,68,48,81,77,80,92,62,64,33,93,97,69,95,82,47,33,16,8,20,85,7,60,69,56,98,39,84,98,43,49,5,95,91,0,1,54,56,82,48,72,77,90,81,89,4,30,65,20,55,97,93,60,92
59,66,80,52,5,70,61,28,63,54,35,40,62,66,64,55,16,90,5,43,38,31,39,17,37,53,70,94,93,64,63,55,15,21,75,87,84,9,99,43,13,90,96,9,94,81,68,58,51,63,75,7,5,11,75,35,60,2,71,64,13,11,72,79,60,22,90,65,32,8,22,40,98,24,38,24,16,2,16,88,42,65,44,1,48,90,34,85,15,19,63,92,34,10,85,17,33,17,9,32
97,52,54,97,87,98,48,16,8,75,90,58,82,50,54,65,9,67,55,25,25,10,49,20,39,56,1,4,83,42,0,19,59,28,29,60,15,22,55,89,86,94,45,20,58,75,99,76,13,59,62,33,38,45,39,63,83,85,44,77,69,45,42,34,74,96,41,61,68,25,91,79,38,91,46,18,64,80,72,36,4,9,3,1,31,93,71,30,44,30,15,4,71,21,57,89,35,17,5,14
58,28,36,2,84,97,20,63,40,77,80,51,42,29,39,42,64,34,69,95,0,62,81,49,94,64,99,48,28,10,33,17,82,17,90,43,28,96,23,36,35,62,30,64,80,40,73,52,28,4,83,28,25,34,58,99,98,48,21,76,58,75,42,11,11,37,88,32,47,45,91,36,72,47,53,67,36,89,9,99,68,59,55,55,66,9,54,95,2,54,94,8,73,5,99,23,74,56,24,15
83,35,52,80,92,12,54,84,79,97,96,6,55,63,66,54,50,39,30,60,31,27,88,7,62,52,68,22,71,25,40,59,1,67,67,72,59,77,13,76,94,55,24,62,66,8,72,76,71,69,13,63,28,93,69,63,83,26,85,67,85,22,88,48,13,72,87,8,84,41,93,57,87,44,31,82,8,14,21,30,88,2,71,28,62,45,58,64,82,14,87,16,53,38,30,31,68,50,41,63
20,98,8,1,59,91,21,43,82,32,84,74,17,43,45,42,49,27,63,0,41,81,17,3,10,52,56,86,44,42,92,9,70,58,4,51,55,24,4,61,72,12,98,98,34,31,98,94,60,27,43,68,14,21,83,60,32,90,91,55,70,79,56,48,14,58,42,63,61,95,34,55,36,4,7,16,27,82,70,72,67,76,76,45,31,13,46,9,4,22,99,84,11,14,57,10,58,23,89,13
15,94,63,99,61,70,67,70,95,5,81,91,11,64,4,38,54,10,17,48,78,13,72,39,49,26,51,40,83,11,31,29,32,6,13,6,41,96,2,59,56,59,16,73,87,42,68,46,5,51,20,9,17,83,77,31,6,11,15,97,92,19,26,40,47,45,54,63,24,3,11,3,5,73,50,7,96,57,79,80,34,41,15,5,30,41,32,1,52,2,56,70,86,23,15,52,10,22,33,28
55,15,7,90,10,78,95,80,30,70,87,25,55,3,11,20,28,20,39,87,5,58,15,31,48,3,82,47,47,54,2,93,58,64,74,73,35,58,92,6,76,58,14,86,86,14,51,54,40,87,99,83,23,40,63,59,59,42,7,92,96,64,6,8,20,62,68,43,48,18,88,97,23,91,5,24,6,92,11,22,42,61,83,83,24,71,84,7,10,86,17,31,76,45,60,7,38,8,36,15
30,69,39,99,70,94,92,5,55,40,36,45,37,42,84,33,14,64,82,35,47,25,13,45,43,84,12,71,35,76,40,63,91,80,57,66,45,7,62,19,8,67,41,94,9,9,35,36,79,81,61,94,82,53,15,20,60,53,11,19,60,1,82,22,40,38,35,50,22,90,53,41,35,79,94,87,83,80,74,0,2,37,10,65,20,80,71,69,53,1,79,44,56,26,35,5,1,92,56,24
46,59,87,63,7,12,55,65,46,81,25,22,70,53,36,56,45,88,17,37,57,63,42,86,43,8,42,74,34,45,52,32,68,5,49,74,8,41,77,63,23,86,2,48,77,23,48,6,40,23,92,7,68,75,4,80,55,92,57,63,56,81,64,14,21,90,3,64,10,82,35,67,78,13,55,60,62,27,24,88,49,50,85,99,86,2,83,55,50,80,2,50,65,41,78,93,16,89,32,75
5,40,53,82,14,39,77,9,33,52,94,69,97,37,8,81,95,80,41,18,0,61,22,41,66,72,16,26,35,33,81,6,89,50,72,3,40,72,92,74,90,66,5,43,76,36,93,2,63,56,37,19,58,75,60,35,99,50,70,37,82,87,34,44,18,28,7,71,43,52,40,82,76,50,90,35,1,62,15,84,50,98,56,52,31,98,22,72,65,12,70,5,34,48,27,96,56,3,34,94
83,39,56,94,77,23,36,0,29,25,35,25,8,74,61,49,56,54,14,9,58,5,50,75,54,30,40,15,91,22,97,0,90,41,45,59,0,86,39,96,3,84,77,60,25,65,88,64,17,10,13,56,0,54,66,86,55,90,96,10,55,18,21,12,13,89,51,34,53,13,19,28,8,18,29,13,13,71,13,78,53,36,87,71,73,90,40,76,13,64,84,54,4,62,37,98,59,89,10,2
8,83,77,0,95,85,55,8,52,43,32,10,0,94,12,49,3,62,2,83,47,20,20,85,58,87,97,44,62,63,65,34,1,2,36,59,73,63,50,1,62,61,2,50,83,66,99,18,52,89,43,91,97,49,96,49,89,20,73,52,30,37,62,92,72,78,60,10,17,61,19,97,95,89,22,39,42,82,45,82,54,3,31,77,8,41,80,65,29,9,94,67,4,61,39,60,53,59,33,80
0,3,66,62,36,68,29,81,92,51,62,29,59,49,87,33,64,35,31,34,39,15,91,60,63,72,65,28,28,62,20,82,81,61,71,94,43,2,38,39,90,50,38,27,77,46,62,50,36,50,18,74,5,5,4,72,12,38,27,58,58,19,40,48,69,43,89,20,45,6,92,34,31,97,81,29,15,75,88,26,33,24,77,90,44,11,70,87,10,95,95,52,9,68,21,50,52,65,77,4
66,20,66,49,28,49,38,34,80,71,73,42,94,35,92,91,68,22,4,72,30,83,99,40,58,56,28,95,93,71,92,6,15,93,61,61,0,21,66,94,34,98,70,5,8,16,30,12,90,18,14,4,60,90,36,77,13,36,44,11,96,49,55,15,98,92,27,18,44,39,57,77,24,85,46,1,22,47,0,1,64,73,81,55,75,80,30,67,27,26,1,8,30,90,77,57,52,17,7,44
27,14,15,35,58,55,57,39,61,68,62,74,4,38,83,20,72,4,84,38,10,74,11,8,35,96,48,74,6,93,70,42,98,90,43,64,39,17,52,30,92,91,12,47,48,26,26,52,18,64,20,47,19,62,83,80,38,21,73,9,42,35,54,65,36,26,2,37,81,78,58,15,68,40,17,21,34,3,42,86,41,46,72,32,47,93,0,31,28,26,20,98,2,24,17,4,58,43,92,12
11,10,7,98,93,63,75,38,24,13,97,28,63,12,61,3,40,92,78,2,12,12,37,93,96,43,30,72,51,10,25,67,85,46,39,86,22,87,20,20,68,10,77,68,61,4,86,15,15,53,46,21,39,97,68,82,42,65,34,29,44,37,85,77,39,81,91,72,95,58,65,46,24,41,73,74,17,19,29,44,13,60,39,95,20,10,8,70,71,13,44,26,85,73,39,34,57,60,86,68
41,42,33,64,42,63,10,59,59,1,28,46,36,23,25,49,96,47,82,35,2,27,4,56,97,94,32,51,83,98,72,5,80,45,70,82,8,78,98,15,31,66,80,54,82,21,96,19,98,99,94,3,93,88,62,39,17,52,52,70,41,59,94,68,15,69,98,97,36,94,99,86,95,94,5,22,9,91,37,44,43,12,95,1,11,47,19,70,92,71,87,25,47,8,51,29,18,47,66,59
33,45,13,87,94,73,71,96,51,31,59,29,82,97,51,65,7,36,14,46,66,91,52,19,85,24,19,15,31,71,18,58,98,74,70,47,62,63,57,95,59,1,10,54,20,73,8,39,99,12,31,87,28,19,13,63,15,36,54,27,35,85,22,61,17,22,12,62,3,79,72,15,0,72,63,82,16,70,47,84,74,31,90,77,38,81,76,40,66,67,25,1,36,25,17,20,21,15,46,39
2,23,88,28,20,48,9,38,83,22,12,6,60,71,12,67,27,63,21,83,92,53,23,56,46,35,8,19,90,61,69,3,42,41,13,74,22,70,96,38,61,98,14,67,32,74,68,37,24,23,58,33,10,71,72,93,12,19,51,54,88,59,7,81,53,42,2,42,9,37,64,61,9,87,51,58,16,96,90,76,92,87,65,47,20,41,65,36,11,56,66,54,83,69,58,66,8,79,24,86
95,33,78,4,76,19,25,43,83,4,95,16,16,96,72,99,46,85,36,4,95,44,96,61,35,44,29,50,81,34,16,92,75,47,57,55,57,87,57,26,5,58,86,29,79,78,49,87,5,21,63,98,94,9,50,33,95,55,1,28,24,40,63,67,53,6,53,17,52,19,42,96,82,87,35,42,42,81,4,98,47,1,18,14,23,21,85,93,57,74,93,90,40,93,72,43,5,15,74,91
26,22,90,27,82,70,55,64,33,49,99,17,94,24,27,55,84,18,22,37,20,82,69,65,94,37,25,45,83,85,53,4,83,2,59,25,81,4,24,63,7,14,84,42,16,26,48,82,41,73,60,13,5,58,81,20,45,11,32,19,46,37,17,14,10,54,54,65,23,40,16,70,88,59,48,62,30,24,1,18,91,10,9,42,82,31,54,1,34,73,35,39,8,86,55,94,48,57,19,75
60,78,43,30,85,82,15,66,89,29,56,37,26,61,91,6,64,12,15,21,96,54,98,55,88,8,25,47,20,69,65,27,0,79,23,83,22,46,89,21,15,78,47,44,81,2,87,3,83,90,0,15,8,61,47,41,82,32,73,99,27,48,86,5,92,18,98,92,54,50,33,51,58,85,65,58,52,33,60,44,67,64,78,16,33,79,92,68,6,61,74,39,64,39,24,98,62,84,51,86
89,83,68,12,76,53,42,29,4,21,49,21,72,34,87,64,32,29,10,28,37,20,49,58,4,2,40,96,39,84,71,16,9,90,70,24,99,4,75,54,49,0,97,30,18,81,29,30,36,1,57,42,77,88,61,54,3,9,25,89,35,26,0,35,91,89,23,4,58,78,71,80,6,13,73,3,10,48,96,71,30,48,37,12,87,61,10,36,4,84,25,52,58,95,28,11,13,25,35,50
8,99,86,56,48,47,33,97,66,11,50,3,98,38,49,64,83,36,32,91,39,83,54,81,33,3,63,84,87,50,5,40,15,52,48,30,70,83,65,95,19,75,73,61,71,27,46,21,25,76,83,45,73,14,61,24,10,80,79,9,48,28,98,9,18,85,62,30,1,33,72,64,54,76,28,66,53,39,72,87,13,61,96,91,70,77,10,14,75,52,98,83,97,10,82,1,81,16,99,91
16,26,43,22,73,16,4,30,45,13,7,38,48,68,39,20,89,51,77,89,94,59,79,65,81,2,53,12,3,24,71,86,68,92,18,12,18,30,44,80,27,15,91,94,48,61,22,97,34,90,41,15,72,36,70,24,29,27,94,98,82,38,43,38,16,64,73,43,71,55,20,9,70,60,59,96,6,35,67,14,74,92,87,3,34,11,8,28,93,4,70,8,69,4,26,24,53,85,68,25
