83,50,31,39,39,83,3,51,34,26,91,93,39,34,91,95,62,79,63,74,62,90,44,64,0,85,90,94,2,85,29,78,80,67,63,43,63,64,49,5,4,98,59,53,7,5,99,17,24,91,66,28,56,85,38,37,9,50,52,2,25,65,73,22,97,70,41,56,65,46,3,7,49,86,44,58,78,71,64,59,70,28,15,69,43,43,55,44,47,45,57,91,49,97,13,56,92,37,79,66
45,14,67,36,84,58,15,42,0,83,69,63,20,37,35,70,77,93,55,69,1,82,95,63,22,90,6,21,37,91,90,58,3,79,21,5,50,89,32,84,61,89,75,31,29,28,22,41,36,10,46,35,3,29,68,72,92,71,51,45,75,63,49,15,3,93,91,17,34,49,10,24,49,78,31,11,33,96,36,76,42,2,45,35,26,94,73,60,52,45,44,47,79,55,10,53,33,81,59,10
25,36,43,63,24,57,54,72,1,68,16,6,65,50,23,60,42,61,93,69,36,7,46,28,85,13,55,12,1,22,17,45,74,7,61,15,26,19,23,98,17,81,47,43,67,82,96,75,90,69,58,50,37,49,72,12,11,19,45,64,27,48,71,49,38,98,1,54,20,39,27,53,92,32,41,60,2,41,89,72,99,72,70,88,71,84,38,82,84,51,20,37,63,24,91,20,60,85,31,50
52,53,68,88,39,99,2,63,56,51,85,35,0,36,70,33,94,23,88,84,58,82,24,0,17,6,8,27,61,64,6,25,99,2,16,80,37,99,86,42,63,12,64,35,29,63,58,98,3,10,67,95,73,88,48,71,50,77,66,25,5,35,51,74,1,49,11,72,43,16,20,47,94,97,26,81,36,95,30,48,8,94,77,86,50,69,98,80,76,17,50,31,11,26,62,98,51,63,19,25
12,2,25,92,16,86,0,92,90,53,61,62,98,55,41,34,61,17,64,6,88,2,39,81,23,20,39,39,23,7,18,91,5,56,53,84,3,89,21,93,66,70,84,52,90,79,36,46,61,35,38,69,46,29,77,75,98,59,94,55,11,30,87,34,49,88,68,32,90,29,22,28,54,76,95,38,42,73,32,0,14,81,66,54,71,10,72,48,4,26,74,28,81,91,95,21,53,41,97,90
81,75,29,24,42,51,98,32,88,86,16,77,13,93,2,79,5,24,17,25,52,24,32,0,63,58,16,29,8,54,25,7,64,21,72,7,3,89,93,35,54,72,12,65,66,81,51,94,5,11,63,5,71,98,96,70,91,64,64,5,7,1,8,36,71,15,38,98,88,45,95,25,62,59,81,63,40,23,5,33,68,79,54,17,84,16,30,14,87,72,66,90,30,92,86,88,49,87,68,12
2,15,49,96,18,1,78,0,80,29,88,98,96,17,39,81,64,75,13,37,41,46,99,16,72,60,99,87,20,48,20,99,73,66,71,43,72,1,75,40,9,73,11,88,67,49,97,16,90,61,59,25,31,51,26,94,77,37,14,37,7,31,28,11,44,16,41,70,78,0,64,94,84,76,68,4,67,6,96,11,95,50,26,44,55,78,87,29,54,19,16,86,42,18,59,2,83,75,66,13
26,52,50,71,60,14,77,24,94,92,8,98,50,72,47,89,83,24,42,53,63,50,89,39,53,89,10,66,95,0,55,85,3,61,88,46,70,39,6,25,66,72,26,32,48,86,49,16,82,92,24,93,75,98,69,26,29,55,0,27,0,96,53,88,96,85,10,61,61,50,17,44,1,33,5,34,32,76,66,89,11,79,24,87,18,35,35,33,96,56,45,71,85,37,85,24,35,47,41,26
98,1,64,32,61,79,81,72,7,89,16,56,40,56,66,28,18,60,85,67,47,21,97,56,59,24,30,64,39,60,64,37,69,99,81,89,60,67,7,13,40,55,24,89,76,79,94,47,96,91,37,84,22,53,9,46,57,81,30,84,92,42,7,23,61,27,74,51,77,92,69,22,80,60,86,97,79,29,49,34,15,30,56,20,33,72,32,51,56,23,38,4,42,41,46,4,98,83,87,59
95,91,61,83,35,73,41,59,81,1,66,93,64,63,85,76,56,79,94,97,43,16,62,36,48,36,78,92,25,21,86,67,8,87,43,95,60,94,54,39,45,67,5,50,10,28,78,46,8,33,88,48,27,7,30,89,8,71,98,94,22,74,69,1,19,92,21,55,92,24,70,5,17,32,67,7,26,14,85,60,31,55,93,25,87,99,10,41,49,43,2,74,16,22,77,95,84,71,85,26
66,48,46,29,28,64,63,44,39,81,11,65,90,28,45,8,80,6,5,14,83,79,54,94,16,77,98,67,87,44,43,26,74,9,29,63,42,74,97,42,55,57,7,29,6,93,84,29,97,78,96,51,70,75,19,72,85,47,16,56,11,61,53,53,29,22,62,76,95,74,42,5,54,74,51,76,93,81,83,27,91,28,11,12,78,72,56,77,15,40,50,67,2,69,93,91,3,23,16,66
39,64,76,61,73,96,33,87,68,80,13,27,42,72,93,85,11,29,34,92,20,52,93,82,3,85,46,97,19,95,68,47,10,77,17,97,31,27,14,48,72,23,98,17,81,63,48,83,45,7,59,98,9,3,41,47,6,23,12,63,42,0,62,2,28,69,69,54,17,30,30,1,39,17,50,28,24,50,90,68,24,33,77,87,81,0,66,8,11,82,84,69,91,88,89,63,98,91,6,72
19,39,89,4,27,18,82,41,68,88,52,82,96,76,76,2,57,49,31,79,6,75,53,98,63,73,10,55,50,11,74,58,48,80,10,35,34,11,25,47,61,44,22,80,34,59,10,93,96,96,62,55,63,25,87,63,41,77,26,20,33,93,92,9,73,30,30,2,34,0,7,11,22,26,71,78,48,38,5,53,56,70,89,13,86,9,22,79,50,5,7,0,99,94,57,4,37,58,49,99
97,15,33,93,23,5,60,8,3,50,52,77,69,39,57,3,36,54,83,95,90,73,5,9,88,66,43,5,36,10,99,83,29,10,86,13,10,15,13,22,7,38,95,3,44,96,9,82,63,40,33,87,32,13,46,57,89,20,20,5,96,71,8,83,41,85,34,6,96,82,26,85,5,2,59,7,48,27,39,35,8,12,21,39,48,9,88,11,36,0,11,23,34,97,31,74,52,67,89,69
48,36,19,75,59,15,63,3,34,32,5,37,63,37,33,6,71,81,96,68,2,19,17,25,41,72,77,43,56,80,36,65,39,11,39,58,78,17,87,81,2,25,20,0,4,16,87,57,25,56,34,50,32,0,73,28,38,8,46,73,20,89,18,87,40,20,20,1,11,82,67,53,43,17,56,24,24,12,26,51,65,52,61,23,80,91,87,99,4,32,78,65,68,65,72,11,28,67,64,8
28,61,36,57,73,56,76,73,41,65,55,81,87,31,91,45,87,21,7,43,37,10,96,20,84,69,96,52,2,36,31,20,55,79,57,30,2,81,22,96,76,72,24,67,12,23,30,10,10,29,54,76,17,68,25,67,31,84,48,83,40,75,95,91,98,90,94,23,83,94,28,95,78,24,75,20,72,26,87,1,79,4,7,70,25,28,45,56,27,86,79,48,22,87,2,27,51,66,76,18
10,85,11,16,73,82,4,81,38,9,22,74,28,29,30,60,44,36,64,41,59,72,6,6,9,90,57,26,44,37,98,92,95,27,62,10,38,73,49,58,31,56,38,46,44,33,84,19,91,29,98,21,11,1,63,79,13,67,68,26,7,94,24,97,73,44,27,89,14,33,16,66,86,11,52,83,34,71,39,30,98,39,98,80,35,62,44,96,97,85,35,18,38,62,10,48,57,24,84,25
3,59,44,86,12,58,68,75,16,39,5,42,92,98,49,91,83,94,68,12,93,74,33,15,31,95,45,18,26,51,14,95,75,98,30,66,24,9,58,65,24,74,50,59,41,46,51,0,79,86,52,41,70,52,84,27,17,9,4,23,89,69,17,33,40,19,40,81,87,16,38,16,96,39,28,68,14,95,88,41,51,36,31,19,16,8,2,96,95,10,67,62,98,26,64,37,76,61,72,52
96,55,91,47,23,98,69,58,31,25,27,76,71,83,9,72,2,62,39,48,55,33,63,4,87,14,17,86,30,56,21,15,4,77,99,71,65,20,53,77,15,11,82,67,75,44,50,54,33,2,73,41,60,7,7,76,63,0,54,68,77,45,80,9,71,32,11,29,45,69,54,12,99,27,91,61,8,85,91,13,68,52,62,74,42,42,91,99,56,30,20,43,63,96,96,99,36,58,38,34
73,87,82,24,66,7,42,75,4,42,59,66,83,36,60,19,8,42,87,73,30,54,15,95,71,83,73,69,59,36,59,33,8,56,80,61,9,9,9,87,88,10,98,41,12,2,4,45,84,86,36,66,74,90,14,77,96,24,19,70,65,38,13,53,82,92,8,50,67,31,38,19,0,21,57,46,45,5,1,98,1,38,69,89,20,28,98,35,8,55,91,23,30,4,69,53,59,30,23,0
77,30,51,97,49,8,35,0,90,43,94,20,51,71,78,47,55,85,11,95,86,27,84,68,53,86,67,54,39,94,96,63,18,86,94,71,1,98,40,76,96,2,10,85,86,32,36,3,20,25,81,8,62,92,26,80,75,16,27,93,66,1,59,98,47,59,3,40,81,79,56,34,2,67,22,79,98,93,78,78,90,92,60,18,44,59,14,88,99,82,44,99,20,6,84,78,0,29,68,32
66,84,16,89,33,19,62,9,27,31,64,20,93,54,39,45,32,35,90,56,29,0,3,26,21,66,24,63,28,44,51,24,82,65,35,34,52,12,53,4,53,13,90,48,75,67,76,74,66,40,84,39,83,13,24,84,1,56,54,28,31,56,77,78,62,72,61,48,72,43,57,90,84,24,29,23,17,54,88,71,25,11,28,50,66,11,27,64,56,64,22,30,54,80,62,76,47,72,22,97
65,88,32,1,52,7,28,33,94,77,82,54,7,20,44,72,61,24,16,98,18,31,49,84,17,82,58,49,87,90,3,87,78,87,99,83,21,71,35,26,7,58,29,90,99,29,2,74,97,22,10,43,27,0,26,68,3,32,0,73,4,80,47,94,64,40,74,66,52,87,14,81,59,79,76,87,86,85,54,0,21,95,70,77,59,80,25,27,84,48,13,8,41,41,14,7,46,66,20,89
15,87,14,94,24,10,64,33,54,69,34,86,95,8,80,70,91,78,10,88,65,4,25,38,81,70,53,46,68,55,99,32,39,12,18,11,74,12,85,65,28,51,88,67,3,57,84,32,57,78,94,49,6,73,36,23,2,10,63,42,59,45,93,16,28,1,30,38,86,81,71,77,52,2,15,52,2,66,45,73,70,89,64,63,98,91,38,40,46,38,56,33,99,42,90,55,27,34,19,87
91,69,1,87,2,51,43,88,87,91,57,92,54,99,92,53,54,42,50,92,35,57,76,36,43,48,28,63,54,24,88,96,98,72,84,62,98,65,69,8,91,92,94,34,66,90,63,21,69,34,5,55,28,47,28,86,44,64,58,83,34,99,89,47,63,62,84,18,93,49,20,96,86,84,64,9,68,68,4,28,8,31,47,41,1,53,23,81,89,74,59,59,56,85,79,52,85,11,53,83
69,46,92,95,7,5,77,59,34,97,51,41,74,84,24,98,61,22,74,18,87,54,24,31,2,45,16,77,12,2,3,13,51,96,5,46,55,45,83,10,26,44,52,74,32,15,3,86,26,63,55,16,54,32,12,71,90,60,54,8,98,69,53,92,75,88,88,45,85,6,96,32,77,45,84,16,73,42,29,22,39,23,76,96,8,12,53,8,58,44,65,81,16,98,60,85,46,29,76,96
61,30,37,88,20,9,6,46,50,27,46,9,96,86,56,42,88,90,73,20,76,89,51,57,16,39,0,7,70,4,85,34,73,34,5,74,49,59,42,29,79,44,26,2,33,73,12,49,32,46,73,29,46,73,74,40,2,74,77,62,45,4,12,87,70,38,15,31,6,63,88,13,59,30,93,35,94,75,62,46,64,75,85,62,30,43,41,46,93,24,50,42,25,45,48,57,27,38,26,9
70,38,49,90,50,17,26,28,19,93,24,65,45,95,77,63,70,72,49,34,94,81,80,39,36,56,69,94,93,18,75,78,84,3,4,23,21,65,42,83,20,2,89,45,99,96,77,76,76,46,72,17,72,45,95,85,72,49,7,94,11,18,66,93,98,55,2,28,24,58,5,1,25,66,98,59,85,99,8,65,11,5,32,91,0,36,15,93,31,18,71,35,90,82,91,85,27,89,81,31
2,40,35,23,58,46,74,35,32,80,43,75,46,27,61,43,6,2,68,14,51,77,64,71,13,17,21,73,82,54,23,66,40,55,67,4,79,94,21,20,23,48,6,61,75,79,57,34,29,66,53,19,18,54,54,42,46,85,37,50,29,85,75,53,93,95,78,8,20,40,79,47,82,17,0,71,65,74,38,3,5,2,31,94,78,92,86,90,73,40,11,33,7,82,66,34,73,31,64,87
85,78,33,84,27,63,51,93,44,86,15,47,43,69,34,79,85,51,86,57,51,68,51,99,20,66,79,11,22,25,25,41,35,32,2,34,59,60,93,55,79,95,29,82,26,54,50,60,26,23,80,67,20,15,60,19,7,20,30,12,49,7,53,38,40,21,54,14,29,91,91,85,12,48,70,8,59,38,7,42,53,82,88,58,99,10,52,92,26,77,47,55,53,78,27,87,17,9,14,52
34,56,12,87,66,5,76,80,2,17,0,58,97,61,28,0,24,41,57,73,4,76,51,78,56,62,28,15,42,61,13,51,97,98,66,14,41,83,98,19,82,40,74,23,68,66,22,45,92,4,76,39,17,65,96,89,14,44,88,29,36,24,47,64,76,71,95,57,89,13,81,80,96,65,25,85,97,52,30,62,71,79,52,23,37,41,1,18,16,74,55,75,29,58,52,7,91,85,0,44
30,75,96,16,59,17,28,0,16,56,46,43,24,22,67,18,44,15,47,31,29,16,33,37,54,4,41,7,55,85,57,95,28,90,63,87,63,71,21,60,81,17,48,56,24,69,11,50,74,19,80,56,42,0,37,97,12,57,33,57,7,15,6,30,43,61,22,32,58,93,22,62,80,32,71,0,46,19,85,77,55,54,47,90,19,25,52,52,73,54,68,8,4,7,10,54,11,69,26,21
29,46,8,0,37,76,47,32,23,42,21,54,19,56,56,85,83,51,6,79,87,90,58,45,58,57,54,77,12,37,42,75,47,49,11,72,40,61,89,27,26,84,78,77,62,68,36,17,62,69,39,93,96,82,12,32,92,37,86,9,70,38,86,73,25,80,42,1,29,80,60,19,40,71,22,87,49,82,33,17,85,40,82,26,98,73,61,9,38,31,46,9,86,55,3,17,38,49,66,23
4,12,60,65,48,5,63,6,26,75,46,58,64,65,0,98,3,79,53,79,53,55,73,97,2,28,19,83,44,26,24,90,89,21,89,8,35,55,94,92,50,74,60,0,34,26,33,89,17,25,45,3,77,20,65,65,99,14,28,45,39,49,37,34,72,84,20,50,48,49,74,59,57,63,49,14,44,12,85,68,86,26,72,0,1,60,60,1,37,72,62,21,96,67,72,48,93,89,60,68
92,91,61,25,72,23,24,89,33,59,51,69,40,99,50,51,94,53,23,86,57,30,95,35,82,44,83,83,60,14,78,5,79,57,61,29,21,1,25,36,29,71,9,82,94,91,71,20,79,80,49,18,89,65,25,81,86,60,12,66,25,50,92,51,0,91,51,16,41,26,37,28,66,24,1,30,36,66,72,51,65,94,28,35,26,53,43,21,0,99,69,19,25,22,56,87,67,96,23,4
17,97,82,57,26,38,52,61,93,65,48,79,87,97,78,8,97,4,90,43,15,32,22,53,78,80,81,80,13,18,21,55,91,70,2,11,61,73,9,83,19,79,48,97,98,86,72,21,96,13,17,29,76,77,17,77,13,32,20,44,74,27,28,83,48,74,53,57,28,8,74,13,53,41,42,76,17,25,58,95,84,25,80,93,58,8,52,21,95,76,91,36,65,89,49,82,5,52,81,83
14,97,49,69,75,30,52,5,85,70,59,28,86,50,67,47,89,91,84,67,74,59,36,39,7,34,12,7,36,13,40,67,64,34,83,17,17,6,81,96,14,52,69,86,44,12,78,53,98,28,41,58,43,58,11,14,91,75,41,54,63,40,78,75,93,24,96,20,7,34,10,16,55,13,22,67,92,53,2,29,53,13,79,9,19,99,74,41,66,64,47,92,16,58,41,68,34,48,19,46
5,61,53,26,16,56,71,1,69,4,51,39,89,96,14,95,80,98,27,87,67,41,76,15,65,14,79,77,31,76,86,19,87,20,68,98,82,44,83,39,18,58,27,20,27,82,21,93,16,86,93,13,27,38,90,33,21,20,11,67,31,97,47,79,33,86,82,43,97,18,32,18,57,93,56,56,55,71,65,48,1,11,1,91,25,67,6,16,55,5,77,2,42,31,59,34,23,79,24,66
84,55,32,60,41,5,69,55,75,63,30,49,25,13,69,32,54,60,35,70,1,20,14,21,6,1,18,93,73,32,69,23,47,9,52,70,13,5,10,28,74,97,87,70,38,2,67,9,1,52,27,27,10,13,17,37,8,61,23,7,39,88,33,17,0,69,72,93,71,65,23,56,70,23,62,81,14,67,7,54,31,53,48,65,37,61,70,82,54,62,99,52,1,60,96,45,20,31,23,24
38,5,77,78,11,20,89,13,24,82,39,82,23,77,35,85,96,16,10,23,68,27,90,48,71,39,63,23,1,11,23,47,94,82,79,48,58,99,73,54,23,66,41,54,30,98,76,36,38,48,19,49,65,34,44,79,89,58,97,22,99,29,86,50,58,24,46,27,34,86,29,49,65,92,20,22,0,22,98,73,87,16,47,44,62,77,61,18,71,71,62,35,9,96,89,89,0,62,81,86
44,67,27,8,5,19,76,77,68,86,66,67,67,85,2,99,82,61,48,7,66,57,23,42,68,10,51,21,27,24,47,99,0,87,21,57,39,91,2,36,18,10,68,36,30,73,86,71,66,67,26,92,64,33,3,62,79,94,82,25,59,43,67,95,93,78,40,19,54,97,5,39,8,42,4,68,24,19,45,4,25,89,3,48,94,77,2,64,47,23,84,64,88,6,66,45,8,32,96,86
36,61,93,85,11,50,30,49,5,20,50,73,0,52,87,63,45,93,72,95,40,74,70,20,18,13,22,74,20,57,61,38,92,17,31,7,37,50,1,49,1,19,66,27,71,8,26,93,7,60,22,33,97,8,56,76,45,9,30,82,70,25,70,99,86,11,33,64,42,94,3,62,64,41,80,50,41,12,79,82,53,78,39,52,46,95,34,13,53,1,34,13,81,4,84,81,6,79,13,29
45,41,6,62,26,77,32,33,10,98,79,23,96,44,67,56,24,52,55,61,62,78,31,78,69,46,87,17,20,60,11,42,27,21,94,20,95,83,6,61,7,25,10,86,94,49,14,38,3,39,24,18,96,75,24,65,36,78,19,90,8,30,49,47,75,56,21,4,99,80,98,5,0,52,31,37,85,74,81,46,62,56,5,14,47,41,61,68,24,70,72,91,18,74,45,23,58,63,37,50
18,27,85,31,84,77,72,67,43,70,47,20,41,10,98,51,4,51,27,41,5,16,17,91,14,79,15,31,75,11,43,35,72,37,86,21,39,78,11,68,2,93,16,11,53,23,6,84,81,9,1,77,60,69,31,63,12,66,81,98,3,62,75,58,1,29,94,3,58,92,45,69,33,16,69,48,14,10,7,21,19,20,39,59,72,45,14,88,60,82,13,77,78,69,1,94,42,60,43,50
57,15,26,8,7,42,33,30,3,2,31,31,26,27,69,96,94,97,93,19,46,55,90,96,39,68,61,77,37,96,39,74,99,31,37,87,90,51,0,2,1,49,59,16,50,82,40,12,6,83,94,50,18,34,32,31,30,95,14,46,63,24,98,11,53,60,0,36,97,60,66,72,79,45,82,70,80,90,54,86,54,75,79,23,57,50,52,53,40,77,73,6,89,77,22,28,66,94,61,85
95,29,24,64,78,95,74,28,30,3,6,95,89,59,45,73,81,76,29,31,85,44,10,31,73,29,1,34,63,97,65,25,14,69,61,37,5,19,21,98,14,28,33,39,65,54,64,56,3,83,19,84,32,7,36,70,32,96,34,76,75,89,51,80,97,84,78,15,41,21,72,68,98,61,45,41,63,52,59,88,7,15,62,33,69,97,13,84,71,33,50,99,31,1,81,39,72,50,53,52
33,5,47,10,87,42,13,34,54,16,36,54,82,57,31,82,9,0,75,92,40,68,35,83,35,15,13,20,46,4,36,38,58,71,61,57,90,84,9,33,90,88,1,61,30,8,93,22,96,26,91,54,65,74,51,71,46,57,92,13,89,46,78,46,44,83,4,15,29,71,46,40,5,14,19,84,33,17,52,22,1,80,96,70,36,18,29,33,72,52,70,49,80,11,36,43,21,36,42,70
62,85,91,9,16,91,85,13,29,55,1,50,57,38,0,97,35,96,34,62,34,73,22,40,39,63,84,62,16,88,80,61,16,49,88,48,98,59,61,63,63,66,3,73,79,32,65,29,60,17,73,17,51,78,86,66,34,46,88,95,11,41,77,52,78,52,5,94,8,70,29,98,4,51,2,36,56,86,16,76,53,0,18,96,20,76,20,11,61,10,71,57,43,37,91,31,34,36,83,43
85,20,82,43,98,13,86,79,43,84,25,80,53,26,65,88,85,19,77,56,4,84,66,17,31,98,16,38,78,69,73,91,94,37,52,12,31,65,96,26,33,86,16,31,67,18,15,88,61,7,12,27,79,10,64,95,75,1,57,46,76,70,55,9,98,93,91,67,18,18,35,4,45,51,44,81,33,5,91,13,61,43,27,34,82,87,9,82,0,22,42,94,87,35,22,82,27,64,94,75
70,60,63,9,24,85,14,48,54,66,25,43,64,37,32,28,46,72,81,19,66,69,62,85,83,8,17,77,61,25,58,32,33,52,65,30,66,54,6,81,14,77,81,9,35,55,60,93,93,88,17,54,60,2,23,53,99,2,48,92,93,38,99,74,26,1,75,67,98,68,84,53,13,31,0,60,45,91,99,13,88,35,96,14,31,81,51,66,17,13,23,16,67,13,49,9,56,80,47,80
48,37,84,59,10,79,77,72,35,99,41,69,3,86,38,44,38,94,27,50,76,80,35,72,58,84,7,22,89,0,73,12,5,50,65,62,55,46,20,44,36,81,13,3,14,92,12,60,82,20,63,30,76,59,23,38,54,45,27,84,40,94,87,44,65,59,4,36,23,87,74,77,81,19,16,29,82,98,97,33,30,25,58,67,49,31,47,83,48,49,7,30,29,45,99,92,83,4,49,49
82,66,90,95,13,10,70,42,41,83,9,24,3,83,61,8,39,3,83,78,32,76,15,58,87,69,25,67,12,37,52,91,24,40,8,93,5,6,83,46,88,20,88,4,49,48,92,45,34,67,24,96,69,2,13,31,0,19,59,30,27,82,32,64,25,52,33,44,20,91,34,17,80,88,91,27,54,78,35,30,6,12,5,69,68,99,23,10,99,18,27,13,4,55,58,98,13,51,19,7
7,81,73,23,11,63,45,34,21,26,82,11,71,17,43,73,16,83,39,29,68,10,76,43,29,59,10,31,68,84,56,64,26,3,62,1,31,78,10,16,84,32,56,57,81,55,36,47,30,37,27,18,19,72,78,21,55,44,16,70,34,47,68,9,92,51,34,38,70,88,54,3,55,20,26,6,12,37,90,23,61,39,87,3,32,59,18,50,65,92,8,3,59,9,37,90,33,51,4,41
54,57,38,60,51,62,56,72,68,64,1,99,70,3,81,6,59,72,91,39,36,64,65,18,99,65,25,92,98,33,90,84,37,14,97,15,36,38,46,50,81,15,55,9,48,47,23,82,32,78,85,80,11,81,12,60,47,88,99,43,99,47,74,26,29,31,59,43,17,11,60,40,40,42,98,46,72,53,66,87,7,66,65,69,36,53,69,20,81,5,60,67,71,30,1,12,16,38,89,77
99,51,33,78,91,2,69,37,93,14,70,14,0,87,61,93,63,5,56,1,82,68,74,75,19,83,3,52,0,58,26,32,37,33,34,72,3,58,48,67,68,74,23,77,95,17,87,13,89,89,76,57,18,2,55,32,58,80,95,24,80,52,98,97,0,68,95,47,24,42,24,88,17,41,56,26,29,5,27,16,69,5,86,79,70,94,62,77,77,54,31,10,27,18,73,52,27,13,47,1
3,67,20,3,19,19,90,68,64,38,51,99,64,56,78,48,84,65,24,63,11,4,5,0,83,92,56,92,71,72,28,32,26,77,44,29,10,88,1,15,57,57,37,42,26,48,36,2,49,26,8,98,5,40,62,85,87,20,98,79,39,78,92,35,55,47,52,14,39,16,49,75,64,25,88,0,74,44,36,82,50,69,94,14,98,85,21,18,23,45,60,2,12,85,96,14,16,49,21,61
42,10,78,28,22,46,1,91,33,91,93,97,21,55,94,74,11,18,56,61,2,4,48,76,93,82,76,2,66,83,50,43,14,72,87,71,49,57,18,88,82,30,68,6,96,16,49,75,91,41,13,0,70,55,0,79,31,56,19,13,98,38,63,72,11,8,21,94,2,85,93,30,25,6,61,33,1,6,90,20,51,60,17,97,30,70,79,80,81,57,11,65,62,26,93,11,51,16,24,15
98,11,46,75,84,5,60,38,50,95,97,98,51,69,48,62,14,15,86,26,92,20,82,80,52,86,11,97,71,30,68,53,51,34,59,11,96,24,53,74,73,27,67,37,90,18,13,10,58,53,19,54,76,60,81,68,75,10,97,53,62,27,48,72,31,38,38,36,95,87,15,43,8,33,82,40,84,4,38,33,66,97,56,12,96,59,47,64,66,2,3,57,97,3,46,84,72,68,94,68
97,98,71,11,66,17,29,80,6,3,89,71,58,41,92,47,56,55,62,65,31,87,98,90,43,46,16,42,8,51,52,92,6,9,37,0,62,32,73,53,8,43,91,81,74,9,76,80,45,65,88,85,4,25,69,31,49,56,82,8,17,36,78,79,44,8,84,44,82,41,92,90,13,96,55,66,74,56,23,75,43,34,58,21,79,63,44,86,90,33,14,24,29,22,78,46,94,70,26,19
93,20,52,1,81,61,19,53,6,14,21,43,5,60,80,70,71,41,76,76,72,28,18,73,98,54,80,37,98,97,29,99,50,30,0,87,98,0,77,20,50,60,70,1,0,72,2,99,60,3,0,37,47,55,88,19,42,2,54,87,0,95,14,29,67,39,85,31,41,20,82,34,90,5,47,69,43,10,99,48,33,83,92,84,56,69,93,54,48,85,66,81,33,10,9,18,87,73,25,23
16,20,50,80,23,1,15,2,95,25,60,65,36,10,64,22,95,13,20,62,27,40,75,62,29,0,93,61,10,11,79,19,15,17,65,56,71,1,10,37,7,71,97,18,32,10,5,58,35,64,88,4,9,9,29,56,47,2,16,65,60,94,7,53,5,0,46,8,95,52,21,9,24,15,62,4,9,42,2,9,24,58,88,54,29,76,77,49,31,44,32,28,33,48,22,7,31,3,78,78
71,47,95,72,49,92,26,22,23,39,15,7,19,20,29,22,35,40,30,13,62,54,70,90,25,69,87,61,1,19,77,96,52,89,84,12,47,92,78,55,14,60,33,19,4,4,71,15,15,85,84,49,44,64,69,69,63,51,82,76,93,68,87,81,84,79,24,5,25,73,31,17,6,57,79,47,6,59,57,89,32,0,84,81,48,50,55,99,77,64,7,64,82,10,63,89,44,27,88,64
40,0,30,91,51,83,93,76,82,96,81,96,32,0,20,49,91,87,66,6,66,36,7,61,38,77,27,69,53,8,55,33,44,94,54,98,45,10,23,9,51,77,9,61,98,70,42,64,4,73,83,0,63,2,81,6,57,28,17,15,97,56,65,72,52,21,89,48,32,12,42,88,62,13,42,58,42,80,62,27,96,15,14,72,94,14,53,96,68,37,50,81,26,7,62,28,40,58,53,87
28,51,69,30,46,71,64,69,92,45,50,78,10,4,62,2,36,9,12,83,87,47,89,34,10,33,75,70,33,48,3,9,13,99,8,10,0,13,98,49,52,99,36,36,23,41,69,34,21,91,17,6,85,9,72,74,87,15,19,41,55,33,78,20,7,59,67,81,19,69,42,50,82,58,52,10,30,47,25,81,65,10,44,70,95,44,33,97,35,97,50,79,73,20,85,19,75,95,67,71
48,5,66,20,22,2,12,47,88,20,79,45,84,72,21,30,64,85,97,63,20,53,41,53,72,28,67,78,79,0,95,31,86,75,79,16,9,52,22,4,84,49,82,8,59,49,57,64,60,78,20,20,65,37,47,70,95,71,9,98,36,61,3,2,66,16,16,24,29,60,45,53,51,58,52,1,36,87,39,29,36,88,85,25,57,9,52,56,30,11,43,89,54,79,76,0,76,32,3,6
3,84,45,81,85,51,71,32,40,5,79,48,16,55,73,21,78,80,61,88,19,74,21,65,94,76,77,84,59,99,14,1,35,51,63,86,41,3,52,57,12,68,54,91,7,83,53,64,91,70,52,17,91,50,42,33,66,71,42,43,59,41,34,40,13,78,86,97,31,88,31,41,62,54,67,95,50,67,18,58,99,40,3,88,41,76,59,45,23,26,56,57,97,13,7,54,90,99,34,41
64,17,36,70,3,3,46,15,65,81,11,35,76,33,54,97,19,60,32,21,66,53,77,41,89,49,32,92,60,93,71,52,68,53,82,14,92,94,99,12,42,48,95,95,77,22,51,96,13,22,97,9,45,36,51,92,86,15,47,63,20,21,74,71,18,85,38,32,51,83,35,86,56,83,49,43,74,62,80,32,64,82,10,29,94,12,66,50,69,93,70,8,35,7,98,57,55,86,76,64
10,87,21,77,37,23,66,29,67,5,36,5,95,8,34,2,43,89,84,26,65,13,14,42,55,89,87,47,26,22,76,90,3,89,97,36,33,17,98,43,32,80,72,29,39,35,54,51,66,86,99,69,58,57,14,69,77,9,42,29,52,6,45,63,16,5,59,44,97,99,16,64,29,58,78,22,72,25,6,64,57,83,42,98,38,23,96,9,42,15,54,14,60,42,9,57,71,8,24,96
13,94,25,4,2,52,12,20,65,32,46,53,6,16,10,67,70,0,22,86,56,61,35,27,71,18,82,98,58,6,59,61,60,90,38,16,91,17,98,41,66,94,65,82,32,18,65,30,69,64,49,32,89,26,93,28,64,98,64,0,68,93,65,31,78,35,41,38,44,38,14,87,16,9,40,99,18,9,45,71,1,31,33,16,63,63,53,72,20,90,13,93,60,51,60,5,68,21,94,64
21,9,70,99,87,38,11,85,26,36,38,71,70,28,53,73,24,74,74,44,54,33,31,40,92,64,18,12,70,88,59,41,66,9,61,40,6,53,14,95,39,55,74,74,97,17,59,6,23,31,16,72,91,65,0,22,71,47,58,72,99,95,98,84,15,11,15,91,70,38,89,72,93,71,43,56,73,5,37,5,99,97,8,23,46,36,58,97,81,80,41,88,24,36,76,48,64,85,69,15
50,69,23,22,31,67,52,92,19,35,44,26,58,4,0,42,80,67,41,63,21,52,14,33,56,9,77,78,89,51,78,94,43,78,45,33,11,79,82,31,7,25,64,87,71,41,78,45,9,63,15,70,29,22,17,19,72,40,60,47,71,64,66,78,72,81,55,15,20,32,31,96,84,41,24,77,81,39,14,19,96,50,2,84,4,35,34,53,43,47,91,16,0,40,50,7,2,21,17,45
94,9,97,76,78,60,89,45,90,54,70,89,1,33,75,24,70,46,98,32,14,67,60,11,77,32,17,99,48,16,78,24,5,23,59,59,42,14,71,18,33,83,88,15,6,68,34,23,47,59,59,72,76,80,76,54,62,43,7,51,47,48,96,79,45,45,78,25,76,39,10,32,2,85,56,28,44,15,47,23,55,27,40,76,94,22,59,84,20,29,72,26,86,35,69,50,26,67,25,93
99,95,70,87,93,9,72,89,13,50,77,5,22,61,14,93,23,25,28,2,85,43,69,82,78,91,93,61,32,70,4,43,40,30,6,87,62,38,66,81,97,96,82,98,20,46,15,51,40,81,64,86,7,77,85,44,95,1,22,8,91,90,67,25,82,96,95,48,96,9,1,33,47,43,72,85,89,69,74,45,53,26,24,53,20,89,12,20,60,49,42,59,83,77,67,77,78,77,57,7
9,65,93,77,0,1,79,14,93,62,35,96,25,7,41,28,37,21,78,65,41,15,15,67,28,9,51,24,67,28,56,55,76,46,67,25,95,72,17,97,36,50,95,3,40,30,26,98,27,21,0,32,47,59,23,75,22,50,51,61,10,47,60,88,13,89,42,88,21,82,28,54,22,12,81,84,71,17,17,95,8,36,29,64,38,29,38,95,33,99,4,41,78,28,96,62,49,29,58,27
21,0,61,70,0,1,45,4,42,1,44,11,90,10,25,38,69,68,46,91,50,56,28,0,64,8,33,25,66,63,52,21,24,11,24,15,20,72,99,38,40,7,97,82,56,32,17,46,28,42,89,75,99,10,65,5,43,11,75,5,21,93,14,76,86,13,97,55,19,77,64,60,82,25,96,45,61,1,56,24,77,45,8,99,5,4,3,81,48,54,38,23,50,74,22,17,2,95,43,13
17,21,11,51,19,4,87,46,31,2,34,59,1,47,23,72,80,15,92,96,15,27,85,5,69,96,84,51,28,60,68,17,43,59,72,98,0,80,56,47,53,22,12,16,62,74,94,72,53,62,46,93,19,82,25,77,66,35,70,72,49,98,86,7,23,32,36,79,76,65,44,79,22,45,8,30,56,55,72,81,58,93,44,21,96,81,2,62,17,15,50,85,13,4,34,80,98,47,5,87
60,35,35,18,0,8,88,18,75,78,50,62,92,81,63,20,15,15,28,0,23,5,67,69,87,77,19,30,57,16,65,85,27,5,73,32,10,30,84,52,77,99,76,7,28,57,10,49,48,24,95,32,86,85,70,17,87,43,7,47,34,60,44,63,22,37,57,65,88,92,42,15,61,58,30,97,16,1,37,69,74,51,22,88,83,54,33,9,10,84,56,90,91,75,73,54,60,13,37,50
2,61,72,60,37,7,68,50,78,70,56,72,30,90,34,58,87,8,78,16,4,42,51,75,58,7,71,77,30,35,15,34,35,41,57,91,17,82,77,56,80,40,88,5,31,55,55,16,88,11,41,79,24,15,7,14,1,30,9,69,88,61,95,41,21,97,18,72,42,63,86,1,24,30,99,61,85,11,29,12,64,68,92,74,3,20,82,67,2,0,88,50,9,0,63,74,87,24,49,42
91,93,99,99,48,76,92,39,50,82,87,77,73,59,89,57,32,45,46,35,79,52,78,40,37,52,37,24,21,59,4,53,57,58,36,57,38,70,20,49,63,92,70,52,57,75,95,91,12,6,92,65,94,66,90,38,73,9,62,60,87,85,99,27,72,80,84,7,89,69,5,1,15,1,78,63,62,56,27,96,34,67,92,68,17,3,72,64,77,91,34,19,89,70,56,30,87,92,20,94
24,77,46,71,64,37,35,88,14,87,19,46,51,3,78,26,87,74,1,16,0,50,93,34,91,19,93,14,11,62,88,84,85,57,59,44,22,44,17,13,71,43,57,19,98,20,37,54,47,3,68,80,90,62,63,84,85,79,77,77,59,79,36,3,19,53,17,16,50,98,7,72,31,44,49,15,52,81,90,93,11,23,33,68,17,30,15,81,60,83,28,45,31,33,80,78,70,58,70,95
55,38,26,36,64,7,89,16,33,25,1,17,38,98,77,46,70,28,70,17,30,86,59,10,41,76,67,37,37,15,76,92,66,94,6,81,88,63,79,59,48,97,90,80,36,99,98,48,96,54,16,68,52,45,29,58,38,66,58,12,46,92,99,36,3,52,67,72,42,61,50,15,29,42,53,44,73,90,26,26,24,82,24,30,10,87,10,91,53,82,65,19,8,82,62,50,65,66,80,87
78,92,2,70,65,22,69,31,81,31,81,90,17,62,44,88,88,64,67,81,87,40,68,23,55,12,37,75,44,42,31,44,71,17,84,13,16,58,75,52,59,83,85,86,84,23,18,13,3,69,35,49,3,23,18,26,83,47,32,35,61,25,66,58,43,30,79,32,33,38,27,36,13,30,36,50,36,25,83,21,77,17,18,83,79,13,89,18,80,42,47,62,60,19,98,44,41,54,27,62
64,90,13,53,94,50,17,64,43,72,19,36,39,88,36,67,67,80,99,70,2,93,15,71,76,92,98,57,93,62,5,92,55,86,24,96,86,18,33,38,29,60,5,54,46,3,98,80,52,29,37,98,17,85,71,71,90,80,72,14,23,25,31,78,31,45,69,94,41,43,27,84,39,85,70,3,68,41,67,67,13,8,14,39,33,86,28,93,21,63,2,24,75,48,60,51,43,41,36,26
99,35,23,27,76,7,70,68,91,51,43,72,51,65,16,75,70,90,88,50,6,96,9,48,5,25,69,52,80,88,17,88,17,30,97,51,17,45,9,7,41,8,10,30,6,76,77,20,56,15,41,14,68,21,81,93,45,83,43,52,9,32,72,96,77,58,21,80,38,57,19,82,88,97,81,18,93,57,54,72,51,37,58,28,8,12,21,50,19,91,23,40,55,83,36,94,8,46,4,1
90,33,87,24,38,9,11,55,36,68,82,65,75,71,72,73,1,27,18,45,31,68,61,4,33,46,54,3,90,15,37,67,66,19,71,69,21,56,72,50,61,85,23,82,88,69,58,89,16,20,32,78,9,47,31,92,73,42,34,17,63,47,81,2,21,17,73,37,51,59,25,95,29,3,95,83,87,96,80,31,72,68,3,11,25,43,71,43,75,21,24,94,19,94,83,17,39,64,13,69
62,37,69,34,50,4,99,29,2,59,78,48,38,27,67,97,75,16,88,62,20,80,67,5,55,27,10,41,58,32,85,55,21,19,28,2,80,54,19,34,58,43,29,36,18,65,7,45,63,19,98,72,63,18,88,6,1,22,33,69,71,61,23,81,19,36,23,36,30,75,71,48,44,75,59,58,51,6,69,22,17,99,18,30,81,41,39,33,26,11,57,6,49,3,84,14,42,8,80,87
37,85,94,38,74,59,59,7,93,90,31,48,6,5,59,8,90,0,92,19,55,52,60,96,5,62,68,6,5,20,69,24,72,13,10,32,93,0,6,15,29,41,17,39,68,8,57,17,93,90,35,26,94,46,45,87,50,45,19,21,80,87,30,35,24,11,41,58,42,9,26,69,19,6,5,71,76,8,56,47,71,81,55,64,65,75,17,82,54,50,12,60,46,62,21,59,77,35,3,28
79,90,38,22,98,47,77,13,39,22,93,95,63,51,5,60,18,54,50,81,5,63,5,33,5,0,88,37,37,61,46,78,62,40,98,6,83,62,14,11,31,33,19,28,9,62,65,62,87,68,82,62,68,2,44,42,40,81,14,17,35,44,12,69,93,23,39,84,53,97,32,55,41,98,26,24,46,76,71,66,62,12,20,31,90,77,33,62,31,18,8,42,1,94,14,56,6,22,24,25
69,98,71,96,74,8,23,28,90,74,31,52,41,42,45,85,48,17,2,73,30,58,28,53,31,94,20,43,83,61,33,97,30,6,14,90,16,95,41,75,80,12,88,57,18,83,84,95,14,94,77,47,21,74,92,6,30,99,94,78,62,96,94,39,25,77,67,93,85,8,12,2,73,78,7,52,47,7,13,78,47,48,27,88,88,53,68,57,74,10,15,81,58,88,52,8,45,51,12,94
11,18,76,69,41,40,20,52,19,56,88,10,91,15,88,29,99,19,38,17,70,92,97,44,42,89,86,51,19,8,26,31,20,14,90,47,94,89,22,7,53,0,6,74,39,7,72,56,70,1,92,82,26,15,22,80,36,2,44,93,46,64,24,2,94,11,33,1,11,27,27,32,87,67,46,95,63,28,10,35,93,38,81,22,28,32,46,44,51,31,11,10,47,98,68,26,23,1,65,79
46,49,85,92,88,28,20,61,18,22,68,85,64,43,37,35,9,83,51,99,38,69,66,78,73,28,40,15,58,25,23,60,47,26,17,89,91,51,40,31,41,88,60,46,63,79,53,29,39,40,27,7,63,99,77,28,89,13,97,29,86,27,69,57,55,71,75,77,10,61,71,34,35,68,15,22,83,54,64,25,62,87,55,56,61,85,4,49,91,8,26,24,57,37,41,29,86,13,14,98
56,97,0,98,65,80,16,50,14,41,54,59,81,3,7,72,24,12,12,48,10,46,89,33,90,89,83,42,83,50,24,38,41,8,95,18,54,49,73,44,77,52,0,75,17,78,11,12,32,19,8,99,66,59,72,2,85,3,46,38,78,63,31,56,93,29,81,67,15,39,72,74,60,33,45,20,2,7,15,49,1,43,44,47,36,52,4,41,49,58,17,5,80,16,43,29,92,36,65,89
43,99,22,15,8,86,69,59,38,13,42,78,75,43,81,59,32,87,5,53,88,42,55,77,17,1,6,75,86,14,59,71,95,82,2,79,59,35,32,80,64,17,77,63,50,43,13,29,29,45,95,50,65,84,17,95,12,25,79,43,63,66,12,26,87,51,86,66,34,39,7,70,66,56,32,28,30,48,30,74,88,81,69,73,20,7,97,22,10,10,57,82,55,49,90,26,66,97,40,8
42,34,41,22,52,40,78,53,55,30,20,93,92,61,48,36,1,15,82,28,86,3,49,15,54,66,75,14,52,48,65,22,9,33,14,95,31,26,25,38,93,3,97,59,86,52,52,25,20,61,88,46,17,15,95,54,60,21,35,15,10,48,65,6,37,55,22,51,91,26,27,76,16,85,55,68,5,25,21,22,13,41,76,36,6,88,86,19,37,75,88,13,40,96,84,2,92,53,98,55
83,20,97,22,68,40,74,43,66,82,42,33,60,65,61,93,58,4,48,38,41,75,36,43,41,97,57,45,68,26,57,54,71,63,83,40,5,67,88,85,76,33,53,41,93,16,31,74,76,56,55,76,36,30,18,86,57,52,97,79,71,30,51,6,68,57,52,86,75,94,99,58,52,48,44,70,84,75,3,22,73,88,4,55,99,59,67,93,33,43,64,65,47,82,85,44,98,37,49,32
87,78,10,49,41,9,72,69,33,88,35,98,68,52,98,41,80,94,61,45,5,43,66,1,7,93,70,99,40,54,59,2,35,18,21,7,20,41,92,88,84,6,73,66,58,52,59,5,0,96,38,6,64,48,31,81,10,7,74,45,95,70,79,73,0,15,1,44,37,0,46,13,89,2,9,94,63,28,57,91,56,24,10,8,79,38,86,27,62,73,50,11,6,51,20,79,91,84,9,23
27,14,96,23,65,67,65,93,90,40,81,35,50,75,23,18,69,57,80,97,26,15,92,56,22,94,92,26,50,53,1,61,30,11,55,82,18,94,63,79,95,96,23,18,87,24,35,9,23,33,37,74,86,32,86,30,70,71,89,65,70,27,81,18,87,30,43,98,93,82,38,34,43,79,86,26,8,88,33,0,8,62,29,83,61,8,40,22,51,70,1,20,16,21,94,93,18,81,11,91
22,71,3,16,54,51,32,49,63,77,17,40,53,11,95,74,69,91,0,59,4,7,12,91,98,79,51,11,38,30,97,70,46,6,64,34,47,34,31,38,42,94,72,33,93,78,40,12,5,42,48,54,18,34,52,87,70,62,12,28,76,83,71,97,3,86,19,75,67,45,8,81,39,88,57,86,49,89,52,2,93,89,95,27,57,63,67,99,66,38,34,7,95,58,86,38,23,32,32,44
65,17,55,14,24,37,36,73,29,49,63,79,25,59,42,89,72,85,38,58,8,82,92,25,36,85,65,0,88,39,57,85,70,32,67,49,43,29,82,39,96,6,93,3,17,24,31,13,7,18,85,18,18,66,10,98,74,6,86,71,19,63,20,97,37,15,57,11,94,87,45,95,18,97,13,46,5,16,0,39,47,24,56,30,42,42,4,85,18,62,51,39,61,77,36,65,63,70,89,7
51,3,28,55,92,8,52,92,97,96,41,42,96,89,62,2,63,35,7,19,91,13,17,0,80,9,26,81,75,13,7,16,92,22,64,36,82,32,30,34,25,56,12,15,37,47,93,83,8,21,34,95,14,95,56,19,54,65,88,96,18,91,55,60,68,83,31,89,83,84,19,70,57,79,31,78,10,71,59,43,23,15,93,67,50,31,60,63,86,27,8,87,87,10,0,62,54,47,3,11
