53,60,9,13,72,38,17,46,66,75,3,85,4,9,6,88,0,79,24,41,94,51,99,13,11,13,11,14,61,6,41,60,55,34,96,13,53,58,64,67,8,81,75,59,2,94,29,99,96,15,58,15,49,61,7,73,20,29,86,89,27,75,37,5,10,14,37,22,15,84,29,67,20,84,50,91,92,17,11,99,7,41,58,1,0,27,38,39,56,31,96,43,81,49,89,57,63,10,98,57
55,23,71,32,42,14,78,81,60,23,63,87,62,7,17,26,27,37,44,67,50,15,42,62,9,16,42,51,97,60,48,85,86,48,10,12,68,24,87,57,76,31,5,76,72,99,59,73,38,58,85,17,92,48,77,72,21,23,70,72,57,57,34,66,90,38,35,0,79,62,39,99,6,77,30,18,14,91,99,64,9,34,38,32,18,32,30,39,83,22,84,64,54,9,62,20,45,53,32,63
33,20,56,28,4,42,17,16,96,88,91,39,84,90,70,72,81,97,20,54,1,33,33,86,5,52,6,47,97,42,96,50,78,50,27,10,12,58,42,19,1,34,25,52,63,93,13,87,89,33,42,62,73,45,55,27,77,34,47,35,36,28,40,33,66,48,4,99,0,95,1,19,49,57,58,64,58,7,8,95,89,54,15,29,42,30,9,54,75,95,53,5,24,60,58,3,59,66,87,86
55,59,79,63,81,25,69,80,81,33,6,72,66,85,0,17,51,23,3,37,26,91,99,92,7,13,33,53,36,31,83,19,4,86,74,20,69,49,56,3,56,42,15,84,31,50,61,28,82,40,18,78,83,46,59,27,76,11,33,27,23,45,89,58,13,59,89,22,0,87,97,77,11,7,79,5,84,17,17,0,62,65,0,41,81,99,47,53,54,19,26,92,80,50,45,84,33,34,37,1
39,50,9,94,38,59,99,83,19,54,78,12,15,52,79,95,17,88,48,75,39,24,61,29,84,12,83,47,88,68,56,12,97,5,36,46,1,6,26,56,81,81,62,52,53,46,95,28,71,71,2,14,62,51,73,6,83,69,62,21,30,72,77,31,47,37,5,29,88,33,48,42,88,2,18,89,27,5,35,88,66,46,20,90,66,35,75,62,20,26,28,81,59,99,76,16,48,7,34,12
72,88,58,45,8,16,65,1,87,60,3,94,10,31,55,96,41,53,93,22,75,71,95,63,10,32,66,68,49,5,1,82,75,69,54,86,77,57,93,78,56,16,35,42,72,27,7,19,22,4,1,25,73,12,60,87,77,39,98,66,61,68,63,78,26,54,86,37,33,83,72,10,50,80,95,54,52,18,88,87,69,48,14,41,10,49,34,98,39,17,4,16,5,40,36,94,86,59,18,46
11,20,75,7,13,92,84,76,29,60,98,84,86,2,53,36,33,82,51,86,16,89,16,87,41,29,35,54,97,7,88,4,25,66,78,56,65,57,5,37,0,65,44,62,20,17,37,26,75,31,5,77,92,60,19,3,60,71,62,32,68,14,2,56,67,54,45,6,54,23,59,36,56,9,55,38,77,53,42,20,59,27,57,30,71,25,4,47,2,53,51,33,36,1,60,54,18,20,99,99
0,44,96,18,86,47,75,50,32,7,92,30,2,36,27,33,22,60,95,72,56,17,78,58,87,3,60,9,42,28,53,17,35,26,82,91,29,97,24,16,33,95,8,64,27,24,42,94,87,98,69,82,70,85,29,98,83,68,4,22,2,50,87,30,4,69,40,98,54,29,82,31,44,35,37,17,99,24,40,17,75,34,9,20,47,15,47,49,86,57,67,24,26,62,13,68,13,60,47,52
76,33,80,55,13,41,55,14,1,1,11,50,94,25,7,19,55,85,27,19,34,10,65,60,83,36,22,26,67,75,10,1,64,31,79,32,57,73,38,62,78,89,48,90,44,70,15,66,23,92,38,92,22,90,63,38,1,95,32,12,66,3,33,49,82,64,99,22,98,70,3,6,89,17,51,88,49,21,50,26,43,97,59,37,29,33,40,18,55,81,5,67,58,43,36,27,8,52,24,90
85,24,29,46,79,21,15,84,74,47,59,79,10,18,28,88,57,71,24,39,46,64,18,25,20,32,56,71,61,87,85,15,62,16,96,2,84,9,93,58,53,55,78,69,85,76,83,47,53,17,83,2,49,25,18,12,6,85,28,87,83,73,95,20,97,45,89,85,63,72,81,66,59,26,4,11,67,2,77,69,8,19,74,78,53,37,3,15,49,22,92,17,38,10,70,59,6,76,35,32
56,36,31,72,65,11,4,22,13,70,38,34,88,83,0,76,65,54,55,98,42,96,44,17,75,50,54,71,46,28,62,42,52,56,39,33,45,34,54,93,6,19,86,22,24,56,77,92,10,65,59,45,31,18,21,69,42,0,19,93,59,77,10,12,19,7,52,20,41,16,50,49,63,24,64,46,0,83,22,57,99,42,99,40,26,84,94,50,70,26,92,55,18,8,56,86,12,31,67,49
99,85,57,2,16,35,14,84,3,74,78,80,89,52,50,24,61,95,23,51,12,70,38,27,28,16,55,59,92,2,32,92,77,31,66,12,55,42,70,10,63,45,21,77,4,37,22,51,14,79,89,94,3,74,69,28,55,74,55,84,66,73,43,53,77,88,9,34,63,59,48,43,99,62,15,55,59,28,41,3,35,55,31,48,20,88,69,9,69,45,53,85,91,24,47,68,29,56,78,4
98,56,10,67,15,80,25,15,42,32,48,71,42,3,9,89,54,69,93,1,80,45,32,77,94,95,94,30,79,98,30,44,84,86,54,2,59,52,46,93,46,31,98,83,49,23,67,24,2,57,26,65,73,31,72,37,68,38,86,25,17,90,24,36,42,21,46,20,15,60,38,81,15,19,77,7,86,48,86,50,63,8,72,34,77,58,81,97,24,29,32,51,90,41,89,41,16,29,23,18
59,64,26,10,24,22,83,43,0,54,25,71,50,94,51,29,15,27,96,64,23,56,91,99,77,58,47,2,57,14,40,94,67,51,45,16,97,90,65,44,70,16,48,54,2,11,27,88,54,13,12,23,12,78,37,9,4,37,4,96,58,44,36,26,19,29,11,93,95,36,39,29,98,14,12,56,24,70,87,17,48,57,77,82,80,53,48,53,98,3,35,91,70,42,86,53,60,7,96,7
38,8,32,10,35,81,16,16,71,13,12,87,3,49,12,24,2,27,65,80,94,20,9,30,30,18,43,55,56,68,61,38,5,70,42,39,69,12,20,39,64,35,98,26,93,48,48,66,11,66,92,84,34,43,97,22,49,66,43,92,8,36,97,67,69,94,7,96,84,3,28,37,91,39,9,39,21,59,53,80,83,68,52,99,65,12,7,39,15,40,9,41,76,80,24,66,5,59,28,1
19,3,93,54,35,74,28,36,55,5,51,49,41,94,82,8,75,71,35,80,34,50,27,84,72,67,15,19,34,67,69,18,32,7,22,61,20,69,17,79,10,27,39,10,25,76,99,35,88,29,66,98,32,1,7,55,5,98,4,41,39,92,9,40,22,96,67,35,52,2,46,35,24,11,68,75,45,22,84,36,36,2,31,85,41,41,22,81,25,88,33,97,21,56,17,6,65,29,69,99
28,2,80,64,68,88,90,71,10,72,56,40,91,36,62,20,58,94,88,38,13,2,26,99,28,61,77,8,9,26,66,38,58,5,62,94,38,75,29,79,34,42,10,41,93,42,7,88,10,4,56,46,90,47,1,62,15,20,33,26,66,16,36,60,46,27,90,89,10,35,46,46,49,20,25,61,10,17,87,89,78,39,11,17,54,3,28,91,34,2,97,44,72,3,71,44,31,99,22,13
48,69,76,70,82,49,26,55,6,59,29,82,98,78,77,80,91,3,99,73,6,73,24,11,3,5,53,51,42,71,47,67,92,43,96,77,70,63,25,55,53,60,69,32,81,7,78,61,19,82,52,98,23,18,83,25,47,88,28,85,66,9,37,86,50,84,24,75,64,0,81,17,31,34,44,14,31,73,58,22,8,52,69,83,68,92,66,4,33,88,92,86,16,95,43,6,2,14,6,33
29,45,11,21,36,48,57,85,85,23,44,58,64,38,13,43,93,97,77,95,71,84,51,93,75,43,94,51,32,53,17,7,32,75,32,91,12,47,64,17,43,66,46,17,61,72,0,36,91,8,72,62,2,68,3,98,44,71,78,17,56,17,6,13,74,76,25,52,64,25,9,42,8,11,74,16,29,16,55,79,78,65,30,53,50,81,63,95,47,97,27,92,34,27,72,30,19,53,37,39
70,62,17,7,1,72,96,21,86,53,45,31,85,51,4,68,87,58,31,86,99,94,89,25,22,63,59,35,10,74,35,40,39,13,67,89,61,22,78,6,83,76,10,82,41,63,22,96,50,64,8,83,0,58,95,18,64,79,35,3,31,15,66,7,67,26,63,31,53,1,94,97,87,71,18,93,85,2,19,27,21,98,29,56,67,37,79,41,84,74,21,67,55,3,7,92,79,45,10,83
8,57,93,32,32,37,14,7,50,94,65,83,73,4,22,87,87,31,27,33,91,53,15,71,46,92,26,39,81,95,26,46,39,65,11,62,49,3,89,74,83,64,58,39,51,87,79,72,42,43,27,58,47,18,24,94,35,53,78,21,39,12,46,3,25,23,48,15,30,84,3,7,1,12,91,11,33,66,29,21,73,67,25,40,69,85,21,73,14,33,81,29,79,51,27,88,67,18,3,96
6,69,69,89,11,50,20,64,93,29,51,96,78,50,43,40,70,20,24,24,96,85,97,87,3,24,59,74,32,21,66,19,15,77,50,65,22,98,44,48,61,89,29,77,1,67,34,33,72,86,56,79,37,30,59,51,29,44,85,76,45,14,99,58,36,68,10,91,37,28,13,89,11,34,44,97,97,11,42,46,44,16,5,77,36,6,67,5,95,74,61,19,85,83,50,24,53,87,77,98
69,79,77,81,37,23,67,0,55,39,79,85,95,84,88,6,94,22,52,53,47,94,87,59,77,41,61,77,50,54,24,91,38,69,17,6,57,36,66,74,70,41,37,97,19,82,99,12,46,18,75,64,35,25,20,67,81,84,74,21,79,87,38,50,99,68,72,83,45,69,50,10,99,66,47,62,90,88,21,85,49,86,40,4,29,11,63,89,80,8,6,0,8,40,67,2,56,30,4,9
15,75,49,93,1,14,30,65,78,21,15,97,6,26,3,19,19,14,36,90,19,65,29,11,33,97,32,20,47,21,79,78,18,54,89,43,17,93,98,88,17,98,83,54,42,62,24,12,24,16,24,1,97,87,99,48,42,48,72,80,5,74,26,39,73,41,58,67,82,82,34,77,57,61,40,66,56,77,26,23,19,93,46,72,38,98,96,77,75,64,23,45,72,37,93,85,58,44,50,50
21,71,88,19,4,42,78,41,29,81,62,96,94,32,14,3,91,29,75,37,40,2,53,0,56,78,64,15,36,76,83,43,50,51,42,26,1,32,37,57,21,24,60,96,72,17,21,76,48,94,13,4,33,76,39,89,60,5,14,9,23,88,56,67,23,25,93,50,3,19,50,52,7,56,92,77,61,85,81,41,88,95,30,66,99,34,28,75,53,34,84,99,22,44,61,94,71,27,64,95
36,20,68,34,3,39,26,89,57,71,44,90,44,58,33,32,60,15,40,7,46,73,70,61,15,57,19,48,64,63,61,14,39,10,52,13,2,86,89,35,87,28,42,5,39,85,64,64,81,63,40,41,36,13,16,4,61,58,13,32,23,10,78,98,15,21,32,71,76,65,22,23,13,59,93,16,62,97,9,40,98,59,62,64,90,64,85,27,44,72,71,87,7,72,52,2,46,38,94,24
44,28,1,65,6,0,79,67,40,90,93,47,40,74,52,65,37,60,30,33,4,82,26,68,44,65,43,20,19,89,45,37,62,55,74,78,94,72,87,44,18,64,15,89,57,36,62,56,72,79,83,52,37,60,21,88,99,5,79,43,78,8,34,50,80,70,96,60,25,86,98,73,76,55,61,42,2,66,54,60,12,35,0,63,99,23,12,11,60,4,23,0,19,41,12,59,3,28,20,53
7,11,91,66,97,47,33,18,12,24,22,74,49,29,33,43,74,55,55,28,38,46,64,53,78,4,47,43,50,23,70,0,20,54,78,96,1,8,36,70,77,72,70,49,70,13,97,58,86,10,79,57,38,15,70,80,3,96,83,23,94,6,38,93,36,55,83,19,97,65,26,69,47,69,32,42,19,79,17,78,87,86,19,71,7,34,5,87,14,81,97,38,50,84,64,96,76,27,14,63
17,40,51,50,0,64,90,21,33,63,25,77,85,71,59,93,42,77,32,68,15,0,96,70,51,86,19,13,70,77,52,83,12,59,58,7,90,11,11,6,8,89,69,77,53,0,3,25,14,86,65,10,70,4,28,76,24,45,96,64,7,62,92,72,38,8,60,95,75,57,19,64,87,80,49,65,65,69,48,31,32,62,58,21,3,86,65,79,59,99,47,98,39,85,79,89,49,97,97,71
73,83,15,44,55,82,0,45,26,23,37,85,4,57,96,26,54,17,12,13,0,21,12,2,14,78,56,96,74,51,17,49,95,88,18,93,19,25,99,82,72,69,15,33,69,84,74,15,95,81,84,71,64,11,62,12,25,6,3,51,19,38,52,11,40,1,96,84,72,23,70,18,64,8,4,47,27,93,26,26,26,35,61,64,10,5,35,16,34,76,56,34,84,10,53,59,98,93,29,69
33,38,73,79,60,47,62,1,95,64,78,70,64,86,56,77,99,6,69,62,66,13,87,98,4,79,49,23,92,92,18,92,63,3,39,68,69,26,20,97,65,51,87,91,71,62,8,50,95,52,40,90,22,88,89,31,28,65,28,82,81,67,54,36,77,54,21,85,44,26,71,51,76,53,25,81,68,60,61,75,53,18,10,93,0,18,57,76,55,23,6,17,59,69,49,6,4,52,59,34
99,86,57,33,88,38,39,12,47,8,39,55,62,67,41,90,73,61,32,59,50,91,34,90,65,7,84,25,75,90,69,67,16,62,76,29,42,89,99,81,9,29,15,63,17,20,11,73,42,88,92,53,85,15,25,55,79,24,2,6,83,83,63,57,29,47,4,35,50,4,27,74,48,63,44,50,50,74,73,86,37,48,95,9,55,61,23,90,37,0,19,73,83,34,72,2,60,9,83,33
15,73,40,93,85,34,67,29,78,55,22,5,88,63,84,5,56,83,40,13,87,20,99,21,60,87,57,76,47,67,23,20,14,1,65,97,69,92,34,84,73,0,61,54,58,9,36,46,9,30,88,63,49,99,75,35,42,9,82,98,4,25,79,79,74,64,72,58,86,74,67,14,98,89,49,46,42,85,14,91,81,38,38,88,75,86,94,75,28,10,59,44,77,43,24,72,84,58,79,40
42,6,13,20,58,2,35,71,10,71,34,29,2,67,7,13,21,28,12,36,58,40,55,90,56,66,16,96,43,83,63,28,59,31,56,42,73,7,7,91,84,4,76,16,41,5,79,84,55,5,2,67,53,16,7,44,4,34,53,83,96,15,64,80,79,14,17,59,57,59,65,77,26,63,89,91,16,56,58,63,25,78,27,16,41,39,51,47,28,14,59,0,50,22,78,54,81,78,3,4
41,64,76,73,63,21,28,79,71,96,51,0,39,99,7,94,61,35,15,82,34,14,84,52,30,64,0,81,28,15,62,5,71,21,53,55,51,48,9,80,69,61,84,45,17,98,10,94,98,93,75,36,5,47,74,82,80,28,55,13,58,38,67,21,67,85,48,16,49,27,52,5,87,2,51,81,35,37,5,52,95,57,22,31,73,36,92,60,27,64,35,94,49,90,65,49,74,89,93,70
35,84,90,23,48,41,33,29,33,16,7,95,45,82,41,55,25,41,19,99,11,90,4,76,59,12,60,9,80,50,87,99,56,75,22,82,5,8,73,39,52,2,96,40,27,6,8,98,79,55,65,34,21,12,29,16,99,7,8,20,20,78,40,26,32,80,29,81,81,4,1,61,2,91,97,35,90,96,91,21,2,17,52,35,45,48,36,92,5,16,34,3,22,22,58,7,59,72,85,57
97,49,15,25,56,16,4,83,53,99,73,93,10,60,0,95,82,27,59,58,60,93,33,1,95,74,90,14,5,79,76,90,8,43,88,81,18,76,87,29,9,9,36,33,11,23,91,77,12,97,42,97,18,85,73,56,67,46,15,60,42,7,65,55,27,6,43,76,17,31,82,12,73,64,38,65,1,86,95,10,28,42,35,69,70,66,42,90,45,74,31,11,42,43,25,53,13,2,78,94
79,86,15,46,2,85,95,29,32,38,7,90,34,26,16,74,40,76,49,35,98,17,4,25,1,96,58,92,39,83,63,12,86,96,16,57,0,0,81,53,36,55,63,9,41,73,87,89,28,71,9,92,97,21,47,1,63,60,86,39,25,5,67,60,84,34,13,45,2,85,70,26,85,3,0,18,46,2,82,20,98,60,95,49,43,44,24,47,56,35,21,23,10,79,22,8,58,95,56,59
80,40,24,46,47,72,57,53,48,31,49,5,34,58,57,18,71,12,82,35,36,7,61,11,74,39,12,27,93,84,87,3,47,25,5,55,66,82,22,96,92,30,50,47,60,94,29,14,82,39,55,65,79,39,32,37,14,43,0,69,91,8,89,89,23,32,45,56,75,44,4,89,17,61,75,62,80,23,90,46,27,14,37,97,65,24,29,99,18,53,35,2,2,47,62,24,79,77,30,69
84,22,25,12,68,58,33,74,70,82,9,57,63,70,97,72,47,0,9,65,65,19,33,74,29,78,99,69,88,7,38,58,26,45,7,91,65,38,52,52,6,14,1,84,89,97,98,77,87,63,2,44,24,74,2,17,75,76,79,47,73,48,6,59,9,48,14,8,43,13,64,38,76,35,78,11,74,12,18,64,70,8,54,64,38,74,38,72,46,30,66,39,54,18,46,81,18,4,56,28
30,27,32,6,85,62,32,26,82,62,59,9,28,23,41,13,20,31,52,78,1,23,64,29,17,99,34,38,83,88,15,2,75,92,33,27,47,42,92,92,36,81,22,16,86,37,25,94,89,17,49,59,7,27,94,41,19,13,97,28,9,12,94,91,46,4,23,1,31,92,48,22,24,20,27,77,82,33,76,48,54,92,97,35,46,67,11,74,75,57,84,30,5,45,6,19,62,7,46,60
17,19,99,11,51,10,26,61,13,83,77,74,62,11,28,46,25,6,47,56,2,95,23,96,17,26,14,89,39,88,98,76,18,39,26,64,37,85,22,27,40,72,4,21,66,8,25,68,80,93,63,89,79,55,74,23,47,96,6,98,82,9,74,45,32,49,31,89,81,11,40,91,13,91,98,41,25,5,25,54,99,63,94,79,12,85,5,57,81,93,6,93,95,40,15,20,76,40,57,93
16,18,52,93,38,53,38,5,20,40,80,94,65,92,24,55,29,16,71,88,33,44,35,84,61,63,89,84,23,49,64,89,53,16,30,57,77,1,24,75,55,83,10,70,0,17,13,8,75,42,21,66,93,95,11,57,65,76,92,57,63,67,57,45,65,62,37,91,12,83,65,96,9,19,87,9,3,73,74,87,54,78,51,13,27,94,81,24,98,36,47,51,70,98,86,0,71,20,75,48
46,48,56,39,46,60,54,7,38,9,26,16,37,15,29,16,93,33,54,42,5,31,4,10,46,35,90,35,96,54,70,14,34,80,33,22,59,87,8,33,93,88,45,86,76,99,26,44,21,18,72,67,5,53,33,34,5,73,26,2,51,0,39,67,94,9,48,21,24,9,93,93,60,2,76,58,56,84,27,63,30,54,74,11,67,98,42,64,1,33,12,36,77,33,5,2,29,86,34,74
52,53,93,61,55,4,62,84,69,91,24,30,19,63,84,97,54,62,29,79,0,46,55,66,49,79,74,83,14,0,94,7,79,86,87,44,47,49,71,7,34,72,57,14,18,16,75,22,11,24,76,54,72,88,19,84,64,77,48,14,31,73,60,57,19,0,57,54,74,14,95,8,84,27,86,58,38,98,29,57,94,14,40,55,43,56,80,9,81,74,52,32,27,4,96,91,1,34,49,87
93,74,51,51,82,84,6,74,31,80,37,8,70,71,89,58,80,74,59,26,33,87,9,71,46,34,15,86,23,62,55,3,88,98,38,59,77,35,86,18,12,30,88,8,23,94,75,81,6,76,79,55,64,77,49,45,35,58,32,78,37,22,33,10,71,8,8,49,32,31,22,2,39,97,96,88,82,80,66,45,71,64,57,59,17,2,90,9,12,57,43,62,38,7,45,93,54,27,14,45
80,78,94,99,91,96,80,70,35,38,1,15,90,58,75,19,16,87,5,27,64,90,85,19,7,33,97,3,46,48,22,98,20,95,93,52,20,92,16,71,89,66,57,54,99,1,99,99,30,8,98,35,47,41,65,45,4,45,35,51,25,74,38,89,81,77,65,52,94,92,56,58,8,89,2,94,21,25,28,94,83,9,21,97,93,83,87,35,88,81,51,91,48,70,2,73,78,77,96,33
69,65,5,48,90,11,91,19,42,19,47,97,70,22,1,14,86,95,83,54,71,81,47,75,28,38,60,84,84,68,91,98,93,33,66,61,28,27,10,61,69,42,91,60,48,66,56,13,66,98,42,33,90,7,49,37,79,57,50,11,42,92,37,32,90,91,12,17,12,63,9,69,22,54,32,78,72,27,80,54,97,39,51,70,48,98,26,62,67,76,84,81,57,98,4,9,44,80,57,87
10,62,33,33,73,40,86,0,35,23,45,72,55,2,30,46,82,94,74,15,50,46,40,76,65,94,82,63,87,15,7,99,41,79,50,31,26,96,98,85,88,36,1,58,96,64,36,4,60,90,9,15,34,52,40,61,25,4,8,8,95,53,69,75,34,80,63,38,29,4,35,22,56,68,74,5,33,68,96,86,41,20,42,30,65,21,43,28,54,83,29,38,61,12,24,89,69,39,22,46
22,47,73,47,2,4,5,34,88,59,22,29,70,10,2,92,85,89,89,56,35,41,55,12,43,39,75,62,4,70,33,63,41,70,92,16,75,68,14,74,18,28,50,45,38,57,17,61,36,93,75,2,4,69,0,66,46,67,98,53,98,3,5,57,46,15,37,92,7,61,85,32,7,11,9,73,17,89,47,86,16,16,60,93,22,78,53,13,54,39,25,67,5,39,93,29,42,93,19,36
41,68,30,72,32,5,70,34,29,2,36,21,88,18,12,54,69,94,50,35,24,4,29,44,13,14,91,97,39,9,18,91,25,92,64,74,39,93,21,19,15,56,51,4,27,64,31,85,68,7,19,46,18,89,29,99,75,16,49,99,58,66,35,38,68,32,88,50,57,32,75,9,57,83,1,66,3,42,14,21,8,78,27,41,77,90,13,29,11,81,20,50,15,37,81,1,66,64,50,56
75,89,43,84,3,75,90,19,19,59,96,7,16,11,3,88,26,92,25,46,4,40,60,78,58,21,68,51,46,11,33,45,71,9,57,76,73,88,90,75,95,7,97,39,37,66,7,43,95,98,22,81,94,47,0,68,24,30,5,78,80,67,75,20,6,66,49,92,33,45,12,26,22,38,66,13,71,47,79,10,49,53,83,63,30,41,1,14,55,61,78,11,5,50,34,84,85,7,28,1
58,36,53,37,38,61,98,72,9,90,83,17,37,72,56,27,36,53,8,2,92,29,41,45,29,14,35,27,78,69,65,70,94,67,13,67,38,56,9,80,35,99,86,49,13,47,50,47,47,52,39,46,12,95,34,78,39,49,25,81,43,91,80,32,69,23,12,16,6,94,67,11,22,2,21,41,71,27,52,25,40,83,30,44,1,18,23,86,76,24,10,40,30,14,78,99,12,13,70,12
78,95,33,3,33,66,44,81,26,23,18,85,38,68,67,99,25,43,18,43,95,35,24,13,45,0,97,42,47,31,86,3,26,76,10,81,41,57,75,13,61,84,60,20,26,92,8,44,22,92,46,39,21,78,16,85,39,60,59,90,65,14,33,57,30,88,54,16,30,57,25,17,34,45,15,18,63,79,58,57,10,84,15,62,81,45,62,59,19,47,56,27,22,46,99,2,2,59,50,61
23,63,19,25,28,94,26,59,26,93,85,64,7,72,42,98,16,35,54,63,35,40,14,12,99,66,40,87,30,2,85,8,61,3,90,62,82,28,85,54,2,49,24,71,59,62,2,1,29,82,15,85,18,72,99,10,52,32,43,23,90,44,91,12,67,53,35,95,62,6,45,28,40,97,85,16,49,30,99,55,37,12,90,21,63,86,74,29,68,83,37,98,50,30,96,78,45,69,81,27
99,49,49,57,80,96,42,70,96,87,62,26,16,15,59,56,64,22,12,25,60,90,62,28,90,67,77,26,61,59,70,68,69,52,69,16,9,77,84,13,50,49,10,20,17,29,78,48,32,49,16,65,79,31,58,25,47,63,81,63,36,95,43,6,15,11,21,94,79,14,39,82,62,69,43,41,12,60,39,59,23,74,34,1,42,96,37,53,3,75,4,82,53,41,52,31,39,99,34,2
87,89,62,15,7,14,49,23,38,10,65,76,93,45,90,15,52,58,30,97,71,6,31,26,1,29,33,28,84,75,95,89,45,51,46,78,47,52,97,96,79,68,29,35,26,87,97,60,78,34,86,32,95,45,68,69,39,50,74,30,82,60,48,91,0,56,3,50,61,92,22,24,94,98,35,40,22,56,6,31,99,2,21,90,88,59,21,61,57,1,22,8,77,97,74,51,68,56,57,70
97,21,24,40,87,64,43,71,65,11,65,30,60,67,35,91,80,45,98,58,95,91,26,6,73,67,27,67,87,63,64,53,39,8,99,92,64,45,0,57,63,44,34,10,0,89,24,7,69,70,33,49,18,82,74,4,70,96,37,52,62,13,51,72,22,4,76,28,90,63,67,65,44,55,98,19,96,35,47,50,13,6,80,62,37,39,57,54,92,63,28,49,87,66,11,0,40,94,42,27
35,89,52,70,96,69,80,8,4,23,25,53,37,46,99,41,57,22,77,68,27,57,55,28,78,34,36,26,84,9,78,30,15,98,83,90,95,74,20,6,95,68,6,42,90,73,68,81,46,43,40,23,23,89,1,38,6,68,6,21,70,41,22,76,66,20,44,45,97,53,95,49,93,21,70,39,82,19,93,43,87,86,47,18,48,76,9,30,4,10,45,40,22,7,56,11,70,45,94,81
2,6,4,80,51,88,72,35,67,5,77,26,80,15,2,93,54,60,92,89,24,2,12,17,20,22,59,77,26,94,10,79,34,97,31,56,49,3,53,90,27,39,16,68,87,26,28,4,90,40,4,7,8,21,96,44,12,78,88,78,0,79,8,24,1,95,12,12,10,55,97,76,96,91,75,2,41,50,62,11,94,77,32,71,35,19,25,43,91,72,26,87,32,12,24,95,60,88,84,53
43,12,4,70,17,68,57,47,8,33,32,22,75,86,52,30,3,77,19,88,31,36,53,76,23,89,93,76,25,99,62,31,15,54,57,50,57,75,46,1,60,1,90,46,61,24,53,84,88,65,33,49,53,33,53,76,24,58,40,59,17,80,58,66,83,41,66,58,70,82,98,61,36,47,56,49,49,78,58,96,23,91,92,84,29,43,59,69,12,87,45,76,21,80,97,1,66,53,37,37
19,9,58,62,77,68,25,89,21,56,7,31,56,33,28,84,83,62,13,12,15,12,84,51,15,26,49,37,73,14,87,3,88,14,57,25,58,66,95,29,15,23,88,25,14,2,97,33,76,51,14,48,8,4,5,81,28,50,9,73,75,24,79,92,8,40,55,90,68,50,96,37,97,74,10,13,29,62,7,27,18,98,7,31,43,9,63,69,13,97,78,58,81,90,39,33,25,16,13,41
58,92,88,78,4,74,68,0,78,72,21,79,2,62,30,94,22,93,99,58,28,26,98,56,54,62,61,44,82,40,98,33,37,56,73,70,85,82,39,82,81,26,80,7,41,47,6,0,54,25,77,54,19,26,44,71,35,70,34,19,31,20,22,6,17,13,13,3,50,30,33,78,49,74,40,21,73,69,23,66,21,74,53,53,32,52,16,34,56,0,14,85,76,78,25,86,73,85,17,7
85,91,80,49,27,45,21,48,27,21,26,68,71,66,71,93,41,53,90,9,60,34,8,26,41,93,76,95,9,75,93,36,21,56,3,10,54,83,50,40,60,7,37,77,67,22,86,43,4,83,7,50,19,41,14,2,58,18,78,89,18,66,97,13,1,6,27,19,19,8,40,33,6,6,95,42,6,18,51,0,23,49,34,27,46,61,66,89,95,15,87,50,0,35,72,22,27,68,54,29
57,24,19,84,83,22,21,71,67,97,98,43,97,37,67,13,1,46,37,44,96,12,36,56,94,55,72,28,89,42,94,79,77,55,3,63,22,64,45,23,55,25,74,96,17,87,47,79,63,48,99,93,57,60,24,71,60,12,59,77,77,61,71,87,19,41,56,68,6,83,26,63,38,41,65,27,73,91,61,54,37,6,27,66,82,75,59,49,4,47,73,95,82,0,31,98,57,30,49,46
81,31,64,7,27,56,37,84,84,82,17,6,6,2,90,82,3,86,65,48,79,20,8,49,12,36,40,80,94,21,67,41,61,41,15,42,38,92,71,4,34,59,64,58,46,39,12,85,84,60,47,28,27,15,78,63,18,0,73,48,16,28,10,89,28,52,52,81,20,11,39,33,54,95,8,51,31,36,69,43,13,65,68,11,76,28,45,53,26,96,30,91,67,41,18,54,13,53,22,92
48,54,40,81,10,29,95,89,82,86,13,41,95,98,24,55,97,82,6,51,83,81,72,76,40,78,70,5,75,47,54,18,79,10,44,83,53,50,89,19,30,38,91,17,44,82,48,44,15,31,84,66,89,90,62,16,95,17,60,12,8,70,98,20,37,37,57,47,7,5,96,2,0,98,28,29,45,10,6,64,74,85,58,68,72,16,80,43,95,75,62,25,51,67,92,94,49,72,72,57
24,54,66,14,35,31,4,92,42,37,68,72,52,34,15,23,88,58,7,65,45,68,57,51,24,98,39,43,16,47,96,65,40,58,18,46,77,53,7,90,96,12,14,51,92,36,60,98,53,25,54,33,36,20,36,94,7,37,20,0,37,37,39,92,87,96,97,27,22,84,21,83,33,90,38,27,28,48,97,49,15,71,41,55,16,47,5,27,24,90,10,48,65,60,39,93,85,65,50,45
15,0,33,63,15,51,70,5,16,43,9,5,2,31,4,13,15,89,90,52,87,45,85,80,59,19,65,23,42,88,45,43,95,84,48,19,76,8,42,25,81,43,74,72,2,14,56,13,18,77,20,67,52,97,45,8,32,85,29,36,94,73,66,26,39,26,2,49,98,44,80,78,55,53,54,83,91,87,80,64,76,97,70,46,59,54,51,40,83,92,94,40,93,41,66,65,55,76,86,35
11,55,50,53,25,69,98,27,69,59,56,21,50,15,38,27,56,33,98,7,81,2,94,45,83,59,27,29,18,60,86,96,69,30,11,93,43,58,58,47,52,56,0,65,39,37,18,93,15,65,42,94,33,28,79,0,33,88,31,82,17,64,44,32,46,69,27,23,82,94,61,55,37,9,77,48,9,5,23,28,92,95,23,32,0,58,94,50,9,83,18,68,35,13,37,80,24,42,95,91
42,52,53,47,42,75,58,57,20,24,93,77,23,2,86,43,9,60,22,2,88,16,55,30,44,68,97,54,37,55,74,85,82,47,96,76,52,9,16,77,49,6,52,30,0,58,90,84,41,38,17,28,30,4,58,41,86,79,31,68,15,80,84,12,31,5,38,36,71,92,73,44,35,55,7,21,3,4,31,62,84,84,89,80,28,86,79,80,54,3,29,68,37,4,1,49,76,68,37,13
80,99,27,5,63,43,40,93,12,67,94,39,1,74,43,70,72,27,18,37,83,15,41,24,62,3,26,59,38,65,52,74,53,18,73,29,93,82,57,14,56,92,70,48,28,8,19,98,91,26,72,17,22,17,36,63,4,62,50,75,12,40,90,39,43,62,16,56,12,8,98,80,9,66,99,24,74,41,21,13,6,32,60,19,70,44,49,54,10,88,45,65,63,45,40,96,7,38,26,57
36,92,89,15,12,21,82,24,43,71,16,78,63,24,67,17,53,39,66,7,84,62,92,32,18,16,21,29,47,7,81,41,87,60,40,48,57,50,21,68,74,4,9,36,84,98,31,0,99,8,65,19,18,87,94,29,74,93,11,6,25,88,97,8,2,62,72,45,85,76,74,71,8,77,92,9,31,15,98,91,69,89,63,23,32,71,23,48,3,12,8,28,47,73,60,1,7,76,13,64
86,80,93,46,4,23,73,17,2,62,64,55,26,24,92,74,97,63,7,9,12,24,85,78,7,31,92,69,34,8,63,72,94,13,8,5,82,76,23,2,87,75,31,92,11,63,35,72,75,62,39,95,17,67,90,36,87,5,56,3,62,71,29,77,55,3,77,7,96,81,4,53,4,11,9,18,12,91,30,1,13,33,34,26,7,95,59,6,5,20,53,61,72,13,17,75,99,63,11,30
91,82,66,79,0,45,33,32,40,52,7,49,19,67,60,28,30,14,52,88,0,75,66,45,91,18,17,10,44,52,54,39,22,22,85,55,70,22,11,22,39,6,67,57,61,65,62,39,65,22,36,34,27,46,31,75,40,14,78,59,92,51,71,1,91,27,99,49,4,57,12,10,66,13,77,43,11,29,67,27,64,64,0,25,20,30,16,24,87,53,83,13,61,31,13,74,50,92,94,69
1,23,59,70,93,45,55,61,38,94,71,74,48,84,68,96,6,78,33,80,62,90,61,88,9,84,40,86,32,0,8,75,44,67,72,58,35,65,91,14,48,89,62,26,45,94,23,46,13,99,31,35,52,51,93,8,99,95,53,82,24,57,47,12,71,65,35,4,1,3,30,90,38,60,89,71,46,98,63,61,76,84,97,88,23,79,73,29,46,87,91,14,99,89,99,70,85,14,77,2
18,73,72,70,96,55,35,23,12,64,42,1,5,5,40,48,35,77,97,43,68,57,62,98,61,73,58,19,54,5,49,92,35,9,9,56,54,89,68,88,82,20,49,40,35,87,6,74,53,42,11,3,48,20,94,17,61,78,22,46,82,82,72,68,83,33,28,13,81,14,85,78,45,33,83,23,86,49,57,79,17,79,89,3,77,97,96,92,87,22,24,39,85,46,60,80,83,86,30,78
51,55,68,70,0,29,50,19,74,28,21,23,26,58,16,17,93,35,11,39,12,66,88,26,14,29,31,72,6,16,43,62,41,75,15,60,48,38,20,91,27,55,32,10,1,60,64,76,95,42,67,61,68,58,58,83,63,10,80,54,73,39,87,21,44,90,54,44,5,10,38,83,17,87,36,35,65,61,97,80,67,67,85,11,18,5,37,27,87,21,4,12,16,91,65,59,22,65,91,65
2,43,20,95,96,71,48,71,38,52,94,9,13,93,7,41,31,73,39,69,50,38,77,10,70,92,39,5,80,16,4,92,15,14,78,31,44,71,92,77,6,3,0,12,17,76,11,86,30,37,74,44,37,94,33,69,35,93,31,65,71,85,49,89,21,51,99,7,57,36,93,82,6,9,19,39,59,97,33,67,0,68,34,54,90,45,0,97,20,0,62,17,61,30,32,79,39,54,44,68
83,13,94,30,89,29,15,84,95,56,15,87,84,40,1,3,6,10,28,86,45,12,15,4,4,87,79,11,38,67,1,45,10,18,87,72,28,9,39,74,5,35,31,51,59,87,65,17,77,49,3,63,29,60,96,37,98,75,25,56,98,10,58,46,22,36,53,61,94,3,21,1,49,0,28,19,72,58,95,25,71,34,60,29,0,41,43,63,21,6,14,55,26,78,82,99,8,46,78,41
45,17,31,97,3,71,47,83,56,17,3,40,60,90,56,68,31,56,61,43,43,33,91,56,71,33,23,40,74,21,28,87,9,61,62,30,35,31,51,38,47,76,9,9,49,37,5,55,30,43,2,82,2,15,83,99,56,62,59,25,29,28,43,48,15,68,25,77,13,64,48,21,83,47,16,40,88,50,41,7,40,83,41,89,33,69,62,83,2,84,31,47,57,96,45,36,38,22,74,41
77,7,10,39,63,58,70,9,98,77,68,99,70,20,88,79,43,70,32,44,64,32,14,8,71,56,12,58,99,55,87,97,16,51,90,21,25,93,85,68,75,75,76,96,91,70,17,96,94,22,74,12,67,62,78,54,45,92,68,71,90,3,77,59,64,61,82,7,29,56,54,45,48,35,3,46,76,4,40,88,29,98,47,17,62,11,29,64,92,93,39,51,90,29,20,91,62,76,93,8
45,86,28,53,31,89,52,28,72,92,15,67,12,49,99,28,6,61,48,54,13,42,79,41,20,7,87,99,86,88,88,70,54,25,73,71,74,22,7,72,52,57,13,89,3,24,47,56,34,17,59,36,82,16,3,86,19,20,28,88,73,98,49,74,18,15,95,46,51,37,69,79,88,2,41,79,53,54,94,34,59,82,45,87,17,18,91,22,87,71,81,79,93,61,83,75,77,5,59,32
4,87,69,72,34,81,36,63,44,67,36,38,88,2,40,21,80,20,12,0,69,9,91,87,47,98,14,71,46,43,60,25,71,15,11,33,61,72,38,91,19,4,1,63,34,60,14,36,17,55,48,85,77,23,21,28,68,40,35,30,98,62,32,35,22,58,40,27,83,96,2,34,30,56,70,42,5,71,44,43,18,38,62,85,50,79,49,22,46,59,40,42,48,24,89,71,79,51,99,69
32,1,86,56,37,28,86,35,16,53,85,90,25,62,99,31,33,54,13,33,59,16,32,93,73,89,16,66,92,58,48,68,97,23,16,66,92,51,93,50,79,36,55,49,13,18,81,64,81,4,2,1,77,2,44,36,20,47,69,95,0,48,31,64,82,34,1,98,91,25,64,14,43,45,76,17,9,74,91,19,47,5,96,63,22,42,34,82,26,29,20,34,42,88,1,4,42,42,52,70
30,23,62,35,40,17,49,64,43,63,57,53,55,20,78,13,48,91,61,64,46,27,44,87,24,98,37,49,50,95,59,8,93,16,91,3,17,6,66,48,70,84,64,30,68,7,74,1,33,2,17,58,65,48,82,78,9,59,31,71,21,40,24,26,64,57,67,87,11,17,2,0,54,98,58,98,86,61,50,82,32,33,50,43,71,70,14,24,77,47,19,41,31,27,8,96,28,37,39,82
89,70,11,84,6,24,10,24,26,49,87,84,52,19,89,48,27,83,32,15,55,0,62,36,86,54,23,76,71,9,34,30,20,48,43,4,68,26,37,21,95,37,73,48,39,25,13,64,45,44,56,89,73,32,87,20,35,47,29,51,54,72,0,68,39,29,7,92,75,13,1,24,54,43,59,64,16,50,15,53,2,45,57,93,30,71,34,64,45,44,57,6,1,30,66,20,23,44,26,81
63,12,69,74,51,44,42,2,11,23,69,25,82,19,36,7,46,80,88,41,98,22,16,75,29,60,90,85,7,24,18,45,36,24,77,47,1,60,58,25,71,14,45,52,72,36,85,99,13,83,96,43,26,97,18,68,48,53,18,80,84,35,73,10,98,32,89,71,9,31,51,41,70,2,11,19,8,4,68,85,91,57,98,85,6,93,59,76,83,61,82,45,25,71,20,99,81,57,86,17
66,81,5,58,95,72,85,30,52,69,80,90,56,57,2,40,25,94,50,99,87,33,72,79,35,61,67,12,41,66,3,62,84,22,7,68,86,63,1,89,5,78,94,29,20,48,33,36,44,68,13,66,62,32,70,91,38,77,54,41,6,19,57,25,33,98,63,71,55,16,42,7,41,31,54,81,91,53,90,48,47,79,82,55,25,15,32,56,85,60,12,71,40,77,54,83,30,61,86,88
50,70,48,45,96,39,68,4,73,88,69,25,1,38,94,28,33,25,92,12,60,36,42,56,55,35,64,4,2,42,71,30,47,81,4,91,73,15,24,2,62,98,35,54,14,95,72,4,56,55,12,48,88,53,56,38,39,33,98,15,10,11,17,77,58,74,85,48,89,12,65,77,98,54,31,17,79,32,26,95,52,32,15,99,9,73,22,96,88,44,17,77,25,66,67,33,91,64,35,85
56,56,60,50,98,13,13,76,92,95,30,41,44,52,33,55,38,19,31,26,39,59,48,6,21,24,98,38,78,23,62,89,4,80,81,2,92,30,25,39,80,6,57,94,95,8,31,93,0,70,29,16,34,39,11,49,74,41,86,96,83,56,15,65,60,44,20,80,61,97,36,43,24,90,15,63,95,47,68,88,10,88,98,35,62,35,82,51,89,70,27,20,98,75,9,9,46,56,24,40
5,23,13,36,39,87,39,94,42,94,24,18,52,79,63,77,35,92,38,80,53,17,4,40,28,34,60,60,42,80,58,86,17,36,76,22,82,85,94,41,70,84,3,12,80,13,55,24,50,17,10,95,99,70,82,34,63,68,49,0,85,52,42,18,3,46,22,24,36,28,24,27,46,17,74,45,51,68,92,55,81,10,58,13,31,87,77,5,4,22,47,54,51,71,4,4,92,59,38,63
18,8,73,32,90,30,84,23,44,17,16,14,9,60,2,86,96,55,25,97,7,10,30,49,31,63,36,21,49,67,80,30,7,24,53,60,85,82,17,7,89,72,44,9,23,94,35,9,91,38,98,59,29,4,47,39,21,2,33,28,20,77,48,98,48,18,63,27,53,14,38,48,54,97,92,32,73,25,32,99,63,79,63,81,12,34,72,17,23,18,4,84,95,21,67,59,28,44,81,94
5,53,70,35,44,60,39,27,37,60,93,52,80,28,69,41,1,11,79,50,10,61,65,31,32,60,12,20,28,8,97,88,81,67,93,20,74,9,39,35,33,75,35,67,4,51,16,21,65,60,76,3,24,40,44,49,25,17,11,15,99,80,56,8,53,13,3,2,49,99,2,71,7,79,69,13,36,5,20,43,30,15,25,92,73,87,28,68,64,48,21,5,6,41,65,56,13,98,81,90
37,76,25,39,65,39,67,34,10,70,16,2,38,12,84,56,8,74,15,33,35,90,76,37,57,95,49,36,85,23,10,28,5,10,15,31,69,80,85,29,66,86,17,31,11,34,4,84,62,73,19,9,36,62,34,61,35,74,17,82,17,43,74,79,13,59,90,59,42,5,48,55,4,29,51,28,31,69,21,48,6,64,13,75,57,81,31,5,32,98,23,83,85,18,90,0,6,9,68,63
19,50,3,47,90,23,10,46,80,5,56,83,77,79,92,23,85,82,69,23,34,23,59,8,9,21,25,67,60,93,50,68,34,0,42,75,31,36,26,94,12,55,84,82,75,54,62,61,87,58,98,45,38,69,31,76,93,71,47,63,90,67,84,60,78,74,46,16,1,68,2,55,13,59,45,45,55,12,53,37,53,40,49,92,90,11,93,3,97,69,16,61,61,27,25,9,46,1,70,57
84,34,83,81,45,60,48,79,25,55,62,96,10,24,71,7,6,59,54,65,93,74,49,49,44,1,79,62,76,4,30,12,81,20,29,28,51,22,76,13,30,77,65,88,10,15,23,39,45,3,30,98,25,10,81,78,44,85,68,83,47,7,74,82,19,96,56,89,58,62,37,55,13,59,5,71,45,64,69,0,88,45,44,30,78,82,0,45,64,47,77,13,43,23,83,14,35,4,60,6
80,19,63,68,99,17,67,68,67,52,33,25,54,39,54,78,86,18,31,22,97,82,26,30,68,59,96,10,5,82,48,77,36,9,7,97,88,83,56,47,87,82,36,95,76,90,14,77,6,64,28,16,42,76,42,28,22,0,29,87,40,47,41,12,30,45,24,90,19,93,65,40,7,38,17,82,17,34,17,95,39,58,93,92,64,67,74,94,77,45,79,40,9,91,55,57,65,39,34,2
9,11,77,99,42,9,28,33,34,87,67,60,39,68,30,74,14,40,70,48,29,59,84,43,43,34,29,39,83,93,78,74,85,9,15,65,96,50,53,1,7,41,27,36,3,85,70,93,93,52,78,38,86,93,11,9,75,56,45,63,11,65,78,37,24,63,46,73,81,81,21,1,35,48,14,99,80,53,24,82,49,73,94,12,88,27,29,1,84,17,57,91,37,55,4,21,9,96,39,94
29,39,23,3,70,76,13,14,4,97,51,12,41,36,41,70,7,98,96,80,42,20,34,21,81,30,4,3,57,6,10,58,5,20,35,21,13,0,73,83,25,28,88,16,37,53,92,97,79,77,14,18,35,23,36,39,47,22,76,38,67,83,86,69,7,63,94,31,36,54,37,12,81,15,93,14,2,16,79,40,36,48,90,50,33,52,94,87,71,68,2,12,68,49,9,21,76,72,19,90
