40,52,85,56,26,92,3,98,73,84,75,46,41,22,77,18,49,93,48,11,47,91,3,2,71,6,94,76,27,89,20,52,33,6,93,34,27,68,1,95,78,43,96,76,82,79,13,65,57,52,42,84,60,99,69,83,53,41,41,23,5,38,73,74,26,33,62,92,44,90,96,1,82,26,22,26,62,0,47,15,45,43,34,19,96,80,3,83,55,79,15,25,48,36,97,0,41,68,22,0
36,71,68,8,99,32,41,16,44,77,83,35,71,55,48,93,56,86,10,39,1,20,81,0,87,96,37,14,77,95,75,90,32,34,89,69,27,86,54,5,21,42,65,69,93,23,1,41,7,13,85,73,43,61,13,44,82,55,5,85,81,7,68,35,55,53,47,43,84,78,52,62,96,62,56,9,54,76,59,17,45,29,67,47,57,17,34,79,99,43,37,83,7,80,50,11,23,83,57,94
92,88,95,11,38,51,85,79,90,88,73,13,23,86,35,40,95,45,29,83,15,89,29,78,86,24,28,90,40,16,72,78,70,7,72,15,35,7,24,4,16,10,88,19,93,51,26,68,21,60,20,40,20,5,80,89,10,73,54,95,79,43,88,11,1,31,69,75,85,68,93,30,18,23,46,1,42,82,88,51,75,78,98,4,70,2,99,40,18,11,68,43,48,89,85,45,19,49,41,31
95,76,92,51,83,2,90,35,79,97,68,42,13,68,55,76,44,90,66,28,96,13,19,97,82,47,26,60,39,32,13,70,87,80,88,6,23,44,24,19,67,9,76,59,68,82,91,71,23,4,25,59,27,75,70,10,89,35,85,69,25,84,91,45,98,96,66,47,14,92,89,23,63,98,30,60,94,42,75,15,95,75,63,63,3,94,25,74,70,74,32,99,48,98,17,32,67,88,58,94
44,38,8,19,87,49,87,76,36,46,54,5,94,25,30,63,4,93,9,13,73,12,0,18,46,49,78,70,66,68,92,31,1,71,29,17,17,15,55,3,35,42,45,97,27,36,48,51,14,96,13,86,49,17,0,46,94,18,87,24,28,28,75,15,61,46,36,18,56,19,81,81,77,69,58,94,4,69,98,31,13,8,17,17,71,1,94,63,40,92,46,42,57,67,96,57,64,8,34,17
66,20,78,99,71,59,7,25,33,56,63,55,81,72,21,12,62,24,84,58,20,44,34,75,88,71,55,16,54,72,66,24,91,2,30,19,2,17,15,69,19,70,85,79,30,53,98,29,43,97,71,5,18,45,95,92,90,27,12,98,27,26,68,8,40,57,73,39,52,6,19,20,58,81,34,88,84,42,39,85,21,26,95,50,50,51,26,76,14,30,27,18,27,35,37,33,41,72,15,81
63,2,62,44,45,53,91,49,35,80,56,43,73,17,15,16,4,23,10,80,65,9,99,1,86,6,36,74,89,60,39,51,9,74,68,37,32,8,44,6,76,58,13,64,50,72,4,11,16,16,55,48,46,65,13,33,96,60,69,28,96,58,31,33,64,18,97,16,48,81,44,11,81,44,95,84,77,9,58,79,74,66,58,28,14,24,29,12,54,84,56,2,72,92,85,49,31,57,86,5
61,7,80,28,51,27,25,10,93,77,21,32,26,86,97,55,9,75,79,89,74,10,58,10,34,95,57,72,53,27,81,27,10,92,56,33,14,26,16,67,11,28,49,19,72,8,42,26,86,18,46,48,13,39,94,61,84,23,37,79,12,56,49,68,84,50,40,43,35,45,26,31,35,82,9,51,85,35,29,40,93,33,31,13,39,42,92,6,10,8,99,21,75,81,63,49,46,3,24,68
72,29,37,65,44,87,91,55,91,47,24,98,83,15,74,8,37,8,13,87,19,46,48,85,53,2,1,89,41,85,43,18,66,6,84,70,30,67,41,13,19,60,93,36,12,42,55,1,61,64,88,97,76,41,28,18,68,41,98,58,68,41,59,80,66,82,28,6,54,98,51,8,57,87,3,41,11,93,42,65,4,43,65,27,36,97,87,93,35,33,98,73,52,55,58,78,66,48,55,92
4,43,47,37,82,60,91,6,52,3,26,62,75,24,60,83,40,65,44,83,54,59,94,93,80,15,64,68,60,61,91,41,23,48,7,90,88,90,59,3,4,33,24,50,4,19,42,10,36,83,13,45,89,77,41,99,65,1,55,79,46,91,36,41,47,3,88,45,52,57,37,36,43,48,20,8,81,40,98,39,67,81,92,37,63,31,63,23,19,69,97,69,37,9,36,91,54,70,86,69
95,81,69,92,40,34,50,77,84,53,24,72,53,72,93,9,94,71,44,16,5,94,99,24,46,68,25,96,5,19,89,57,15,3,17,3,52,72,62,87,11,59,4,62,15,4,98,84,37,0,93,67,75,82,65,95,44,47,26,84,91,83,40,48,26,83,55,99,90,30,99,43,9,32,55,28,57,58,53,42,32,11,9,52,42,71,75,58,22,23,4,58,37,22,25,3,30,80,62,38
63,44,50,38,41,15,96,47,46,96,75,64,91,82,16,86,14,99,8,21,78,59,69,63,66,52,58,47,37,2,95,68,14,86,43,79,1,21,76,43,26,19,24,16,54,97,51,22,82,84,10,1,15,24,11,34,31,37,80,33,97,14,40,23,0,31,41,2,32,13,29,11,6,14,68,56,81,59,8,80,10,51,31,96,12,28,18,12,43,97,14,59,8,75,39,41,77,81,34,35
73,12,69,76,70,7,11,62,60,4,6,27,43,24,19,32,47,86,0,93,44,24,66,7,40,17,60,74,43,63,88,2,22,61,3,90,57,77,32,52,0,57,42,4,97,63,0,4,67,47,51,41,34,21,6,56,51,37,33,16,29,84,92,40,30,96,20,16,24,91,68,21,91,61,82,87,27,32,64,88,80,9,46,79,82,90,55,34,0,78,72,73,13,33,2,83,93,30,79,43
70,87,67,50,10,24,45,99,82,47,4,48,97,36,22,20,76,53,76,70,86,93,36,57,95,19,85,77,42,50,36,59,0,55,36,13,81,39,39,5,77,52,12,24,88,27,21,39,35,15,75,26,99,69,5,14,60,4,71,9,83,64,51,23,89,68,61,88,76,49,36,69,17,86,84,45,40,70,61,57,11,5,82,28,82,58,92,78,24,49,46,11,19,29,73,68,54,23,56,13
36,63,69,78,65,75,64,37,25,18,86,66,9,77,54,27,3,61,52,65,34,22,47,31,30,13,45,54,6,66,54,10,71,92,69,41,38,61,59,18,79,26,86,6,53,76,39,55,57,62,37,32,7,35,61,85,48,83,95,80,70,42,70,94,42,13,45,94,80,6,58,55,86,78,79,96,42,10,57,80,62,15,64,91,2,96,78,14,13,59,59,75,93,63,54,93,66,33,27,32
62,92,29,84,70,31,0,53,85,43,7,82,93,51,99,70,51,80,28,33,97,61,70,27,96,68,64,24,33,20,25,60,80,36,11,81,47,64,81,24,25,2,94,37,98,15,25,40,76,37,84,25,8,82,87,47,99,95,77,69,81,79,90,9,99,2,86,11,81,90,11,62,95,41,70,78,65,77,19,98,26,73,62,92,38,14,98,76,1,31,41,42,72,97,87,21,70,86,44,8
52,84,45,43,74,75,39,4,70,84,63,91,12,70,13,37,71,76,44,21,10,47,88,34,52,98,75,97,30,88,86,34,84,55,59,42,59,23,92,79,73,77,23,17,59,58,75,45,20,28,88,84,83,49,41,81,87,91,54,76,79,60,60,40,74,62,78,64,89,14,11,63,86,51,50,10,74,50,26,34,15,10,46,71,80,3,9,55,39,44,60,64,40,45,85,86,28,77,64,5
45,69,78,44,5,27,41,6,51,83,19,10,1,83,10,50,12,54,96,52,38,59,90,58,46,97,78,28,23,61,87,36,98,22,14,54,50,28,46,30,2,31,45,8,54,87,81,30,52,98,54,84,74,50,2,97,16,70,88,39,3,9,79,10,77,74,42,22,38,50,32,82,60,27,26,48,70,37,2,43,15,99,11,12,70,41,67,82,35,62,48,73,49,25,46,51,86,13,4,70
87,58,63,81,88,70,12,22,74,77,53,53,70,61,90,55,61,59,94,69,62,67,5,12,91,70,2,6,4,27,54,12,22,3,76,13,31,50,84,34,48,40,87,99,24,0,0,21,1,44,85,6,50,78,17,83,58,72,14,80,19,52,33,15,71,30,46,91,89,78,2,84,38,53,74,34,26,80,57,22,77,17,47,28,22,15,30,77,3,77,15,41,96,71,85,23,74,54,1,2
9,1,53,97,70,92,9,49,99,65,97,18,61,61,52,36,59,78,98,97,48,8,80,52,95,30,65,64,28,31,97,44,64,85,11,51,89,98,97,81,92,70,59,73,0,33,81,9,20,51,25,68,46,46,21,30,95,68,15,51,19,86,19,22,49,52,18,4,76,2,28,6,8,17,12,16,56,28,89,28,98,66,21,23,98,49,50,67,49,8,85,59,40,42,94,3,12,68,51,7
81,61,68,19,4,28,48,50,0,66,28,33,52,19,64,31,6,81,52,94,24,71,64,7,8,12,42,24,91,63,18,77,70,54,32,65,68,44,19,10,64,48,82,19,19,50,87,87,72,12,21,4,20,86,83,85,61,79,36,1,55,50,6,52,1,98,41,36,7,62,1,34,32,81,0,39,55,74,54,19,23,57,84,57,59,27,80,92,49,51,95,53,3,53,32,9,20,44,49,64
89,52,37,82,44,98,9,37,59,77,81,39,6,61,98,4,42,11,97,97,58,45,35,77,72,48,49,57,30,88,7,8,15,15,16,96,96,82,13,28,75,53,91,27,95,90,17,46,28,14,79,74,38,60,4,29,81,91,90,99,6,23,91,12,57,35,86,85,48,66,77,25,24,79,54,35,4,16,76,54,23,28,18,72,99,57,39,52,19,45,30,23,82,68,82,74,38,36,31,46
68,88,35,8,62,59,64,52,99,89,71,25,59,69,22,96,71,95,35,35,69,92,23,97,97,55,43,68,2,1,54,38,0,27,62,72,28,54,62,68,79,84,47,99,17,12,10,1,20,70,92,90,45,63,19,61,10,65,58,35,7,24,29,69,72,36,83,50,59,54,39,57,56,54,42,20,32,63,23,95,48,63,47,24,83,25,4,12,7,94,20,50,38,75,26,71,48,17,24,98
50,19,76,14,57,37,63,47,85,84,45,26,34,29,46,34,76,11,62,84,47,4,67,58,37,64,38,48,97,86,40,35,22,67,78,51,16,97,63,65,24,37,4,58,6,57,76,84,96,90,67,83,62,61,89,35,76,1,68,0,57,30,79,30,2,21,43,53,44,21,48,97,32,32,35,48,19,22,82,61,14,88,49,52,44,13,66,92,79,60,66,72,93,1,89,75,43,17,59,34
77,69,37,17,77,6,23,35,3,89,98,18,50,50,85,59,33,91,64,54,36,3,34,95,77,16,87,53,60,70,16,28,71,58,46,94,96,95,49,2,69,45,2,39,89,48,7,96,45,11,9,48,86,83,17,84,98,26,96,13,78,42,64,98,22,59,83,71,17,35,10,63,29,42,37,87,15,34,3,3,12,46,28,0,19,76,30,29,86,99,37,7,60,67,52,44,14,76,13,10
63,62,25,81,91,93,76,43,95,84,28,81,38,95,70,48,7,86,11,62,82,32,24,2,63,94,20,46,11,42,87,0,55,48,76,49,6,29,17,10,66,93,95,89,83,79,14,8,59,29,50,33,67,57,23,19,43,23,56,16,25,44,86,72,80,25,5,85,36,98,7,5,51,11,92,58,15,85,44,74,38,32,64,95,83,36,85,17,11,54,19,74,16,7,76,95,67,89,2,39
80,29,30,84,75,76,27,30,78,25,64,91,25,33,49,97,68,11,55,21,87,99,10,21,80,70,95,89,35,7,75,73,74,90,11,99,17,86,32,60,92,0,26,90,24,26,45,46,76,22,32,47,88,42,85,64,69,22,38,77,33,5,90,49,46,15,17,17,14,71,74,9,5,89,11,33,30,53,11,70,73,36,48,15,78,11,92,26,83,66,62,92,12,93,73,86,92,62,96,3
93,8,58,71,93,25,54,21,84,64,16,41,49,61,43,4,60,6,10,33,71,94,70,74,37,80,33,76,60,7,69,56,67,37,76,24,92,59,84,14,21,60,60,83,26,62,70,55,55,86,21,81,79,63,90,30,87,31,58,28,55,53,66,34,95,7,68,95,47,7,60,3,93,50,79,5,79,34,27,19,34,13,59,56,72,60,38,37,31,0,76,4,99,88,21,58,62,83,21,47
36,30,58,69,58,96,85,61,27,70,97,41,65,97,17,8,46,13,31,43,57,80,86,6,21,49,90,63,32,36,89,47,52,8,78,71,89,23,85,41,36,17,37,89,66,59,18,43,10,15,36,63,12,99,61,81,37,31,87,47,4,33,74,92,24,31,76,34,29,14,80,88,89,19,41,79,38,48,4,67,78,26,57,86,60,96,61,41,23,27,14,35,6,22,8,15,38,9,33,2
79,31,46,86,97,69,52,98,96,46,77,87,56,88,70,28,2,9,30,54,32,80,78,94,83,10,89,5,55,26,88,51,62,5,3,35,94,66,86,50,58,74,10,79,50,80,44,20,86,13,88,84,78,86,64,9,27,87,3,8,64,57,70,24,55,99,94,4,19,63,68,29,76,0,15,7,77,31,2,71,63,83,26,24,86,6,54,60,41,91,64,98,91,14,89,66,1,23,84,47
36,63,25,93,7,8,87,60,86,7,28,61,70,25,33,4,73,23,38,98,70,72,34,50,50,30,63,72,38,31,93,22,69,82,97,23,26,77,43,80,19,32,55,33,50,9,77,58,53,70,28,48,41,8,73,68,43,64,79,59,54,37,57,56,58,97,84,94,26,57,32,25,78,16,58,4,15,68,22,21,3,82,18,42,71,88,3,5,48,12,74,87,22,31,32,61,23,31,39,7
91,19,67,62,34,26,25,42,87,67,35,13,60,95,38,75,59,80,50,15,55,35,43,39,42,30,1,81,56,85,81,2,36,38,95,95,50,55,76,38,79,76,62,22,98,2,51,13,18,8,23,36,58,92,82,88,33,50,13,84,37,58,6,78,13,19,63,80,32,33,20,25,62,68,65,21,11,10,70,49,99,96,50,71,24,84,15,34,15,67,88,22,94,14,23,92,3,35,62,70
98,60,52,98,66,18,20,24,17,0,33,74,11,95,51,68,68,2,27,52,5,81,70,48,59,90,70,12,26,12,61,91,50,94,44,35,71,28,13,41,74,95,14,2,85,63,41,95,32,59,49,55,87,83,54,49,88,25,90,1,45,51,92,65,15,90,29,61,82,49,22,59,57,88,57,97,30,78,85,12,43,98,5,7,12,23,38,89,21,76,56,68,97,64,94,99,25,29,62,27
34,93,88,26,53,50,64,8,13,66,11,39,21,39,51,71,69,72,72,44,98,74,58,25,37,55,29,17,23,5,91,63,4,67,95,18,72,77,33,7,71,45,67,13,41,67,84,88,69,1,24,94,35,60,15,23,94,80,55,79,23,54,4,10,76,76,35,95,65,9,39,90,24,93,76,61,33,97,23,50,77,91,44,24,33,37,63,15,71,46,13,81,16,23,30,23,73,33,60,54
11,32,10,72,99,40,56,91,32,38,37,52,88,11,78,8,58,37,50,5,5,27,74,32,2,8,12,56,3,72,45,65,20,99,11,54,57,67,61,11,62,16,28,47,3,83,56,24,63,5,89,60,91,78,60,70,65,70,90,94,15,6,31,6,55,92,61,72,41,42,12,61,83,66,22,15,57,64,28,39,8,48,15,45,82,66,57,73,65,8,65,12,65,59,14,16,40,66,4,77
27,53,32,25,23,82,50,83,39,58,42,81,2,54,65,15,89,4,10,80,86,22,7,48,28,43,37,75,31,50,85,58,20,35,35,60,54,16,93,88,17,1,64,78,11,76,53,44,81,45,23,15,88,89,46,51,9,82,14,35,4,55,2,67,88,54,55,88,72,12,37,6,13,81,8,38,5,77,21,41,54,19,20,90,75,20,26,60,75,4,7,73,35,94,78,55,38,9,29,83
13,67,8,88,66,17,71,90,34,54,76,37,31,59,72,38,11,32,61,0,19,44,89,7,84,82,10,71,83,3,49,96,17,37,90,79,6,35,81,64,15,66,19,70,44,37,88,29,52,40,77,67,32,24,12,79,2,23,92,94,10,2,70,39,96,73,61,7,17,50,78,2,13,38,89,5,54,65,12,85,30,89,10,12,39,14,99,96,88,70,94,9,84,84,26,49,38,95,79,87
57,85,97,31,35,25,26,18,21,46,88,45,9,38,6,28,79,0,12,2,71,10,39,36,92,30,87,12,4,99,67,36,19,73,55,75,64,95,26,48,4,26,35,65,22,79,79,31,29,28,77,93,52,95,72,19,27,32,70,34,88,47,54,45,49,15,36,98,6,33,22,20,83,76,47,41,91,33,76,57,52,39,34,18,71,34,31,81,33,10,7,42,95,52,18,67,99,73,0,65
23,98,12,21,16,95,26,25,1,95,61,29,37,85,13,83,64,67,19,7,17,56,41,47,93,36,37,18,48,8,83,79,97,19,7,24,28,69,61,26,68,89,79,55,72,58,57,66,11,76,0,16,71,2,61,56,39,86,43,38,1,8,64,11,3,35,76,97,18,28,7,27,29,12,57,49,60,22,41,18,80,80,87,9,32,96,39,6,15,31,10,14,5,73,76,91,20,10,17,55
67,21,62,71,34,72,7,73,65,17,38,99,48,28,19,6,28,14,63,78,98,18,36,15,49,54,95,34,34,29,73,12,54,0,32,40,96,31,9,63,44,27,28,9,73,18,92,86,22,19,81,33,85,67,84,84,24,93,9,96,32,31,16,21,64,37,90,46,56,0,44,64,69,99,86,56,92,54,90,55,58,69,80,93,54,7,54,58,75,5,9,46,58,85,39,61,72,44,56,43
44,64,55,4,31,99,45,16,77,6,50,94,25,14,33,0,35,5,3,77,45,69,40,86,24,70,97,58,64,89,37,36,58,77,63,79,35,53,70,90,61,85,95,30,87,87,32,69,58,86,58,77,43,26,98,22,6,22,78,65,72,40,87,50,88,39,14,84,20,31,94,77,10,12,89,5,39,1,77,44,65,9,47,73,29,61,35,41,63,58,22,17,61,44,8,60,80,72,30,84
91,11,4,69,46,49,13,99,26,74,55,50,94,23,79,77,14,96,75,83,93,45,94,47,70,79,49,30,56,67,74,51,47,94,91,14,39,80,18,18,71,63,52,29,43,15,61,63,62,88,37,84,47,64,73,79,60,55,29,64,94,77,39,84,37,48,86,28,3,92,40,24,35,28,14,51,91,29,49,89,86,25,10,96,89,10,7,72,71,26,6,58,33,28,3,44,68,45,58,87
76,69,51,86,29,16,54,31,97,42,75,52,30,59,86,76,67,91,13,63,62,10,34,12,48,8,40,22,77,81,63,84,92,35,24,23,14,5,83,85,67,93,44,83,81,18,49,78,77,64,49,92,2,8,46,11,81,59,10,20,15,92,48,86,33,99,66,12,45,26,59,89,96,42,67,19,88,90,74,88,40,52,42,22,2,96,98,5,35,36,95,72,87,54,91,24,89,13,29,45
95,2,4,79,71,62,24,28,74,30,30,25,10,36,21,66,67,6,25,48,62,16,33,74,60,18,70,44,31,20,98,97,0,55,75,3,6,73,51,97,55,4,33,25,56,39,64,28,4,30,1,47,77,21,83,7,27,50,14,54,98,68,83,1,59,91,24,66,92,1,57,39,97,94,67,96,86,5,54,79,9,68,84,26,70,79,73,55,84,28,58,16,20,78,15,64,12,91,14,19
61,84,17,2,73,94,60,71,72,71,95,32,56,92,39,90,72,17,24,82,22,17,68,83,52,57,15,68,32,36,86,42,37,54,95,97,86,62,51,4,79,21,87,42,30,17,18,53,91,91,63,55,21,46,94,12,85,17,45,87,39,84,65,43,84,58,52,85,65,27,33,33,93,93,59,83,34,77,4,21,43,22,22,67,14,1,81,22,81,67,80,45,60,44,44,70,53,68,15,30
73,93,50,81,3,29,14,81,30,50,14,37,4,5,58,97,9,35,57,53,87,19,80,67,96,88,78,3,26,21,92,51,20,88,26,24,37,49,81,64,98,14,76,37,10,60,10,50,65,36,86,45,99,99,73,77,62,59,70,67,90,44,7,57,2,80,93,98,96,36,82,53,3,23,98,57,17,80,6,6,47,68,95,26,21,17,72,63,30,31,19,52,29,18,73,71,28,69,26,67
90,54,47,84,48,86,80,5,25,20,6,8,22,10,61,85,1,21,36,92,22,99,2,36,48,78,13,91,90,63,90,0,25,4,59,33,6,7,97,89,98,53,95,65,83,28,24,68,59,30,53,85,15,34,83,38,37,88,11,79,95,69,33,20,99,85,79,35,89,74,46,10,8,98,48,81,61,89,68,49,11,56,32,94,36,58,77,26,1,77,84,7,31,73,42,2,42,78,14,87
80,19,7,3,75,72,1,15,37,56,17,99,25,40,24,34,46,45,21,81,16,68,79,68,95,77,11,36,4,42,12,8,64,58,52,91,15,14,66,61,18,90,58,34,69,21,81,78,16,76,48,85,38,42,72,82,67,30,94,57,59,77,1,80,28,87,89,12,53,32,20,88,65,16,72,70,51,48,48,45,60,87,83,80,11,94,55,1,66,85,48,74,1,8,2,36,44,25,97,74
43,79,50,91,53,44,43,99,43,96,19,4,70,66,37,49,56,5,93,76,32,8,1,61,88,30,77,43,29,18,1,99,34,86,29,28,15,71,35,30,45,89,44,35,7,77,5,63,83,77,29,88,87,96,44,36,99,27,29,31,91,4,21,12,70,89,91,43,23,85,75,77,97,24,55,29,70,60,46,69,13,29,83,40,92,1,71,53,29,0,55,45,41,32,76,86,60,13,46,42
4,30,32,98,63,4,74,24,4,39,89,12,34,90,24,18,82,27,40,94,60,57,69,36,64,95,16,8,98,30,21,35,54,42,86,12,28,17,95,5,17,10,18,73,11,74,27,43,6,21,60,58,95,41,82,81,27,3,35,86,5,95,69,14,62,96,81,7,2,80,17,11,72,40,72,89,34,49,84,14,3,73,26,14,34,52,82,60,63,33,50,32,58,16,88,17,48,62,49,96
2,77,33,40,86,3,29,26,73,26,91,41,3,46,72,92,72,94,42,73,44,25,25,46,47,61,12,74,71,83,93,97,93,3,57,69,6,1,63,42,10,93,9,45,38,39,60,94,23,48,61,95,12,90,71,9,26,87,65,37,28,6,46,80,77,70,51,73,96,99,23,8,43,83,93,29,57,22,47,90,66,86,99,86,82,18,14,31,85,94,17,75,38,92,48,75,75,59,99,97
54,42,97,56,2,83,75,94,67,89,41,26,29,35,84,72,68,8,52,18,10,88,46,96,66,66,95,92,4,81,31,5,13,16,80,51,45,61,48,92,1,53,29,85,92,27,17,3,94,83,58,37,31,96,63,48,71,54,90,58,22,80,85,92,7,62,97,75,70,54,46,54,11,98,49,99,63,42,45,11,89,37,59,0,90,63,45,82,62,25,94,74,31,65,80,3,68,32,24,90
51,9,99,26,24,76,71,12,94,98,88,62,5,68,17,95,62,19,3,55,14,35,67,86,69,15,25,14,4,81,5,31,35,99,63,69,44,19,96,93,57,8,83,46,65,86,34,39,78,72,0,51,40,4,37,12,78,19,74,4,89,15,20,38,73,31,72,66,96,71,92,13,12,74,72,60,54,57,51,22,24,13,51,17,91,44,0,42,28,40,41,46,86,29,12,51,63,82,88,51
80,68,50,55,91,23,82,99,11,34,84,38,79,14,57,38,0,98,67,58,13,58,46,44,9,86,55,94,8,79,6,80,59,13,47,57,18,80,6,64,92,9,53,38,19,71,96,85,38,16,51,55,0,10,23,85,34,56,70,3,12,58,59,51,10,64,55,14,46,32,78,86,71,10,85,78,79,9,47,23,94,48,12,85,8,71,62,86,54,73,4,99,86,8,30,30,16,7,66,31
73,43,61,35,49,21,21,46,29,8,7,56,8,56,70,77,39,54,2,63,9,66,44,73,64,8,15,53,58,40,24,38,96,6,35,69,85,33,1,22,92,7,90,0,59,94,88,41,80,14,35,27,90,60,45,33,61,87,90,30,51,65,48,33,75,24,24,24,0,44,33,27,32,34,78,62,75,83,84,23,59,44,30,27,97,41,96,95,85,32,80,15,92,7,87,66,87,10,33,70
77,60,12,43,53,90,59,23,2,79,92,6,83,39,26,51,79,6,49,71,80,75,84,84,92,14,13,79,94,47,97,16,61,19,19,88,47,46,3,6,25,58,65,69,22,3,19,78,80,51,28,49,78,61,50,35,64,34,18,51,53,16,53,13,35,51,6,5,54,2,40,8,14,80,26,39,71,21,82,53,55,71,64,74,87,65,14,29,8,7,86,86,97,96,39,95,77,69,73,90
74,39,1,33,73,97,57,17,62,72,54,31,9,48,66,68,31,24,17,73,91,49,0,13,76,71,45,15,31,98,32,15,59,80,42,0,45,29,32,64,59,8,55,77,49,69,34,65,30,81,58,37,37,44,21,90,7,74,86,25,94,64,6,21,73,74,16,90,43,20,4,65,50,30,61,23,0,61,44,60,84,36,25,46,7,35,69,51,23,56,7,40,30,56,20,42,60,12,70,47
26,77,24,79,15,73,77,17,45,6,12,93,37,2,39,36,73,64,55,11,62,81,87,25,26,25,22,36,68,51,56,27,99,6,62,49,46,86,37,98,29,62,17,89,9,38,7,66,46,61,25,22,26,26,6,75,70,57,8,70,77,86,59,41,13,81,60,73,47,32,96,15,31,62,36,34,97,25,65,41,14,92,61,44,29,99,28,39,51,79,58,68,3,9,37,13,45,55,99,47
90,24,99,99,4,26,5,18,95,62,85,8,54,99,84,37,5,82,82,5,61,11,35,58,79,25,80,21,7,53,91,13,23,81,28,0,75,58,96,32,0,17,36,97,14,51,22,49,5,30,6,89,99,84,64,92,79,73,84,87,1,13,28,33,22,23,30,19,33,38,92,71,8,47,81,85,33,80,66,61,12,48,59,14,34,43,93,71,64,21,91,35,10,12,61,25,79,39,25,11
58,10,15,26,64,15,4,79,20,38,66,76,0,66,82,45,69,97,42,10,31,34,47,83,64,70,92,7,63,80,58,70,29,18,43,58,2,78,70,37,58,41,84,26,88,64,69,41,13,76,98,48,6,80,71,29,11,14,39,66,56,99,88,49,62,26,88,8,87,83,1,24,88,65,9,11,60,60,11,79,57,45,42,83,78,74,40,5,52,6,10,34,87,95,35,11,94,1,72,49
0,22,40,19,73,97,84,63,23,37,28,47,98,80,14,35,56,36,97,21,35,85,23,35,97,56,15,93,97,21,5,39,51,48,32,44,58,47,19,90,83,56,85,0,87,1,66,50,50,46,70,95,11,62,48,94,44,75,81,87,50,44,97,72,82,48,11,80,39,77,84,45,99,11,45,95,1,48,2,45,14,77,3,11,49,59,70,5,53,35,0,8,50,7,49,19,3,35,72,82
78,81,88,70,63,90,92,80,60,85,57,29,90,53,9,7,16,14,81,86,57,97,40,89,56,34,20,24,88,40,15,72,14,61,83,31,67,43,18,11,7,3,64,41,12,80,82,56,21,48,17,68,58,36,94,2,85,26,5,36,67,24,32,67,69,6,4,11,27,97,16,75,22,20,11,8,62,49,41,17,7,61,41,71,9,36,1,71,52,57,7,93,90,86,52,98,59,84,1,46
11,45,73,12,86,6,74,65,2,61,15,76,71,62,27,87,55,38,29,55,34,52,75,5,75,54,38,22,13,3,68,77,7,93,37,12,35,3,52,45,39,74,66,26,24,41,65,41,83,93,78,18,58,82,61,83,12,17,34,7,59,67,98,46,63,89,85,9,84,49,90,85,68,80,9,15,95,82,43,79,96,70,9,34,1,21,17,47,96,66,69,60,0,84,82,95,7,48,55,39
57,81,20,98,19,46,20,78,7,75,99,79,48,60,1,1,98,76,54,17,74,69,70,2,97,30,22,67,87,18,82,12,55,15,66,70,47,28,88,80,41,27,67,76,45,48,10,23,90,46,33,53,28,79,9,13,93,9,36,69,43,88,51,46,54,7,12,15,3,66,95,48,8,69,33,26,45,72,81,26,68,41,34,91,49,12,31,24,97,4,45,76,59,33,52,89,25,13,85,40
1,49,64,11,17,43,71,85,55,11,92,52,89,19,85,32,17,46,10,44,40,61,85,33,35,57,52,35,1,45,94,9,32,93,56,37,72,35,81,45,50,90,22,97,77,53,89,3,20,68,24,29,27,26,4,33,88,77,15,26,5,59,91,31,64,5,5,14,72,87,61,39,48,83,76,98,59,11,56,56,70,27,25,70,25,32,45,25,28,40,5,58,14,26,84,92,77,61,58,33
70,5,85,65,64,30,4,51,3,50,72,19,14,17,15,44,67,55,49,79,20,95,15,28,19,32,16,14,59,70,23,35,97,54,70,65,58,42,29,44,95,92,86,32,94,1,36,31,92,31,4,17,57,45,32,20,81,7,73,92,66,83,52,79,1,42,76,82,17,27,35,96,56,13,33,87,97,56,35,26,37,68,62,70,73,95,5,30,56,41,17,81,98,16,70,34,31,33,79,68
39,50,14,0,4,55,19,21,47,21,69,94,85,30,98,23,33,47,16,45,63,40,32,56,3,2,88,8,59,19,98,20,87,82,91,16,7,97,38,84,64,65,81,91,45,37,86,26,82,80,67,62,66,41,84,50,29,0,59,32,80,8,54,20,93,99,9,39,32,15,11,30,36,3,51,52,97,1,84,40,98,12,77,45,58,44,75,44,0,59,29,40,7,11,43,54,65,2,4,90
76,92,62,38,67,39,91,42,76,41,61,58,99,35,31,29,39,85,51,71,24,58,24,49,95,78,81,24,95,71,29,0,6,9,46,72,50,50,90,0,14,55,96,47,83,1,0,67,72,76,22,65,37,22,79,90,57,47,7,4,3,32,79,14,31,59,29,65,91,47,22,28,20,41,27,35,60,87,8,66,21,61,88,48,83,14,15,89,68,4,75,77,85,44,10,92,10,16,69,15
87,79,9,4,14,81,0,58,28,68,23,83,7,55,43,83,70,82,35,90,89,71,95,79,65,4,99,58,64,37,43,60,38,21,59,48,3,53,92,88,69,17,90,34,18,68,29,83,59,11,47,95,48,89,52,7,35,46,12,71,33,30,82,70,8,2,55,5,76,18,71,50,73,57,91,71,65,14,55,82,0,8,83,26,96,78,97,43,88,54,19,48,56,43,48,59,38,96,5,83
68,92,16,50,38,41,57,49,1,43,85,61,82,46,8,16,97,50,52,9,22,26,40,24,17,64,59,78,90,86,13,18,96,79,12,94,55,52,77,73,97,9,31,45,26,59,21,24,16,49,83,92,10,92,5,48,21,53,28,8,57,25,59,77,35,87,84,29,44,98,1,50,18,33,8,81,58,18,86,27,80,87,95,56,92,80,4,64,8,41,47,7,0,15,76,53,42,28,25,7
12,8,56,89,95,79,17,57,23,73,31,24,31,8,44,85,8,49,92,44,65,86,52,45,37,44,63,41,24,33,22,36,37,57,14,70,77,20,18,9,22,36,1,29,62,59,21,71,27,59,22,47,44,70,70,76,30,75,41,98,70,96,46,52,22,90,44,88,63,89,83,97,29,55,87,36,47,30,4,51,3,67,96,65,42,99,42,42,21,64,20,8,67,44,64,24,83,34,29,60
46,13,52,78,10,99,13,45,54,43,71,7,89,52,56,88,51,27,60,74,96,24,58,6,20,32,77,23,72,57,5,6,74,75,8,10,3,32,96,34,30,80,99,97,70,23,14,58,86,51,92,76,69,2,83,17,68,73,21,92,49,64,84,89,45,47,8,31,90,33,67,37,48,87,11,84,0,91,88,0,8,35,69,97,90,14,1,57,56,79,23,69,17,34,19,82,82,40,92,40
13,22,18,2,63,89,65,40,69,45,40,93,96,27,69,87,17,57,46,42,44,91,25,54,6,52,93,49,79,48,24,85,2,79,37,30,32,26,31,57,63,87,93,94,51,83,42,60,64,3,81,71,27,19,37,45,91,29,6,46,40,93,83,18,0,61,1,85,94,26,82,36,76,56,8,43,96,23,49,59,61,70,54,96,46,84,84,11,0,70,83,32,51,52,42,52,66,20,97,63
2,81,98,23,22,21,15,35,80,35,89,52,50,64,54,43,48,57,73,25,26,21,70,15,1,14,65,21,22,59,25,19,35,47,42,84,95,72,20,35,46,87,44,83,38,61,28,94,41,0,94,46,83,25,34,49,76,61,68,75,7,46,74,78,54,92,68,14,57,65,35,67,31,10,96,68,73,4,52,34,18,56,61,66,36,51,4,12,48,6,99,89,44,81,99,59,27,27,70,93
18,19,18,38,19,94,18,91,90,69,38,18,47,40,71,81,49,37,50,88,68,73,13,79,23,42,16,44,13,82,81,81,61,26,67,45,13,25,65,45,43,89,67,75,39,90,48,51,22,43,99,86,21,5,35,45,71,42,81,82,12,7,13,50,45,3,93,95,37,60,91,53,75,27,14,65,43,56,32,80,95,84,23,10,70,68,13,35,96,35,7,28,13,31,41,9,68,9,0,90
92,51,98,67,42,76,20,43,10,95,82,29,33,16,30,8,80,53,43,6,90,64,65,88,24,39,34,64,37,52,21,48,34,26,63,35,88,7,83,46,81,76,63,97,86,0,21,83,26,11,8,72,29,62,3,95,88,57,80,29,60,25,75,45,18,81,74,77,49,80,93,81,4,65,79,36,31,75,95,68,57,16,86,71,93,40,18,72,37,6,39,63,53,15,6,19,13,12,63,9
17,28,65,38,17,83,18,98,33,45,33,95,81,14,43,30,34,86,44,0,84,66,23,6,8,39,35,47,78,3,41,4,40,74,44,99,7,58,43,99,38,3,17,87,36,98,28,49,52,17,31,19,37,1,83,54,72,24,89,76,17,30,38,8,82,39,84,68,52,65,60,71,87,37,81,17,81,68,52,40,47,93,51,9,75,54,21,24,3,51,44,64,92,48,80,3,51,82,15,23
64,86,55,87,25,33,60,44,82,32,41,32,47,32,99,85,83,59,18,54,72,27,60,4,92,43,79,52,59,31,81,97,88,60,41,53,98,81,47,50,99,74,49,55,32,28,50,75,48,43,89,54,43,56,10,92,52,45,17,7,42,95,8,69,88,86,5,51,28,5,13,16,1,66,81,39,78,89,87,65,11,25,45,27,12,15,52,15,9,20,36,65,4,53,2,69,39,82,13,88
69,40,42,45,56,52,36,7,37,66,23,77,43,98,73,61,63,71,69,18,38,34,65,44,89,54,26,26,77,82,19,84,23,58,18,79,91,80,64,79,13,39,32,64,73,3,62,28,36,28,74,8,5,20,16,38,50,61,49,72,20,99,36,83,52,84,22,95,15,97,15,51,55,33,41,77,69,86,56,48,60,3,45,38,82,46,61,1,77,82,77,42,65,85,16,94,6,85,40,20
79,93,78,55,33,3,94,25,6,96,59,74,93,72,73,64,42,60,76,79,99,86,24,13,22,32,14,7,32,34,39,64,48,14,21,12,12,94,84,80,12,77,94,89,48,58,98,98,4,98,76,35,8,44,38,80,51,36,99,88,49,30,76,64,37,66,36,57,96,76,30,33,56,41,38,64,5,89,1,67,9,32,94,86,49,77,69,8,87,5,27,56,79,41,9,7,87,99,6,1
10,0,60,61,74,76,15,89,56,37,69,87,9,49,86,58,80,8,75,45,27,23,6,71,5,16,77,63,9,70,44,90,60,20,62,20,69,61,73,68,58,95,98,80,19,99,43,73,63,37,31,31,6,62,40,81,19,98,60,37,20,95,62,27,84,0,97,13,17,98,16,11,57,63,48,52,96,60,3,49,60,65,41,53,81,45,56,3,33,32,47,44,95,74,48,97,28,40,84,85
87,90,63,75,10,36,36,84,75,82,72,76,68,88,18,68,8,58,16,31,18,5,13,1,23,55,10,98,14,17,40,39,71,16,31,41,94,54,89,15,76,31,23,1,44,36,81,83,6,19,86,23,32,29,98,28,3,85,75,56,80,59,51,81,20,33,20,64,51,45,27,42,92,28,23,56,51,91,54,51,47,41,39,6,14,89,54,32,20,22,60,58,16,85,51,77,51,74,26,96
30,78,15,17,63,85,30,38,8,5,30,28,72,5,70,80,0,32,6,50,6,61,93,79,16,19,63,7,7,25,88,69,72,21,88,55,0,30,78,69,29,29,56,93,61,17,12,69,82,59,53,58,8,9,22,1,30,89,8,16,37,7,75,79,55,53,98,5,8,83,68,79,76,99,8,19,57,94,26,85,28,5,3,3,70,24,42,92,44,72,36,72,72,24,63,70,69,70,29,51
83,68,0,51,27,48,2,82,32,64,62,81,42,2,97,10,17,8,91,50,28,44,65,3,77,24,24,39,4,65,42,52,19,33,70,49,21,3,51,97,59,59,72,19,40,47,57,35,89,2,7,45,1,20,43,64,11,27,38,48,34,45,40,65,51,98,5,9,17,72,94,1,22,14,38,85,50,47,86,17,77,50,34,35,83,0,16,76,35,8,12,63,90,58,43,26,81,18,58,55
41,12,63,62,36,15,46,6,64,79,81,65,34,64,74,78,77,13,26,82,61,53,87,43,23,73,4,50,65,19,85,35,72,27,58,43,58,48,13,18,79,2,0,95,59,88,1,53,97,42,56,44,68,68,95,65,7,21,85,74,28,47,98,82,86,19,32,29,99,95,43,93,45,61,46,6,21,86,92,48,2,79,10,87,76,75,0,31,29,23,13,2,78,47,49,79,31,59,64,12
36,98,55,16,75,87,11,51,99,25,31,12,0,85,45,6,98,24,46,38,20,94,37,21,6,55,69,30,66,44,6,95,24,91,7,53,93,16,15,6,22,67,46,83,95,47,28,55,18,80,32,59,26,38,47,16,36,51,63,15,77,0,63,3,96,72,89,98,88,89,27,14,21,23,45,23,3,86,55,99,71,23,55,85,14,96,22,83,17,63,99,94,47,55,38,16,79,94,98,42
18,53,78,0,17,60,83,70,24,93,27,53,97,37,67,48,20,4,26,5,97,47,41,11,28,59,27,85,90,29,58,13,80,36,89,4,41,67,21,74,18,60,63,90,97,54,51,88,40,0,75,87,51,23,52,87,92,47,22,55,52,65,52,67,7,83,58,73,82,25,71,83,89,92,59,70,51,66,37,5,58,43,62,84,0,59,81,68,95,56,12,58,34,26,53,28,37,65,67,84
16,40,20,35,37,33,67,1,90,93,87,59,50,26,14,54,63,42,0,16,21,68,32,41,8,11,26,81,75,59,79,80,58,77,58,15,2,85,4,66,3,31,18,99,7,51,23,94,13,98,97,98,38,99,30,49,49,74,60,12,10,24,55,18,60,8,31,16,32,26,5,82,29,35,74,48,15,53,98,55,21,53,24,58,83,11,27,26,85,13,38,19,28,69,90,94,67,61,88,60
91,68,6,28,69,51,22,50,49,81,78,87,36,45,32,9,2,27,30,63,41,6,94,1,91,65,84,88,79,79,13,89,51,26,91,49,14,21,87,53,86,34,31,63,17,20,14,49,88,4,3,77,85,39,30,66,90,0,57,55,59,84,45,82,60,24,5,41,89,50,18,25,28,97,74,50,5,43,2,44,5,76,90,35,20,5,88,43,88,67,86,24,12,59,37,80,47,3,71,43
78,39,52,10,40,85,53,82,83,74,4,80,61,47,88,10,39,40,36,26,27,53,25,22,5,63,97,69,66,82,50,28,56,58,40,1,6,34,58,84,80,69,47,47,37,48,32,70,49,57,0,1,17,15,89,6,90,38,33,62,6,54,76,40,91,80,48,40,50,17,57,75,80,52,80,28,95,59,14,7,27,42,66,50,4,44,23,20,5,30,9,16,7,42,11,38,36,25,98,45
56,29,40,97,38,51,47,76,88,36,87,12,92,43,67,71,11,84,5,16,95,16,16,22,38,46,2,79,59,12,24,91,81,59,61,71,38,5,52,5,73,0,86,70,65,18,7,47,2,76,46,57,75,96,12,80,69,43,18,59,55,43,2,50,43,98,23,48,57,0,91,93,12,35,83,56,33,22,54,63,32,55,50,8,55,18,7,26,82,28,93,53,4,69,42,71,67,58,55,69
27,62,91,78,58,96,26,63,49,54,27,81,23,82,98,88,19,46,37,16,43,13,41,42,99,5,98,84,65,96,0,34,51,21,21,2,24,87,40,11,4,52,64,26,6,72,57,42,68,48,76,67,34,59,90,62,32,33,4,71,38,83,34,14,10,7,65,96,36,77,28,4,71,42,3,3,49,61,95,78,41,28,74,9,97,26,10,28,34,83,25,50,40,84,5,95,39,5,35,16
4,57,74,13,78,86,72,79,60,70,16,27,27,22,56,48,70,45,43,29,46,60,76,67,21,50,81,82,39,31,3,75,23,27,11,10,36,74,93,74,19,98,81,22,98,5,26,43,59,64,64,0,75,16,12,17,11,41,43,26,33,73,48,19,64,68,69,73,21,31,16,96,30,74,17,83,25,99,96,14,38,79,38,75,82,44,32,17,88,38,30,77,54,23,7,2,41,8,10,84
2,65,46,25,57,81,4,37,76,38,73,53,81,55,52,91,74,70,17,5,98,64,15,63,93,97,16,55,72,49,70,20,11,16,43,10,80,95,67,49,40,43,51,5,26,64,74,7,52,94,15,91,95,60,4,86,27,99,50,50,99,73,7,24,71,64,55,57,83,89,64,15,81,6,76,76,36,5,8,53,79,98,57,85,45,13,7,24,43,48,27,19,93,84,11,17,14,20,34,36
22,2,2,30,26,27,16,52,19,30,26,82,52,1,1,37,42,87,24,13,50,74,53,54,98,21,37,87,62,2,27,18,9,35,6,31,32,10,57,16,2,16,17,42,39,66,69,90,36,23,61,59,95,23,57,19,93,88,38,33,80,69,19,87,24,47,38,86,74,67,89,28,31,26,44,8,75,75,30,92,89,57,12,12,7,57,55,99,76,86,97,28,14,36,70,87,76,82,93,26
29,26,26,76,97,40,28,13,28,50,91,96,20,87,76,64,94,46,74,97,58,2,22,80,92,36,79,83,3,57,43,32,24,55,77,56,8,59,83,76,55,77,54,32,93,11,73,24,23,55,76,25,95,13,81,28,46,22,88,69,30,64,88,92,24,78,41,1,32,74,35,34,96,86,37,2,95,37,8,20,10,72,23,55,19,14,51,17,30,72,47,79,41,89,77,21,96,14,89,29
29,18,88,59,54,58,85,32,52,80,80,0,77,41,4,39,66,77,63,23,27,63,89,4,81,62,85,16,5,64,0,34,67,90,20,50,57,33,30,36,27,44,97,31,21,26,58,9,44,43,61,53,63,19,14,8,76,95,89,12,86,61,63,55,18,42,41,53,67,95,72,61,16,62,76,18,16,31,87,94,49,23,1,92,14,36,61,95,47,67,71,11,52,63,86,32,42,51,10,77
9,56,94,20,39,37,92,21,70,64,45,96,85,94,60,79,73,26,67,86,83,2,17,83,23,31,80,45,39,5,27,41,49,60,25,71,52,57,85,71,94,80,93,69,12,75,1,72,99,52,0,39,2,81,86,24,93,33,83,43,61,18,37,83,55,58,89,84,63,27,99,9,17,49,35,36,6,46,88,53,25,32,76,76,86,3,27,63,77,73,81,84,76,68,51,36,42,32,62,49
28,43,87,10,70,33,26,41,3,92,98,66,67,57,63,68,85,37,63,36,81,83,95,50,44,43,81,59,99,44,8,16,55,91,83,35,42,38,20,77,99,48,54,48,72,54,48,62,17,58,82,79,58,95,37,0,1,38,36,57,70,40,66,92,64,26,62,12,56,42,15,26,34,55,40,83,73,64,69,69,72,38,48,3,83,9,26,86,43,97,98,94,89,30,85,6,19,25,1,1
53,78,96,30,85,80,32,67,89,52,36,50,60,14,98,17,32,28,56,96,35,97,53,81,95,7,49,36,80,30,34,45,53,50,98,71,82,95,39,27,72,84,77,2,20,57,26,84,19,34,93,82,59,37,89,39,34,19,81,7,3,60,60,29,19,62,95,35,54,17,72,12,12,37,74,62,23,83,3,33,9,53,21,61,32,30,4,20,90,58,83,0,76,0,35,8,19,26,45,89
