14,64,7,33,40,77,28,64,4,80,19,9,46,75,97,59,59,57,11,38,75,17,84,59,63,12,34,96,81,95,6,47,81,18,69,16,91,57,56,99,8,70,32,11,60,78,15,22,45,29,75,82,49,1,40,37,85,11,54,64,62,90,33,30,35,21,32,17,65,59,34,55,79,21,96,36,65,17,36,94,91,71,78,1,28,50,17,57,6,72,18,91,53,10,85,81,75,75,57,57
74,12,94,60,78,6,30,0,63,80,36,44,50,27,30,21,56,91,97,12,0,13,51,2,26,24,11,35,26,89,44,2,22,59,8,46,32,71,11,91,36,65,68,52,66,12,93,50,33,73,98,89,47,96,29,58,13,11,29,93,27,63,93,26,54,0,45,84,93,89,78,69,2,67,35,50,74,88,92,14,76,31,36,97,64,6,8,56,2,87,29,35,95,17,16,60,76,96,56,87
55,20,41,19,48,31,97,21,43,37,23,34,7,82,5,52,42,15,47,86,98,69,91,69,50,15,44,8,13,27,89,18,3,12,42,16,81,31,19,77,80,52,38,83,35,13,71,57,46,71,31,98,55,48,37,46,67,93,2,86,74,63,81,14,80,73,18,76,27,18,71,8,90,46,72,20,97,80,73,41,16,54,36,23,50,17,61,23,82,10,6,31,77,54,22,79,35,75,89,23
77,9,75,76,92,81,62,65,3,96,60,84,3,35,74,13,59,59,46,95,84,76,83,81,31,16,19,13,87,17,75,5,98,31,63,14,79,2,0,10,66,20,71,1,39,60,57,56,7,18,61,59,53,41,83,30,89,88,49,39,70,45,99,10,24,1,73,53,94,37,70,7,47,1,50,25,42,87,36,85,60,7,64,19,80,3,88,49,21,94,42,14,92,58,67,35,74,90,63,58
14,34,80,89,88,94,61,80,53,98,36,34,15,37,93,98,54,48,31,26,65,67,33,61,30,71,33,10,96,86,0,93,71,84,69,34,3,67,29,65,26,59,45,21,77,81,16,65,54,93,51,49,79,30,6,73,83,49,45,77,38,54,1,33,48,69,30,8,58,57,96,33,81,60,87,25,52,2,7,4,72,10,70,18,45,99,57,10,72,52,69,7,52,22,40,31,69,48,31,86
75,19,93,19,9,59,93,66,82,40,52,54,54,19,82,26,9,87,31,19,29,21,47,92,6,24,59,55,47,16,8,60,41,86,13,17,59,89,16,56,1,96,66,40,37,44,48,75,73,53,55,17,53,30,45,25,52,70,98,92,30,22,68,98,71,49,30,48,10,86,88,4,47,13,86,18,88,97,32,87,76,54,25,36,88,28,56,76,86,32,11,84,17,75,12,49,35,32,99,59
83,14,73,96,54,36,42,75,25,26,82,13,29,61,50,16,91,82,71,43,76,33,36,96,12,21,13,19,32,56,4,24,78,84,11,42,36,88,88,32,32,34,85,45,38,11,89,84,46,86,5,85,18,69,64,6,0,37,48,66,85,4,50,84,17,94,65,29,15,45,16,57,30,71,90,12,74,19,6,28,20,95,5,66,16,92,87,10,9,7,20,21,88,49,75,67,99,79,44,41
73,28,36,77,14,39,65,32,97,37,18,78,50,28,12,2,54,8,78,32,86,27,63,4,12,50,38,60,10,30,96,2,73,13,34,49,9,28,14,59,58,90,43,24,71,27,74,9,17,86,64,35,92,9,30,75,13,75,4,36,66,13,9,24,22,50,45,97,47,48,93,67,71,5,71,14,64,42,70,51,75,48,77,52,18,84,29,58,11,5,71,30,32,30,2,80,34,85,97,28
11,72,73,98,51,67,14,94,84,2,38,49,97,65,42,91,97,86,36,58,61,91,86,99,84,50,13,25,20,66,91,39,89,4,63,91,22,23,18,30,92,52,52,26,47,66,94,3,32,13,11,5,53,58,41,59,61,53,16,62,20,92,30,94,50,40,63,54,12,49,41,70,91,14,81,25,58,82,93,69,60,19,73,93,94,57,40,45,0,91,60,85,30,71,54,36,98,56,89,8
89,38,14,3,50,41,69,68,64,33,7,57,97,50,59,85,64,69,16,35,0,0,24,73,65,28,0,38,68,44,88,91,1,81,74,29,93,25,47,19,34,96,97,42,57,44,65,73,87,45,28,18,33,0,34,19,7,22,83,67,21,32,49,97,52,70,28,44,59,49,48,92,73,43,14,57,67,87,22,1,91,9,9,73,37,75,60,97,51,1,63,93,72,71,24,21,82,10,48,91
4,55,69,84,87,76,6,41,81,68,84,90,36,50,53,22,41,0,27,29,77,98,56,70,74,43,97,35,87,85,46,63,97,86,87,32,46,6,89,84,11,59,57,34,7,11,90,10,36,53,39,33,29,29,3,58,78,86,92,39,91,42,66,88,22,13,57,99,60,74,68,99,2,36,26,83,46,32,51,16,15,69,39,59,19,0,70,18,49,85,96,73,2,37,21,89,74,34,85,33
87,50,78,17,78,6,59,12,62,82,85,77,25,71,16,74,23,70,64,86,18,97,78,2,29,27,86,51,45,95,25,18,61,57,23,44,14,15,47,29,39,0,87,97,72,8,51,82,73,52,78,26,30,28,50,84,26,39,54,61,44,93,27,34,60,40,44,77,99,26,51,50,5,23,65,19,52,68,9,84,29,48,50,81,73,91,92,97,50,93,76,45,59,48,95,6,39,18,60,67
76,38,59,75,49,18,95,32,78,75,33,22,52,53,99,32,65,82,63,80,57,78,64,24,69,16,99,24,41,0,71,12,94,1,99,93,65,14,14,96,65,50,21,34,96,96,85,50,85,69,72,77,32,53,14,81,79,49,93,6,44,17,70,1,28,17,39,63,86,74,61,98,62,18,99,19,66,60,89,80,15,63,43,16,85,95,98,98,56,71,38,59,67,61,47,57,35,43,14,36
41,22,48,71,85,54,41,21,94,70,2,98,75,2,44,78,81,15,41,84,69,86,90,3,77,65,36,54,70,51,54,66,52,63,43,99,17,25,35,76,17,29,16,99,98,45,39,85,69,85,26,90,77,54,77,90,0,16,37,5,74,41,41,89,12,52,59,89,94,43,95,28,29,13,59,80,40,51,71,15,39,66,78,65,57,58,58,25,71,63,24,61,38,73,51,3,50,22,23,26
46,99,39,54,43,11,16,85,4,82,21,15,69,57,75,45,0,24,63,98,10,77,91,35,47,31,98,17,60,32,3,42,62,43,16,60,80,34,62,90,27,96,33,69,57,51,87,26,75,42,2,63,21,34,29,99,64,83,96,48,0,98,4,60,68,85,70,88,42,15,33,14,32,46,31,13,61,99,97,83,82,45,83,11,20,11,43,20,70,56,30,39,36,89,21,73,52,6,81,89
86,13,10,25,12,72,43,79,23,86,38,61,56,70,32,62,91,99,47,63,77,64,92,69,42,52,78,44,57,98,97,11,37,84,60,53,66,82,8,8,45,19,81,23,21,43,11,4,58,35,47,64,12,81,78,41,73,4,55,15,48,37,93,2,21,93,31,56,55,84,11,86,21,66,26,18,42,5,17,17,61,94,55,6,39,49,51,12,76,0,9,16,20,47,98,87,24,88,95,94
38,2,48,7,29,80,45,94,71,76,6,37,24,56,45,86,67,66,57,43,29,24,91,19,18,16,44,84,40,67,69,65,52,12,38,98,24,44,75,90,55,0,46,77,71,46,43,36,72,1,74,55,23,49,81,57,50,80,22,23,19,16,8,39,88,81,7,15,66,22,75,87,71,8,73,96,66,56,32,55,61,54,94,42,61,82,4,14,55,7,34,87,40,91,28,92,59,3,97,75
90,75,25,5,38,10,90,74,33,36,28,80,63,69,55,90,57,8,91,46,41,20,66,16,26,99,86,14,49,72,93,32,50,75,85,87,92,12,46,91,84,0,52,67,97,78,43,10,54,38,22,72,45,57,47,30,19,44,92,51,73,54,47,8,65,56,8,26,99,64,45,3,99,48,15,19,24,77,44,82,40,0,25,93,18,12,52,45,10,75,1,23,19,67,86,17,47,41,93,10
84,72,30,26,18,47,25,21,75,18,35,99,70,75,97,32,17,27,99,2,82,27,98,36,80,20,4,29,60,59,69,78,74,54,23,21,14,45,27,61,63,12,7,27,66,95,37,50,66,16,42,95,85,36,49,43,36,45,59,87,15,96,46,91,95,52,2,27,85,39,36,82,75,37,27,72,47,14,45,43,20,72,46,34,10,35,25,31,18,30,20,19,34,39,58,17,95,35,16,56
88,56,44,5,80,47,82,53,37,54,90,91,40,27,83,62,25,23,90,98,74,23,66,98,92,93,20,63,99,71,73,80,88,72,75,10,97,4,77,85,72,83,38,65,85,85,41,35,38,85,36,85,34,68,31,90,49,41,29,90,78,32,12,79,35,20,58,48,55,42,4,31,72,36,7,29,15,2,51,21,13,96,52,76,87,49,5,13,1,36,79,70,93,10,66,37,22,83,52,8
70,66,58,40,61,5,25,37,0,10,30,73,61,17,5,90,87,13,17,22,60,37,60,74,72,76,83,91,18,46,89,13,17,92,37,17,55,7,54,79,85,4,66,45,80,51,7,92,30,46,11,65,75,12,92,55,94,56,63,83,77,76,65,28,16,92,75,39,6,53,48,48,85,62,35,43,77,94,35,89,79,94,62,62,8,50,73,4,15,80,34,67,69,42,61,37,16,58,81,33
39,79,51,11,73,50,64,90,40,11,96,15,31,30,4,97,64,86,73,63,4,74,3,14,0,87,44,96,85,66,87,62,24,2,33,33,40,14,11,34,81,77,94,27,74,59,99,95,91,81,31,49,65,96,51,68,0,87,54,28,62,95,64,76,38,2,76,14,56,76,46,55,41,28,30,60,38,75,12,54,1,66,68,1,53,91,94,69,32,99,36,82,44,11,6,7,85,65,35,29
1,41,70,54,14,5,18,32,54,55,42,64,66,46,82,65,21,75,88,10,47,46,41,13,66,97,47,89,29,17,66,91,12,21,98,37,77,4,36,48,64,11,31,36,35,63,19,66,72,89,49,1,91,13,21,62,84,56,95,31,39,66,6,80,64,28,56,82,94,88,76,91,24,15,5,62,10,76,31,31,38,43,84,0,67,11,13,33,64,53,68,38,73,23,38,99,54,14,46,8
21,45,88,66,11,98,85,82,8,34,36,74,57,57,18,26,86,0,87,10,87,84,45,65,52,48,58,69,58,43,41,70,94,11,90,9,93,66,19,37,86,35,8,88,27,81,79,87,46,41,9,16,36,74,33,52,13,58,14,14,71,71,89,7,10,23,85,48,81,26,2,37,30,23,78,16,84,66,95,59,30,49,11,71,13,73,93,39,30,80,11,13,98,77,33,64,39,13,78,62
83,49,8,0,82,1,22,8,21,87,53,67,30,33,7,89,38,66,36,30,1,47,72,39,18,75,67,30,42,63,39,63,89,40,55,61,68,69,93,69,41,90,86,57,66,32,3,56,80,72,20,18,72,90,34,56,87,79,89,34,60,60,54,69,60,92,40,8,10,48,98,42,29,85,62,3,49,30,22,33,6,81,71,61,5,97,91,55,86,39,40,7,51,61,91,30,42,27,59,29
50,33,37,20,12,14,81,68,65,36,77,67,81,64,6,93,58,37,61,45,39,77,99,69,21,44,88,83,55,54,35,48,58,48,47,19,19,91,67,68,29,25,74,67,73,76,81,53,65,73,23,2,81,6,16,12,76,53,71,75,78,61,93,6,84,70,39,3,38,25,95,47,81,2,7,69,1,71,92,9,92,74,62,49,9,90,81,80,93,87,31,35,72,88,34,41,18,98,49,27
32,60,30,33,45,34,72,32,25,27,43,69,77,27,28,51,58,45,59,65,1,62,89,11,12,19,15,23,31,93,33,95,81,92,24,35,17,81,31,1,90,85,17,18,7,48,27,51,37,71,38,28,63,62,59,46,87,46,75,11,70,30,80,77,55,29,73,35,93,80,50,40,64,22,35,90,65,38,59,14,22,76,98,24,6,49,19,33,65,0,60,85,49,10,5,83,99,94,64,3
49,50,32,68,14,4,97,79,85,36,26,56,60,95,66,96,24,76,17,48,29,11,52,53,27,16,76,61,55,89,51,42,30,52,21,42,37,92,6,80,54,71,70,37,91,86,51,94,83,61,71,22,27,61,89,68,43,60,5,89,95,9,24,52,78,37,6,74,52,42,96,57,40,70,6,48,72,75,97,86,9,59,35,72,48,48,3,76,91,59,41,1,82,49,36,41,22,94,42,3
0,29,73,14,7,93,86,90,22,32,60,14,17,79,40,6,55,74,44,39,38,92,63,1,65,22,34,82,74,17,81,90,28,23,78,75,58,93,71,70,66,35,39,79,23,80,50,47,33,96,54,60,88,12,27,15,23,29,12,85,54,45,0,35,5,59,98,73,23,50,28,77,4,81,0,34,62,38,2,0,22,14,42,51,49,10,22,77,17,4,88,12,55,63,6,13,74,36,99,46
57,70,25,71,75,83,33,98,76,58,3,0,49,96,76,12,33,6,71,3,78,8,31,50,7,18,91,61,72,12,71,48,52,67,15,64,52,91,74,23,8,40,9,33,87,14,48,28,72,33,90,7,51,25,56,83,55,63,43,10,38,97,87,6,52,9,61,51,26,22,61,45,10,46,25,45,75,12,53,97,46,42,95,91,40,91,97,15,36,96,83,14,49,24,63,4,73,47,55,49
22,67,12,76,82,50,82,20,66,73,81,73,95,66,87,35,96,62,24,2,80,48,82,55,33,17,55,10,39,1,73,73,11,96,93,40,52,32,16,7,27,31,74,79,47,36,33,24,51,77,82,33,25,96,76,17,65,5,34,69,22,40,24,72,41,80,82,42,36,47,47,10,22,77,28,95,58,28,77,98,18,46,71,63,49,87,57,85,97,10,61,99,90,67,87,54,74,26,67,85
58,35,8,73,5,58,57,69,36,39,88,53,9,52,91,95,46,86,42,83,10,36,0,14,56,30,42,70,92,92,58,13,78,41,5,79,26,31,23,37,77,8,1,24,35,38,85,23,66,84,90,79,96,69,99,21,54,18,93,41,51,32,57,70,0,84,57,53,9,93,31,40,73,64,88,4,84,81,54,22,35,25,45,0,22,24,33,68,1,67,69,91,64,92,25,68,24,81,33,66
59,70,85,24,45,66,9,49,49,58,62,93,55,2,76,27,88,56,24,15,33,87,93,71,74,34,30,71,82,39,95,51,7,51,89,55,83,74,29,22,66,83,9,54,72,10,70,3,84,83,46,82,86,28,6,90,66,59,4,96,18,70,34,76,2,8,14,68,76,57,83,28,34,73,51,43,93,33,55,41,55,59,20,10,57,54,14,88,51,11,82,81,56,99,42,57,60,65,34,11
1,86,47,78,50,40,83,18,89,32,68,45,83,2,57,10,32,88,59,64,54,18,93,12,4,89,12,1,68,17,7,96,28,62,6,93,85,60,30,13,26,51,79,94,4,90,11,93,28,2,32,59,35,28,85,72,55,49,83,33,30,30,54,32,10,32,87,41,56,52,88,91,71,53,42,46,94,52,64,45,94,45,82,69,73,28,10,97,67,30,51,96,55,59,90,69,24,36,34,30
98,70,21,53,24,2,93,58,3,32,93,21,88,28,7,29,29,60,84,12,89,32,52,35,83,27,5,33,60,43,95,55,44,73,28,1,32,86,98,81,2,86,34,86,76,12,53,36,98,58,10,55,30,60,11,70,65,87,49,47,48,17,55,60,86,16,94,48,69,30,87,69,25,10,22,22,16,72,84,66,36,96,25,0,52,85,83,80,13,96,7,59,82,80,77,27,55,28,75,43
6,2,27,3,68,16,38,43,66,80,98,58,53,56,9,13,24,16,84,90,77,56,34,25,96,94,93,50,27,54,55,33,47,5,59,86,52,59,23,76,32,85,1,25,86,47,78,4,95,72,79,80,70,36,44,61,80,43,52,94,55,88,98,82,44,27,45,11,28,85,83,76,56,78,92,35,37,50,19,60,15,97,11,57,87,48,27,24,92,42,20,54,18,55,75,2,97,9,27,90
45,68,2,90,24,56,68,79,62,67,86,26,54,56,80,46,61,56,44,8,14,35,35,35,49,59,67,29,18,74,1,50,23,78,62,83,10,54,96,86,69,43,5,24,38,96,14,19,67,0,59,63,64,71,57,21,88,60,6,96,83,42,77,56,21,81,29,68,65,48,96,3,96,38,68,12,49,6,2,91,11,87,12,40,85,33,80,99,50,78,52,70,4,78,85,48,80,62,4,6
64,75,48,12,22,79,33,28,49,93,99,71,21,11,10,51,92,29,50,42,80,69,84,82,77,93,0,37,99,5,79,95,73,86,4,90,25,12,38,86,44,85,97,11,74,23,58,56,71,88,26,54,65,28,0,70,62,84,66,40,74,74,17,97,55,22,25,40,53,28,56,53,97,31,45,66,17,98,48,60,53,78,45,34,38,29,18,61,39,62,0,57,3,49,36,87,2,94,74,48
63,82,39,53,11,98,49,13,79,49,80,97,50,17,62,39,42,66,74,72,85,71,73,91,75,82,6,1,10,66,48,11,67,64,3,7,88,35,40,20,28,73,54,77,38,20,1,77,22,49,66,41,34,8,81,67,33,1,60,4,26,35,33,44,36,88,28,41,71,85,67,18,19,60,9,51,64,24,6,87,37,52,40,37,63,65,61,33,30,9,29,98,44,97,23,49,66,83,69,69
36,49,56,44,80,75,42,51,82,55,66,10,60,56,54,1,96,92,68,68,97,80,67,69,7,82,26,31,14,65,43,29,78,6,58,18,8,14,9,61,55,77,48,94,26,5,82,4,54,71,58,17,52,8,4,3,23,12,32,17,88,54,34,39,59,40,89,91,23,17,97,86,11,28,40,42,84,39,80,46,7,6,3,39,43,10,17,6,48,35,75,61,39,30,61,79,38,16,85,48
8,72,16,12,10,42,94,79,45,14,18,67,72,84,24,27,11,11,42,90,42,74,30,16,84,61,82,51,91,61,27,56,52,6,80,89,32,55,71,33,26,34,46,52,82,97,72,89,31,89,75,45,37,61,93,93,22,47,87,20,74,55,38,29,62,85,94,64,77,94,38,75,95,15,93,99,31,86,51,57,52,89,63,64,9,81,73,73,78,79,97,43,15,19,58,93,51,3,38,57
57,7,75,74,63,80,99,82,89,50,57,54,90,27,71,24,42,97,49,24,39,99,44,23,58,65,88,56,82,54,8,52,29,23,31,58,34,71,20,16,10,73,11,45,20,67,15,19,93,93,41,53,70,90,55,95,95,79,3,43,92,20,87,97,31,54,29,90,37,94,79,73,52,8,32,77,46,49,87,19,4,50,6,77,22,67,28,49,14,99,43,18,16,38,52,1,52,18,81,15
72,34,85,65,29,43,32,80,94,64,70,71,40,28,86,76,76,39,41,41,31,49,21,81,55,65,91,26,68,73,3,0,90,0,42,12,91,21,8,35,29,10,42,24,17,85,79,9,67,30,27,49,14,64,47,59,72,39,0,62,43,3,92,54,40,94,78,18,29,38,59,61,81,29,61,44,51,15,81,9,0,68,17,66,79,48,99,61,52,45,66,80,62,22,83,97,45,65,29,4
6,38,93,32,62,23,48,8,11,54,82,16,3,77,53,41,6,2,33,26,39,46,58,88,19,89,92,49,42,65,22,89,20,58,19,77,43,6,94,89,67,13,92,5,7,53,17,41,64,37,87,43,68,52,4,82,95,21,32,25,14,14,66,77,86,46,15,7,41,39,77,18,80,40,67,21,72,24,34,82,47,10,3,60,43,38,40,95,87,40,1,54,18,11,13,44,51,84,95,91
7,50,79,83,63,40,61,12,51,58,92,60,32,0,68,12,9,43,86,81,69,50,74,39,69,98,55,22,29,11,3,65,62,15,93,8,14,32,96,57,76,99,74,75,43,51,75,4,6,45,41,70,27,54,76,97,16,14,43,51,23,8,29,97,6,62,59,77,67,69,39,1,94,50,74,36,93,0,62,32,25,34,22,89,47,4,93,56,18,70,2,68,65,13,39,38,57,11,92,23
40,90,2,24,33,41,14,9,16,38,20,84,59,36,93,54,46,41,4,11,24,12,60,7,83,38,8,24,78,34,6,72,39,79,2,89,7,82,47,16,41,90,74,35,31,69,14,93,53,16,89,92,42,30,33,50,53,13,65,1,15,23,55,50,26,77,89,1,49,58,16,48,13,79,81,89,86,58,16,26,31,41,28,48,19,41,61,24,67,49,96,71,84,5,40,44,95,75,6,52
98,21,43,57,78,33,14,0,99,87,5,78,43,41,54,38,55,89,47,17,33,99,7,63,82,26,68,74,8,22,22,77,47,51,66,39,98,85,48,18,11,92,87,59,23,76,18,92,31,74,76,74,11,13,54,44,73,32,93,32,23,69,35,61,3,68,30,63,3,2,88,75,13,61,15,59,77,52,96,19,71,24,4,65,97,87,11,95,56,68,97,59,59,20,44,83,11,92,11,31
43,37,48,45,14,13,76,81,99,79,9,42,62,59,91,96,79,36,32,56,71,22,1,53,35,24,73,25,82,11,84,37,65,69,30,26,25,42,76,73,64,97,40,42,72,19,4,22,17,36,36,18,72,91,33,28,1,12,87,60,98,77,95,56,88,19,94,82,99,31,89,55,76,45,57,55,66,35,12,70,47,40,27,82,36,81,0,15,44,53,28,63,43,53,58,88,22,29,70,83
48,79,36,40,62,71,89,88,16,5,55,55,81,83,14,80,9,0,96,62,36,70,31,56,50,81,26,25,9,62,40,35,75,19,81,62,60,68,50,2,13,15,97,6,51,41,92,3,63,66,87,41,4,44,37,4,51,59,19,15,75,67,91,6,76,32,67,35,49,99,87,89,30,19,18,88,62,27,81,80,61,62,50,64,42,89,80,18,85,85,80,79,3,98,75,74,4,36,11,14
29,13,41,84,30,15,13,86,96,68,22,30,64,12,89,20,5,88,99,44,80,9,2,39,57,95,21,29,3,60,46,63,96,85,9,72,26,20,7,26,18,89,98,31,64,95,35,39,81,14,42,71,85,4,57,17,32,41,40,63,64,24,97,54,58,95,76,17,38,54,28,22,80,85,89,61,99,1,5,59,98,21,69,18,12,54,69,52,22,64,24,81,83,80,91,20,7,60,57,38
88,17,64,49,87,25,11,92,92,92,11,11,64,53,33,83,4,91,86,20,82,53,46,35,13,52,39,99,71,15,9,20,27,21,3,87,89,56,49,89,29,77,53,47,99,29,65,35,94,7,83,34,28,15,5,57,54,11,20,85,78,69,67,66,57,70,68,13,68,2,54,16,6,92,3,43,83,9,90,13,41,33,25,96,32,99,73,58,29,51,87,13,0,65,11,78,10,48,56,41
78,92,54,37,76,89,24,92,48,66,34,70,70,23,0,76,98,11,30,71,79,58,48,47,9,91,69,70,83,42,91,69,32,45,69,3,87,24,25,32,6,95,35,10,68,44,36,40,38,50,5,3,3,22,14,19,57,84,90,46,36,94,25,28,51,81,40,39,50,65,62,57,49,36,28,32,12,55,61,66,68,74,8,48,50,97,34,45,28,43,40,31,48,18,49,86,42,89,54,20
93,48,63,98,38,30,78,81,77,74,6,1,76,51,14,95,44,52,45,62,14,5,94,53,3,52,64,43,16,21,55,44,81,45,52,67,27,85,4,77,84,23,60,97,86,33,36,7,3,71,5,48,44,33,37,20,91,82,58,47,67,91,40,40,26,83,56,52,73,75,98,16,36,79,55,63,6,57,8,86,58,91,46,37,56,19,55,19,49,1,79,47,37,61,24,79,23,80,56,25
16,55,24,45,90,90,15,69,76,91,53,65,99,97,10,80,31,84,3,67,51,21,74,53,0,67,19,79,73,74,60,11,53,58,67,76,10,12,71,37,37,29,51,39,78,48,91,69,41,99,1,31,53,42,93,55,27,28,10,29,67,30,35,1,38,2,22,3,63,1,60,70,11,2,63,14,0,51,34,28,19,17,1,52,22,72,74,32,85,72,55,4,78,81,59,50,80,34,69,52
41,61,10,72,55,31,84,87,5,42,27,78,63,5,92,50,87,79,62,32,52,28,88,65,57,45,70,8,4,31,88,59,89,84,89,15,9,98,14,81,40,92,33,29,95,47,81,5,12,38,60,27,7,67,77,8,73,87,49,78,0,40,84,25,95,65,85,23,82,59,61,78,77,23,6,83,97,56,1,96,43,71,18,53,14,46,48,56,81,91,44,73,26,30,12,34,26,70,25,41
32,8,94,95,25,65,60,19,14,92,90,60,83,84,34,27,57,76,67,91,70,1,26,79,4,72,92,46,15,77,2,31,24,68,52,3,80,48,84,37,87,85,18,40,26,39,5,80,31,89,85,78,80,96,41,42,96,82,29,36,1,72,36,27,47,52,83,63,21,62,70,37,42,89,21,85,84,66,59,79,30,62,31,96,18,98,91,96,68,65,86,25,44,65,31,16,43,18,56,43
93,76,21,7,65,24,69,11,82,98,99,30,41,98,75,39,88,14,9,67,74,36,99,17,94,69,78,14,6,34,82,14,87,94,86,96,79,37,32,25,12,91,63,97,84,82,7,79,67,99,18,14,92,56,84,31,60,36,50,85,90,34,77,45,68,68,13,34,15,80,37,12,81,45,69,98,59,13,3,70,83,78,32,2,28,72,30,80,73,14,43,41,85,61,81,4,79,30,30,67
27,34,92,40,69,40,38,94,46,28,69,26,7,72,85,65,13,80,32,63,15,19,9,99,1,68,59,6,5,59,61,98,58,10,58,57,21,0,18,90,49,17,95,23,47,11,62,93,10,65,70,94,50,51,76,54,80,13,18,28,66,93,49,75,39,40,66,74,1,93,52,73,53,95,4,23,0,48,59,20,9,6,85,75,91,61,83,62,56,36,42,26,64,34,24,82,52,57,64,99
28,79,21,67,16,83,80,40,42,39,28,64,73,72,20,86,89,35,87,7,35,48,72,7,58,16,28,56,20,1,24,78,83,25,81,32,35,67,36,66,44,52,12,44,2,66,87,64,77,39,72,53,96,13,70,56,50,25,25,79,3,59,55,5,41,57,56,16,94,75,7,23,43,75,28,36,7,13,90,29,83,83,2,96,98,68,43,69,44,75,45,81,40,67,64,44,75,17,98,71
25,2,41,13,90,83,24,1,34,55,78,21,94,85,76,45,59,40,64,41,13,60,22,29,33,53,24,61,32,70,42,2,21,28,67,72,90,22,24,17,98,39,90,11,42,18,8,46,34,25,79,17,45,17,53,79,21,62,97,14,89,64,73,32,32,34,88,49,66,75,75,74,31,50,42,56,92,55,16,61,27,84,71,32,99,30,38,95,64,18,49,59,73,99,3,25,99,87,36,44
55,17,10,14,81,38,63,47,48,38,57,57,54,12,16,80,80,63,21,46,62,23,39,25,17,19,92,85,6,47,79,77,29,1,25,59,20,71,51,61,61,96,42,18,74,38,46,7,79,71,53,78,19,96,36,88,24,48,92,96,46,43,86,59,51,68,68,52,68,84,49,18,12,96,57,68,41,21,94,5,88,16,75,45,7,78,18,56,71,26,34,78,93,99,16,3,61,4,83,62
61,81,26,69,92,40,72,12,54,46,91,7,77,61,23,70,26,7,95,36,78,5,75,72,21,1,89,81,40,14,29,95,91,47,96,63,6,39,44,36,81,80,69,89,83,85,73,25,4,83,7,41,44,80,59,8,80,60,13,56,0,42,8,9,90,77,65,80,69,84,72,30,62,75,5,87,73,14,89,90,97,64,8,19,73,37,73,96,12,1,57,49,8,52,93,94,94,39,44,95
94,57,38,69,89,84,50,48,33,22,22,13,86,61,36,37,14,94,15,47,75,70,96,43,52,27,95,12,80,2,26,58,4,20,84,65,98,74,84,69,3,54,61,15,9,91,78,96,67,41,23,65,35,2,22,35,5,9,17,94,2,46,17,14,40,7,7,30,73,98,36,57,96,66,74,98,55,60,7,27,35,88,98,82,74,10,40,41,55,53,26,77,97,25,20,78,1,36,71,0
14,15,72,25,83,90,17,92,92,72,17,80,19,0,0,99,86,33,49,61,89,42,59,43,37,34,75,0,68,32,88,44,38,69,26,13,37,10,21,0,93,86,94,96,22,17,84,22,58,16,25,90,20,6,8,21,99,18,35,92,73,19,65,53,95,77,74,53,50,18,8,38,56,98,26,26,89,15,56,69,89,94,49,13,39,47,97,32,21,23,39,48,91,57,24,82,18,54,46,96
21,74,68,82,74,68,15,68,55,94,18,7,49,39,19,49,51,70,49,15,12,64,55,58,26,30,99,77,23,60,72,83,46,62,77,89,0,82,59,63,45,38,3,8,45,92,5,87,31,27,41,34,61,10,7,86,39,93,70,42,18,0,19,45,58,81,93,37,96,77,13,58,54,98,66,48,29,84,11,15,80,66,89,33,2,12,88,30,98,92,19,91,44,58,28,31,37,97,50,4
99,39,21,70,95,68,37,12,68,60,63,92,29,27,81,56,65,19,65,96,26,93,96,49,59,61,62,9,34,68,58,85,14,7,4,31,39,59,82,2,60,83,95,11,11,70,89,56,84,6,31,60,76,78,54,97,12,29,73,22,77,83,63,60,55,74,21,69,7,26,54,56,64,73,94,8,25,27,24,55,25,97,80,39,99,97,17,26,48,90,49,91,72,39,37,25,48,71,84,27
47,98,81,93,44,19,53,71,16,41,31,7,6,21,10,9,99,83,93,84,13,97,74,32,96,54,38,80,51,34,26,74,74,15,78,93,80,92,46,19,4,98,10,27,45,41,68,66,22,1,81,7,97,86,73,24,80,41,48,14,2,16,6,97,60,42,39,60,8,29,51,4,64,12,41,23,44,58,79,37,65,81,79,35,2,12,61,80,93,16,40,85,80,21,48,25,58,69,18,90
72,93,88,88,72,29,83,91,97,75,29,59,11,32,65,32,22,15,83,40,54,50,18,43,36,83,52,6,92,29,84,0,32,88,99,65,94,31,69,20,55,56,32,28,2,18,60,87,91,12,9,39,1,73,22,11,16,24,31,3,77,93,16,96,16,3,34,79,39,99,31,48,33,38,40,19,86,94,39,50,35,22,21,70,38,68,27,89,11,56,36,41,5,51,72,52,80,50,80,84
13,85,77,85,49,24,75,1,84,58,23,23,9,9,99,13,94,54,54,85,76,54,99,32,26,90,82,3,8,47,13,50,24,85,31,94,54,99,99,89,35,13,41,25,16,82,41,99,4,81,59,64,37,34,12,39,9,41,3,53,85,48,66,57,99,27,92,23,72,70,15,72,4,94,7,8,78,32,65,65,41,51,98,16,25,49,76,31,37,14,15,90,49,5,78,91,55,59,53,4
54,18,59,6,39,63,65,65,86,92,14,71,45,93,14,95,44,22,94,20,11,83,26,99,13,17,93,65,67,57,78,65,42,97,0,39,3,62,57,2,91,37,88,20,87,32,9,40,42,86,14,85,86,29,3,18,69,36,80,10,4,64,47,79,71,26,49,6,8,28,9,5,43,48,16,33,23,50,33,99,11,20,37,91,31,29,79,77,69,15,42,80,5,26,63,48,13,26,50,8
11,81,78,25,5,71,21,30,10,96,39,44,59,60,74,26,9,97,90,91,38,21,15,32,23,41,20,86,44,71,16,96,84,13,36,18,21,93,79,66,84,90,38,88,98,75,89,53,34,78,60,8,90,70,39,10,13,55,80,0,44,61,54,7,66,52,99,84,7,55,43,82,8,63,60,89,8,28,82,69,94,92,40,20,11,43,79,65,88,34,79,42,41,23,32,45,58,78,50,67
46,40,36,46,91,61,91,17,61,72,38,30,18,22,56,99,75,35,14,30,60,11,71,28,71,29,34,53,63,63,10,79,20,89,22,53,16,15,92,95,81,50,52,79,81,22,18,18,23,63,76,72,12,86,6,35,94,88,13,64,90,70,39,85,72,44,45,52,52,88,91,11,8,98,96,1,24,3,27,51,96,94,17,5,48,35,10,45,14,23,68,66,10,61,53,0,58,88,42,90
10,94,3,49,98,65,51,79,63,80,94,92,52,37,6,19,73,18,73,16,7,94,43,87,96,31,11,60,10,34,23,56,39,63,66,93,31,46,24,59,45,79,65,56,65,59,18,94,51,7,67,35,22,26,26,22,51,87,75,97,0,73,87,34,66,72,10,12,47,14,43,38,15,26,50,55,89,0,2,11,49,58,18,58,9,83,30,19,60,14,23,39,37,74,39,8,36,89,52,40
50,24,28,59,12,6,10,14,10,85,88,46,0,2,20,37,97,75,22,0,42,24,52,66,7,88,97,33,28,86,59,59,81,24,92,12,80,59,1,91,75,61,30,71,63,37,10,72,34,5,95,91,34,57,89,91,3,63,16,42,31,39,49,76,10,75,70,54,25,33,22,4,27,53,19,37,43,21,48,52,77,50,71,48,56,5,16,40,93,52,28,82,97,72,44,51,14,72,26,44
12,40,27,51,52,24,8,4,3,43,54,83,56,56,0,41,71,32,79,75,69,78,10,38,45,41,33,56,98,8,89,28,72,56,26,94,69,62,43,74,8,76,91,95,72,74,61,64,71,86,47,95,59,62,25,22,15,74,72,0,64,42,14,43,94,33,20,40,22,44,90,45,37,50,8,83,90,89,75,29,61,87,64,88,88,95,29,61,40,98,85,37,77,47,81,40,81,91,60,21
78,81,13,78,91,90,49,79,36,20,96,26,17,23,37,19,30,17,62,1,40,11,39,29,74,49,54,5,99,45,96,34,23,26,50,0,61,92,26,72,11,24,11,9,86,65,80,6,50,1,41,95,82,51,75,39,69,39,46,51,60,97,98,29,8,58,59,52,44,19,3,88,16,48,97,6,77,83,47,95,25,42,97,86,7,55,37,47,8,38,80,65,85,53,15,48,9,65,83,22
83,9,99,33,17,36,63,11,25,91,51,4,13,49,18,96,22,76,13,85,61,76,52,28,29,26,19,22,66,64,43,33,83,73,35,37,44,25,46,33,11,90,43,91,16,41,25,17,12,72,54,89,70,81,15,40,89,61,65,71,3,62,81,74,4,62,23,14,24,38,73,39,90,96,25,75,68,94,13,67,76,68,22,88,25,24,43,1,33,80,55,87,72,20,27,53,1,50,87,27
84,84,37,11,87,53,99,77,22,1,66,92,11,32,99,76,16,37,66,66,44,56,59,62,61,89,5,25,22,47,70,17,66,98,45,78,5,37,78,75,27,21,92,29,40,23,50,67,90,21,40,47,2,73,38,13,66,9,17,43,4,99,89,26,32,84,33,72,77,0,82,78,42,55,88,77,80,19,26,60,94,91,43,6,84,43,87,14,39,29,25,55,83,24,68,52,56,47,89,16
62,50,70,63,34,98,69,65,98,39,73,15,82,92,13,61,82,17,68,87,4,88,52,88,2,23,59,93,37,82,41,71,13,23,40,21,73,74,71,84,27,14,89,24,89,31,82,12,99,13,3,23,81,71,79,3,78,72,6,7,11,66,26,76,85,34,30,28,17,96,79,24,51,14,83,84,87,8,68,77,76,17,89,46,86,21,20,4,18,11,48,37,29,74,3,0,99,85,73,20
28,8,15,59,93,89,39,5,36,12,89,74,72,23,46,24,19,27,33,14,99,92,94,79,37,75,57,71,55,38,81,98,29,4,78,93,1,92,64,21,51,78,92,3,0,77,86,94,17,67,73,98,96,78,12,26,22,39,86,25,64,51,77,32,12,86,61,68,76,60,55,99,34,58,29,86,43,25,88,82,86,92,65,12,18,71,30,60,40,89,92,97,94,22,42,92,20,78,90,66
18,27,56,43,76,45,1,77,46,9,73,30,71,35,76,99,92,61,91,7,7,2,55,12,26,8,56,32,27,47,88,71,58,98,71,33,89,55,71,28,28,66,97,65,32,38,54,0,71,26,41,97,23,37,45,21,20,57,51,58,56,81,95,44,88,44,60,86,97,86,31,73,14,28,28,87,74,97,31,75,66,92,2,44,32,7,32,93,83,29,35,89,27,61,99,37,17,19,66,32
56,73,21,14,8,11,9,0,19,11,28,91,14,44,83,15,18,46,83,4,64,20,27,50,68,2,85,86,1,46,19,65,38,97,46,27,5,34,54,89,45,72,64,89,79,11,87,23,29,61,50,73,2,13,85,15,35,80,56,34,67,21,85,64,47,80,5,37,73,55,61,20,62,89,43,60,24,35,44,30,81,17,50,50,34,74,63,38,92,36,84,78,88,87,44,37,35,14,14,28
65,81,27,63,52,65,25,50,21,69,40,2,58,25,82,8,19,26,29,65,75,98,82,66,43,86,42,88,10,57,38,0,89,67,79,4,97,5,95,8,31,8,24,13,80,10,94,18,18,24,73,2,44,60,33,53,73,60,45,45,4,60,80,8,68,31,47,21,27,72,36,37,34,66,23,41,63,22,27,98,34,66,97,60,23,9,65,52,73,50,15,24,10,16,64,85,62,39,5,94
96,30,77,87,5,58,19,77,64,80,59,88,24,34,10,92,36,46,27,98,36,40,5,2,90,63,22,63,28,92,58,97,42,88,32,79,61,32,26,37,93,26,53,42,7,29,28,24,15,45,1,28,38,34,38,74,17,1,3,9,30,98,50,7,11,73,19,36,1,43,13,2,35,80,98,2,48,99,35,73,28,17,29,46,50,0,97,12,63,69,54,24,51,66,64,53,65,1,25,0
97,84,52,78,26,82,63,93,87,52,22,12,11,75,11,55,16,34,5,16,81,31,79,63,56,81,89,78,19,93,71,92,19,16,3,67,39,41,25,50,47,96,50,12,16,22,85,49,5,36,79,22,89,24,95,95,88,98,34,93,48,73,19,23,12,29,97,44,24,21,28,98,88,95,19,85,84,59,61,45,17,74,95,98,92,19,84,0,40,72,56,53,30,16,55,35,39,28,52,89
15,88,62,88,31,77,61,63,61,33,6,98,71,95,40,29,59,80,9,54,47,99,94,99,56,90,7,97,73,9,74,86,82,52,1,30,40,69,12,66,56,12,9,34,99,25,48,66,24,0,75,48,46,2,3,48,70,75,89,40,45,64,95,27,6,97,16,10,14,37,31,67,42,33,65,30,14,78,81,5,21,38,96,2,24,71,98,5,40,40,7,77,49,65,57,17,48,10,87,40
42,39,11,80,21,39,94,5,92,35,20,74,20,19,19,10,78,8,64,28,54,5,12,36,85,92,22,2,34,31,51,22,71,97,52,63,26,87,52,68,20,52,56,61,95,86,96,14,0,63,1,67,83,37,25,12,2,72,83,0,2,69,95,30,78,77,82,91,54,36,55,67,19,22,27,38,60,84,15,27,37,70,48,33,93,52,64,34,76,71,96,78,91,83,87,44,18,88,88,20
43,18,88,45,80,23,55,78,29,67,73,96,81,58,2,26,55,50,83,10,18,11,69,68,56,58,7,73,60,38,75,10,95,86,62,7,8,23,81,79,85,74,69,86,21,31,40,27,57,97,18,71,76,66,73,50,31,33,48,77,7,7,75,66,20,92,70,33,2,16,13,75,83,38,84,9,81,65,52,74,75,34,95,58,83,38,98,44,54,16,81,4,60,39,48,22,48,38,42,2
87,69,55,93,73,34,80,0,64,60,42,61,90,95,4,51,31,80,42,55,47,56,94,9,62,34,30,88,89,18,48,27,71,86,58,13,22,19,83,12,43,27,8,14,0,15,20,45,75,36,49,78,1,13,84,29,26,15,24,55,37,80,40,88,64,58,91,19,41,43,92,13,53,56,12,95,50,15,88,65,64,62,17,29,80,69,25,7,55,56,27,7,47,15,96,64,77,63,58,0
4,65,24,2,74,86,71,95,4,94,22,19,65,98,60,48,23,42,4,77,98,19,71,80,74,39,22,96,60,99,7,90,54,30,17,92,32,80,89,79,14,52,12,14,43,48,99,51,64,4,6,68,31,62,32,90,32,37,25,72,49,83,94,15,67,9,42,91,64,15,17,41,0,70,85,87,45,12,94,62,38,70,37,95,41,99,54,74,48,40,61,3,45,19,6,74,99,39,4,54
73,40,93,3,27,55,90,6,52,89,57,25,29,32,44,68,32,39,56,46,65,52,63,14,72,32,68,35,94,43,68,6,41,17,63,71,89,8,14,86,55,65,68,97,93,90,11,72,86,79,35,24,65,70,18,41,61,28,68,98,64,93,23,47,80,87,84,3,35,56,93,40,79,34,54,89,10,18,74,86,20,1,67,67,51,13,2,23,89,75,62,40,0,90,97,8,51,22,16,50
6,48,59,16,19,54,36,21,36,5,38,3,92,6,43,23,7,62,96,65,87,47,45,67,40,1,84,34,41,30,30,40,16,71,5,37,16,27,94,81,67,61,26,47,74,45,61,52,45,48,59,50,27,87,22,9,4,67,26,9,51,11,63,78,46,81,98,32,9,18,11,97,7,57,79,50,17,64,51,7,1,40,99,47,67,3,65,57,26,99,38,8,65,64,96,26,29,55,30,4
19,59,41,70,88,22,35,7,18,66,2,26,19,49,32,96,52,62,38,51,23,17,92,60,22,51,58,18,87,48,93,6,10,70,18,98,18,83,64,10,92,90,26,59,11,75,7,73,65,81,5,67,55,18,57,61,46,3,84,81,30,32,88,34,85,91,91,95,17,53,21,61,68,46,22,29,17,59,99,29,7,57,53,33,58,17,87,58,14,27,72,67,92,88,82,48,53,54,24,76
21,70,27,30,25,12,31,88,65,4,24,89,21,44,15,29,80,11,25,4,86,80,52,32,87,24,88,95,33,86,48,29,87,33,37,78,72,66,34,64,43,70,94,80,29,83,19,28,45,23,76,98,1,15,14,56,45,54,28,76,97,53,88,94,69,84,11,80,1,94,96,98,83,62,66,44,19,10,25,93,10,89,38,21,28,10,26,91,72,1,92,46,14,9,85,35,84,87,17,21
82,49,52,64,29,36,83,42,80,25,32,68,45,42,82,53,50,26,46,90,43,50,71,74,4,72,8,89,52,54,24,37,2,43,41,88,85,31,81,13,71,44,49,9,83,37,72,22,7,71,88,44,9,91,78,24,58,80,44,6,86,34,47,51,23,84,30,13,68,99,17,47,89,7,61,20,9,27,72,7,89,69,45,25,52,60,7,0,89,74,39,68,40,23,66,60,45,36,84,67
80,88,70,1,22,65,97,81,81,7,59,57,9,79,73,85,35,3,72,69,12,38,15,98,15,91,49,80,37,38,19,34,42,31,68,86,1,32,56,21,20,10,88,11,66,11,32,44,70,59,25,39,12,80,30,40,84,56,61,74,71,0,30,2,50,84,79,47,43,10,68,35,67,66,72,2,94,48,77,90,69,57,80,80,21,88,20,43,49,98,17,47,30,76,66,47,81,77,32,56
87,29,10,11,68,18,89,90,81,65,58,92,11,31,95,10,62,34,99,49,92,20,61,26,55,60,52,22,25,17,50,52,65,15,38,85,25,67,81,98,76,99,29,33,2,93,53,30,23,86,61,8,47,74,74,53,85,26,1,22,27,77,21,56,31,65,40,57,12,44,12,68,34,79,14,36,45,89,35,39,17,32,7,74,8,61,59,6,73,47,20,47,44,31,78,64,10,7,72,39
79,22,16,13,80,87,75,63,48,66,47,42,19,99,33,37,33,48,44,1,42,28,16,5,62,87,48,68,65,17,61,68,48,71,35,56,62,44,34,29,3,81,79,23,70,5,15,92,56,68,1,11,85,27,36,0,35,76,39,23,81,11,88,86,13,94,0,99,47,82,72,67,50,28,99,25,42,76,88,84,56,28,75,60,33,85,17,64,85,10,91,21,69,9,5,67,77,84,79,47
71,13,45,39,97,27,69,61,94,25,58,47,40,17,89,48,83,22,51,78,66,18,37,24,78,11,99,18,95,44,29,87,52,73,53,15,4,17,75,79,95,81,87,66,86,45,91,38,34,81,37,33,33,63,8,94,91,57,20,3,53,15,33,88,11,82,76,38,95,46,48,66,44,70,47,38,77,7,62,31,91,68,77,28,49,33,40,87,18,86,98,2,42,8,75,18,98,35,93,44
98,43,69,51,49,33,80,42,61,12,85,6,25,58,13,69,28,77,22,9,71,36,14,56,38,67,75,96,13,30,41,1,66,83,60,82,64,98,20,22,61,94,28,93,45,18,18,96,64,42,49,1,63,49,72,27,12,5,62,3,63,97,96,81,9,50,15,22,62,72,81,78,51,41,47,9,75,98,67,95,11,25,57,14,86,98,67,41,10,1,35,99,97,82,33,88,32,45,45,20
