9,36,43,60,2,44,77,84,1,23,9,64,89,94,71,22,54,46,9,77,39,18,30,66,10,13,20,83,27,13,66,31,23,93,1,56,15,32,76,49,0,30,26,87,94,97,0,4,30,33,69,43,31,16,53,3,76,34,83,18,44,96,27,62,42,60,84,29,59,9,32,14,31,10,76,56,71,14,99,98,14,13,4,32,79,94,68,94,19,92,34,18,97,56,69,64,78,38,24,95
52,60,13,51,99,17,49,15,98,69,61,17,73,82,9,16,67,51,93,94,15,49,13,2,56,28,15,53,1,48,64,62,80,93,44,95,27,48,75,73,93,83,81,36,83,13,34,39,7,48,62,79,71,51,56,78,91,85,78,68,64,16,66,78,53,83,12,7,0,87,95,16,95,80,79,20,85,88,53,81,91,60,79,35,63,16,98,86,36,42,8,2,58,99,40,15,49,82,2,15
21,77,93,6,75,98,27,93,47,36,79,83,95,51,86,60,21,86,16,3,46,75,43,99,65,49,55,6,98,63,40,42,28,8,21,26,19,19,26,38,8,60,43,71,27,62,45,62,94,54,58,47,16,17,35,26,33,1,2,49,50,93,40,9,45,67,22,80,30,51,35,48,96,78,87,87,99,1,87,43,88,72,64,56,56,67,74,92,55,29,42,74,40,32,70,68,45,25,9,72
95,13,10,91,17,53,37,18,67,30,88,21,39,80,58,57,81,50,54,40,14,56,64,36,31,73,52,18,63,72,2,7,80,53,87,34,16,76,14,76,4,83,57,60,62,98,11,66,99,53,82,83,31,77,98,59,17,91,80,4,56,46,85,59,92,56,31,90,20,73,82,37,56,40,25,30,90,6,4,67,61,37,18,45,34,14,36,0,33,91,1,94,56,56,97,14,63,17,73,63
90,66,53,82,64,24,48,20,26,56,9,88,25,72,19,86,30,5,84,81,42,16,39,35,46,51,12,79,49,85,17,64,65,88,14,29,68,51,75,29,87,15,82,98,70,45,60,49,51,87,96,40,26,11,59,88,22,81,60,70,62,99,32,34,14,52,90,32,84,82,9,75,28,41,70,35,72,29,9,79,90,64,81,24,96,78,44,9,85,7,2,15,54,3,13,37,68,60,25,30
69,84,50,71,90,92,31,45,35,2,83,75,15,60,27,37,64,52,46,37,47,53,21,83,97,62,36,44,29,85,71,83,41,25,30,65,32,14,63,7,79,60,49,6,41,79,90,7,82,70,14,29,7,50,39,28,99,27,25,16,93,19,75,91,58,74,14,0,39,65,98,97,52,14,63,60,13,69,9,66,41,99,87,73,82,84,2,8,80,43,9,9,61,61,79,78,34,10,9,97
71,26,66,39,18,24,61,52,90,66,77,42,95,60,61,72,83,26,3,86,80,77,95,14,52,25,29,13,66,26,39,7,67,73,49,70,89,23,68,35,57,89,98,72,79,23,32,31,75,15,66,22,27,89,35,52,23,74,78,58,75,65,16,16,11,62,85,68,37,54,79,57,37,0,52,31,17,87,9,93,33,89,22,76,29,48,66,42,70,23,57,39,15,44,89,86,8,25,88,87
30,89,42,2,67,90,30,59,65,77,90,39,86,2,97,48,38,5,11,58,40,86,4,47,24,94,33,61,42,46,30,50,69,61,77,65,82,2,90,88,47,92,86,37,17,83,25,63,86,89,34,17,46,25,37,66,40,7,65,78,8,89,93,45,36,86,41,86,23,1,82,86,40,97,74,3,39,60,95,59,89,7,15,26,63,53,45,37,5,56,51,13,3,37,63,0,0,70,73,71
81,31,87,17,18,43,72,60,71,5,66,14,64,91,43,35,95,34,80,22,82,76,97,34,54,84,69,83,25,52,94,82,81,92,40,78,78,6,47,61,58,34,68,31,33,94,45,53,72,80,9,91,54,24,26,76,10,80,95,95,0,93,34,95,7,96,99,67,64,27,63,13,32,7,3,46,85,39,49,35,3,15,66,38,71,43,27,39,46,42,53,98,55,63,15,0,46,59,50,62
8,49,5,1,56,12,56,67,65,87,16,15,31,15,69,17,76,45,58,93,55,75,10,74,11,37,56,51,42,81,30,74,2,65,0,41,82,1,51,19,75,73,1,66,77,32,87,63,9,15,69,60,16,77,91,58,73,12,42,16,60,78,7,43,3,26,0,44,31,17,48,76,4,70,4,67,44,26,63,36,53,80,20,13,46,37,84,22,19,11,99,37,64,74,92,38,81,76,97,96
71,18,66,4,81,68,77,72,66,96,55,5,74,93,65,87,72,59,21,35,30,95,66,56,1,72,67,13,73,40,40,78,89,98,74,26,32,98,89,58,43,24,61,80,83,81,6,19,99,62,42,99,3,7,84,41,8,66,22,2,88,9,52,57,66,46,4,62,79,29,39,76,4,36,78,67,20,20,30,97,90,24,70,40,64,27,98,66,56,38,78,55,96,24,41,19,17,55,8,40
92,19,67,7,28,13,90,45,21,11,42,32,42,48,46,96,79,76,49,60,86,9,10,2,19,36,56,16,55,19,61,28,77,84,90,95,56,60,40,74,14,89,20,89,31,69,70,93,23,1,84,66,33,43,60,30,83,97,48,22,23,43,77,79,12,63,14,80,68,51,82,46,79,87,10,8,36,37,26,42,43,35,40,22,70,40,98,16,5,68,17,27,86,19,6,67,39,56,65,49
27,7,6,77,56,72,64,64,5,82,29,72,69,25,84,13,60,16,13,50,66,68,15,12,43,22,97,18,81,24,23,98,17,52,65,16,49,40,84,18,47,66,44,21,71,27,80,71,28,15,29,33,21,58,95,60,15,94,5,87,21,34,6,53,31,34,62,1,94,96,48,78,30,63,59,63,99,6,60,11,29,25,73,90,57,81,52,32,45,58,0,90,81,35,4,52,49,32,87,74
23,75,67,23,1,26,58,72,48,97,72,82,92,54,27,92,84,1,66,87,50,45,20,67,68,70,25,99,82,88,62,34,20,50,78,6,1,31,37,26,62,65,89,55,16,41,89,47,60,71,34,87,70,65,90,3,54,27,83,68,95,0,44,49,49,0,15,67,81,2,3,28,84,69,22,19,26,48,60,15,71,15,14,58,60,56,18,44,67,23,8,73,43,74,89,91,62,90,36,69
78,27,5,82,52,2,76,70,2,97,4,17,40,3,9,16,12,99,11,52,6,69,31,98,47,60,13,81,28,70,0,45,47,45,71,81,25,58,93,60,51,90,52,27,15,1,80,95,87,59,34,66,77,81,4,57,74,0,67,81,97,55,16,23,97,30,1,99,99,72,35,28,9,73,65,75,71,53,93,73,25,82,15,54,95,12,44,24,69,28,12,5,78,42,47,10,71,84,86,2
46,73,10,95,93,43,27,11,34,22,79,14,53,89,62,56,12,34,54,27,23,65,60,4,67,69,13,55,58,45,84,52,94,80,32,8,11,76,82,85,39,4,6,11,35,3,11,45,64,93,34,64,93,71,11,42,73,84,30,66,73,39,1,83,79,46,95,72,94,8,30,52,50,20,10,88,72,30,45,43,35,64,48,41,43,86,4,79,34,22,75,54,29,99,46,34,1,41,42,43
35,55,46,13,95,21,36,49,24,81,54,36,45,16,97,94,92,45,65,52,72,11,91,4,30,42,94,82,36,12,37,12,77,64,12,18,58,15,71,41,46,92,36,39,14,99,40,36,52,62,80,71,5,88,22,83,51,94,63,41,56,92,13,53,93,5,74,89,43,67,95,73,7,86,67,40,30,25,77,47,40,0,98,50,91,76,44,65,44,84,95,29,9,16,13,95,82,53,16,32
2,25,33,89,2,25,9,59,5,24,25,7,44,62,18,51,8,96,18,15,70,79,67,16,59,25,45,17,73,55,4,57,23,91,16,80,0,23,16,92,43,55,3,99,35,6,58,84,54,71,31,8,21,57,2,12,26,69,78,37,53,1,40,75,78,12,24,47,4,29,6,67,29,15,23,80,97,86,52,97,67,65,24,42,16,37,42,96,95,75,38,35,35,49,9,79,11,37,38,57
23,83,52,13,37,90,29,42,19,75,33,76,33,87,51,42,20,27,37,4,68,29,52,1,6,80,55,31,42,84,32,15,73,41,17,69,16,24,90,64,77,57,45,58,22,0,86,75,8,22,8,37,94,87,49,13,75,10,22,80,43,0,64,93,33,59,0,99,38,36,49,99,26,57,31,24,36,8,36,23,48,3,43,65,45,73,46,16,90,7,77,71,74,30,18,54,23,21,0,39
72,26,74,46,75,20,68,13,50,56,66,39,14,71,94,94,90,20,44,61,2,39,25,43,79,1,32,48,60,7,34,53,72,51,62,66,79,53,17,72,63,92,54,6,35,84,48,99,51,64,79,41,19,18,74,16,15,30,40,88,8,9,94,77,95,98,47,19,15,59,55,40,53,7,62,42,74,75,3,4,50,87,1,7,78,20,92,30,4,80,45,69,66,90,55,16,34,39,60,13
66,26,13,86,23,25,18,72,68,52,5,33,65,51,64,69,27,56,59,53,59,71,48,5,70,40,99,77,15,79,94,7,37,9,54,47,53,30,52,87,36,15,2,6,49,92,35,9,17,24,58,46,17,44,20,97,53,25,68,12,32,69,23,89,7,30,21,88,11,87,58,52,76,88,68,56,15,45,58,71,9,58,18,15,20,82,25,92,27,78,31,45,83,26,66,57,73,11,47,31
9,56,43,39,12,95,69,93,45,38,6,41,94,0,39,94,53,30,35,11,43,95,43,4,42,29,71,57,7,66,48,74,6,40,52,79,85,3,14,51,65,12,22,17,57,28,33,30,41,27,50,66,46,9,18,93,39,3,38,50,0,45,95,72,28,31,43,37,83,66,51,5,10,50,98,95,81,7,27,51,14,81,55,52,71,22,78,69,72,78,96,71,4,25,37,65,22,53,34,93
97,26,44,31,59,9,98,96,79,45,86,25,34,61,33,22,39,30,80,46,28,53,44,17,92,6,75,70,24,84,41,98,71,81,40,9,34,92,83,88,74,70,74,9,95,35,17,96,81,95,20,26,86,77,35,32,84,60,39,49,74,21,38,57,58,97,25,39,77,11,96,15,51,58,3,41,23,57,97,41,74,40,54,96,36,77,15,19,7,19,41,16,37,58,87,10,34,35,61,66
86,71,25,76,5,45,25,19,48,73,15,94,98,81,5,88,57,6,70,95,66,74,59,9,63,22,91,48,10,91,24,5,48,24,83,96,21,26,79,70,48,71,75,63,99,53,90,82,88,62,75,88,8,35,99,2,69,26,7,92,11,17,64,92,43,40,80,46,42,99,22,62,90,86,15,39,96,30,17,11,3,84,39,49,37,9,94,34,59,1,69,90,92,41,15,27,90,21,7,36
29,82,58,99,97,6,77,27,19,94,66,89,9,97,12,35,71,67,36,70,93,27,15,29,82,3,34,86,71,15,69,63,34,45,59,17,79,96,68,67,0,42,93,22,18,96,49,50,59,42,72,36,19,53,80,22,8,27,93,41,97,57,16,2,92,50,29,61,75,7,16,66,48,2,97,33,90,34,55,25,36,27,68,42,98,6,41,5,95,84,28,28,84,51,51,19,23,54,67,53
56,99,94,93,79,67,95,2,41,98,15,17,36,24,6,70,40,43,37,61,58,24,63,44,0,57,90,51,93,34,74,11,8,29,49,16,68,55,75,89,27,8,6,94,91,14,3,46,74,43,72,3,2,1,89,80,97,97,65,17,75,60,90,30,50,12,29,6,64,86,69,75,47,17,12,55,94,45,99,37,49,3,62,39,82,73,15,32,31,56,49,46,43,57,94,50,98,29,15,92
90,86,12,66,67,84,3,1,44,97,9,79,47,50,56,76,59,86,13,4,6,36,49,94,65,44,44,7,28,91,78,69,74,90,69,76,59,34,65,68,14,34,38,77,89,72,49,91,16,97,46,92,10,84,58,65,48,31,90,26,96,3,62,18,50,42,44,36,21,10,25,83,32,67,99,89,68,26,21,11,34,70,48,45,27,61,38,26,73,77,17,69,90,96,35,83,63,89,45,58
2,0,87,55,1,62,77,37,82,39,76,21,61,5,17,21,33,10,47,29,95,21,49,38,30,90,66,84,52,20,8,46,26,21,24,72,77,46,23,32,89,95,99,81,40,6,74,18,88,60,8,80,11,17,65,68,92,42,66,72,58,0,4,92,41,0,6,53,85,66,31,54,87,87,1,67,56,77,31,95,84,5,62,97,88,83,58,3,0,3,67,48,24,47,18,32,39,82,12,23
5,15,87,75,22,75,15,34,60,97,31,68,6,48,16,89,35,77,73,71,14,41,1,23,40,6,6,95,12,46,59,49,64,26,57,43,80,17,99,31,28,88,31,5,0,71,42,11,16,9,67,89,98,49,73,11,86,9,16,92,85,16,17,68,87,97,13,66,87,80,99,61,5,48,76,86,47,78,0,36,93,0,79,71,56,71,94,89,59,52,7,55,84,9,53,12,33,5,21,97
6,81,30,29,3,35,3,60,51,17,55,68,61,82,24,11,12,78,28,56,94,87,20,24,54,12,95,5,82,18,83,27,48,86,49,31,21,67,39,33,73,9,2,50,62,11,9,16,79,94,36,54,32,82,36,35,68,98,35,18,92,64,92,64,23,55,58,95,56,69,38,91,39,22,53,91,92,7,15,30,19,39,21,40,77,12,56,84,88,34,2,32,56,98,80,40,42,98,51,12
71,89,46,45,38,90,44,63,36,1,38,41,37,54,99,65,40,59,59,20,3,57,23,62,69,74,43,55,77,66,84,50,63,51,17,83,51,35,64,25,2,91,21,85,77,55,42,10,46,37,31,46,2,5,95,13,41,7,96,69,28,36,83,35,8,3,3,78,4,41,28,30,73,63,85,78,32,20,11,75,98,32,73,6,87,69,56,13,92,0,69,59,26,38,98,41,77,17,46,4
75,7,48,37,14,35,39,61,32,96,25,75,20,14,81,28,44,90,72,37,79,14,12,72,97,80,64,57,38,9,48,23,58,21,33,72,56,1,4,57,22,0,84,43,74,28,59,4,39,35,51,87,81,94,61,79,84,40,34,22,92,3,74,57,87,20,46,85,60,98,59,42,91,78,53,35,61,38,35,30,42,9,43,64,71,30,18,38,3,37,10,77,74,62,8,0,12,91,83,60
77,35,59,40,61,70,67,51,40,96,88,71,7,2,18,35,5,47,5,4,78,56,94,30,9,28,90,95,91,91,12,82,96,74,59,15,2,71,2,38,60,94,19,45,36,33,59,38,82,25,71,90,37,3,82,40,65,51,27,83,43,43,86,31,68,96,80,55,16,9,34,36,16,20,60,34,4,59,54,2,42,68,68,38,12,10,36,84,17,56,21,86,31,36,52,55,18,13,62,37
57,65,8,35,57,86,6,13,6,35,44,34,67,44,52,38,39,64,58,70,74,32,98,69,57,40,62,61,5,96,72,96,48,2,31,81,86,84,79,94,88,98,76,23,70,5,83,41,2,13,19,37,87,57,62,5,0,38,61,86,2,27,52,67,36,4,35,54,57,53,1,53,73,7,54,37,5,14,36,51,93,22,52,2,40,64,7,89,20,31,16,41,24,1,48,36,43,4,25,20
34,75,13,23,81,82,94,7,48,37,12,80,61,6,55,5,23,25,35,29,76,33,47,28,32,49,57,15,87,81,28,84,58,76,51,50,3,76,37,54,98,64,19,96,20,25,14,93,29,27,4,85,38,60,86,32,90,25,98,58,18,8,84,1,69,13,6,92,17,32,66,78,68,45,92,43,7,48,0,87,37,28,8,57,73,19,46,88,81,51,41,86,63,96,41,29,10,70,12,60
38,18,66,26,77,22,33,34,90,30,26,19,64,91,63,10,65,2,46,18,37,84,12,80,94,45,44,65,89,27,51,54,82,19,95,59,34,12,92,76,82,12,67,76,73,3,15,75,82,58,66,7,48,84,12,71,54,68,72,9,63,56,88,18,17,31,67,73,30,3,82,24,1,85,79,71,14,86,34,27,56,98,23,30,31,59,21,19,49,77,17,96,92,13,34,41,3,77,17,51
78,71,67,64,80,14,42,39,3,70,61,36,55,2,31,76,28,65,39,0,6,74,71,39,95,90,23,21,40,25,86,70,90,84,82,8,52,85,37,26,81,68,24,33,47,19,21,29,11,26,85,46,37,57,95,66,53,39,29,64,48,67,8,1,61,34,48,42,91,77,79,25,83,64,14,31,28,32,90,89,75,50,32,62,86,46,48,16,41,7,1,69,59,20,41,62,15,21,89,79
58,28,44,15,74,58,21,76,98,34,36,3,33,88,28,10,13,16,58,50,16,16,19,40,41,20,61,83,21,4,73,56,2,38,32,62,22,66,83,26,65,4,97,28,80,86,85,96,18,19,94,7,37,24,30,57,66,30,6,80,27,37,92,92,49,83,60,63,86,24,57,63,33,79,76,23,53,47,31,31,17,88,71,68,41,45,64,24,94,22,66,54,40,2,97,43,17,88,39,26
6,12,87,1,18,14,46,49,75,70,85,63,26,6,77,77,39,57,63,97,70,8,96,77,4,72,22,13,49,81,46,94,64,10,0,7,61,61,65,18,27,48,52,0,81,22,21,66,28,53,48,9,48,33,5,21,24,84,5,70,36,48,63,76,53,97,6,29,96,21,64,89,77,25,80,30,94,79,41,42,31,45,98,47,89,21,75,13,92,0,78,51,8,63,72,91,23,23,55,92
40,61,91,11,72,73,48,86,45,37,67,70,85,57,75,75,21,3,60,98,51,41,79,42,47,90,8,0,6,14,76,30,85,77,31,76,24,20,6,18,83,13,15,17,22,57,89,93,73,75,64,63,82,95,66,37,51,88,80,27,5,60,60,9,32,98,79,7,46,18,8,16,78,54,27,56,77,45,81,13,27,50,37,13,60,6,8,15,35,37,90,75,5,35,13,24,11,92,47,9
45,39,35,47,15,93,37,63,74,80,51,3,8,91,21,88,82,29,77,16,99,50,68,94,1,56,77,43,35,17,16,58,35,11,11,11,70,77,40,81,66,52,19,60,57,18,47,48,79,74,81,20,90,10,18,77,74,11,93,14,81,76,72,49,5,62,75,13,76,82,53,92,37,95,64,47,68,80,31,64,88,12,19,24,22,74,22,63,35,32,65,81,7,18,45,83,1,15,81,39
83,49,75,73,42,59,87,0,63,76,98,45,57,26,93,66,94,97,98,74,5,91,40,65,7,29,27,20,71,68,99,19,56,9,2,91,94,54,0,15,4,91,11,78,17,62,69,36,50,55,77,95,20,35,87,84,87,80,76,55,54,63,14,24,64,67,26,28,84,13,87,4,17,44,10,92,40,82,91,81,14,25,36,9,71,98,27,60,37,68,94,77,19,89,62,65,93,2,91,16
57,76,39,63,48,96,12,75,51,23,69,73,2,22,81,13,66,99,13,8,31,60,92,89,17,90,14,73,25,50,42,89,12,91,82,73,75,69,36,54,89,49,49,80,2,15,14,75,86,13,0,52,3,29,55,25,81,34,55,13,34,8,18,77,14,94,42,12,48,70,14,38,59,60,68,82,50,7,75,98,55,53,99,96,68,38,93,10,66,1,49,62,30,83,52,69,82,89,79,54
1,33,34,75,45,96,82,99,62,27,26,15,96,84,9,44,17,80,72,23,73,27,60,97,43,52,54,60,37,28,71,14,37,62,49,13,58,1,83,60,54,37,29,82,73,72,15,45,56,53,24,18,93,72,56,40,95,66,58,87,10,71,69,44,68,49,78,35,99,79,50,36,86,20,75,66,8,78,89,78,4,44,83,24,15,92,12,53,56,21,0,38,46,61,96,76,93,35,69,97
3,57,21,15,86,21,49,68,18,58,54,62,9,58,91,25,51,34,61,91,4,26,2,84,89,28,65,47,46,43,6,29,95,41,50,45,42,98,77,52,9,24,72,19,14,85,15,0,48,28,83,78,2,68,46,66,5,38,51,99,94,70,90,5,86,37,6,6,82,19,97,53,9,56,81,97,85,89,27,2,94,64,34,55,37,96,67,83,81,52,80,42,33,31,44,5,73,11,88,11
75,87,88,40,77,85,6,90,89,9,12,6,58,16,81,20,31,53,1,81,7,58,46,87,87,75,44,27,39,49,86,86,7,14,11,16,6,17,18,87,42,97,69,33,8,86,22,19,55,52,29,14,24,72,46,66,23,9,91,9,93,28,2,25,35,41,93,11,68,75,75,21,52,70,14,87,31,11,99,55,69,24,26,98,39,6,8,3,71,21,96,67,70,36,85,71,72,87,2,23
45,38,67,11,87,87,52,91,67,87,64,64,57,57,88,66,96,56,60,67,54,80,59,98,15,25,10,76,44,60,46,40,92,55,55,1,31,52,14,71,57,94,83,14,62,96,84,98,48,70,21,96,4,77,8,34,35,47,27,96,24,81,58,79,3,99,67,7,12,30,12,76,93,0,75,89,38,88,25,34,91,64,73,48,1,5,36,71,31,62,50,3,45,26,81,92,94,32,55,21
90,52,10,29,94,16,67,33,12,93,59,57,80,37,90,50,5,59,2,44,43,62,68,70,93,93,7,75,38,31,6,96,81,23,9,96,29,32,20,67,72,44,30,32,4,27,64,2,53,95,10,42,30,38,61,59,62,76,88,79,99,24,89,90,25,74,92,18,57,35,17,6,50,9,27,43,26,4,97,24,75,2,85,93,64,68,1,4,54,11,97,5,28,75,32,85,74,22,51,94
83,80,76,53,94,2,77,37,95,30,11,36,84,15,46,56,6,18,95,48,51,29,97,84,57,31,55,0,68,54,62,57,10,41,83,55,80,21,92,79,74,35,99,18,32,79,89,36,52,30,48,83,3,42,37,78,55,26,5,67,3,38,90,7,27,92,35,21,60,6,64,60,40,12,85,71,43,25,78,40,97,46,20,1,0,83,23,36,30,39,28,70,60,15,98,35,26,54,68,8
46,80,94,13,89,45,69,14,13,49,74,78,30,31,99,35,84,63,97,81,1,65,82,33,41,40,79,54,10,91,34,77,3,79,33,22,72,30,94,47,19,16,32,31,10,53,65,0,57,3,74,59,49,94,16,89,23,21,55,76,95,87,12,98,45,96,61,6,89,95,94,94,75,53,92,82,38,60,37,59,50,74,35,3,9,80,81,16,3,19,36,84,30,22,88,41,65,62,75,51
61,72,3,95,86,85,83,9,41,60,44,18,87,8,82,28,30,48,71,32,63,70,45,15,23,68,84,17,59,2,98,82,48,92,58,54,29,35,64,37,44,49,34,84,59,78,9,75,15,78,60,64,44,76,23,81,81,49,92,34,31,83,22,74,69,5,6,72,2,84,43,57,38,42,15,21,44,83,28,92,57,62,73,36,23,48,21,45,64,64,86,84,6,69,59,81,48,9,13,24
7,7,68,42,64,65,14,70,69,16,37,19,27,68,46,65,86,63,43,92,97,75,84,24,42,25,34,4,66,14,69,2,34,80,8,8,21,68,96,49,98,84,42,99,26,60,70,21,47,15,25,58,36,44,19,80,44,90,14,38,3,62,35,78,29,52,46,43,50,81,77,84,47,7,82,60,78,14,83,46,76,80,43,50,16,65,23,34,93,29,59,44,10,18,22,88,22,70,14,86
35,82,97,14,24,74,18,52,46,62,35,10,75,36,98,69,82,24,28,41,91,73,98,66,96,50,24,36,43,70,57,90,86,96,20,79,41,68,80,61,34,27,51,67,82,2,33,78,9,46,13,85,72,74,58,7,80,94,91,79,86,25,61,74,94,71,1,75,13,62,30,52,59,23,78,76,19,31,61,87,6,47,76,6,62,1,95,8,19,22,24,15,65,46,72,7,1,23,1,50
26,79,20,52,73,52,74,10,97,5,65,2,12,99,19,17,91,61,21,89,36,58,51,58,67,22,42,33,8,76,72,13,36,59,72,30,79,31,29,67,31,32,93,15,20,62,62,52,61,47,21,89,88,78,12,35,99,24,97,27,90,42,34,86,89,67,72,82,69,92,72,28,35,14,69,11,37,80,15,89,94,70,78,17,78,65,34,86,95,17,91,50,51,77,70,71,74,38,99,27
64,75,79,46,24,14,37,42,96,28,36,11,37,59,80,49,7,5,30,59,42,44,84,26,92,57,18,99,51,13,54,38,96,4,49,20,81,53,70,48,77,96,75,58,21,64,44,48,75,72,68,55,71,1,94,18,9,33,80,58,56,23,95,30,48,23,36,42,88,77,3,64,91,62,81,74,8,4,21,19,9,72,12,16,40,1,39,83,5,23,68,48,29,5,40,69,77,56,6,52
4,10,5,3,82,0,89,87,77,24,99,90,5,11,50,64,60,51,2,73,85,97,96,14,74,22,84,93,38,3,88,2,5,51,2,60,75,76,6,90,43,71,66,28,44,30,33,22,63,3,59,3,76,36,66,50,92,58,48,66,24,52,13,13,27,28,88,80,54,87,83,94,28,86,7,78,14,21,58,2,77,6,71,90,11,20,84,90,89,78,79,42,6,6,87,24,86,46,75,79
78,42,49,38,7,47,1,0,50,36,57,24,82,60,61,42,42,33,64,77,78,53,69,83,17,6,48,6,74,36,21,5,87,15,68,40,4,29,68,65,65,51,14,89,30,96,57,54,79,47,90,91,72,99,66,21,73,13,81,85,51,90,88,53,42,7,55,63,19,45,16,46,10,70,72,91,81,6,87,95,49,46,4,84,93,89,75,73,52,97,42,72,5,65,87,71,95,81,72,8
55,10,26,82,81,21,56,40,71,42,72,69,82,50,20,20,30,74,75,27,77,99,39,0,56,56,10,45,1,43,41,61,22,97,37,83,40,43,58,3,96,13,27,67,62,87,15,48,96,83,90,43,6,19,91,23,96,4,74,81,73,60,71,64,87,17,33,98,32,86,74,80,60,7,8,62,18,36,25,59,33,19,40,24,27,45,39,71,93,64,70,96,54,19,54,91,14,66,79,38
96,84,96,91,55,59,32,29,70,83,94,56,23,47,14,67,9,57,27,74,51,97,50,53,97,14,41,52,43,25,86,53,77,87,79,32,97,85,66,70,61,22,17,29,8,78,47,7,96,71,27,22,86,42,51,49,61,35,70,98,98,61,50,12,66,25,52,63,2,89,62,2,59,71,23,69,98,80,16,53,83,11,59,62,98,63,59,48,63,44,75,45,59,34,16,46,93,87,87,9
59,56,4,8,82,12,72,49,40,98,75,37,59,12,86,26,68,53,85,61,3,75,13,34,39,17,46,93,2,17,36,81,98,26,89,50,95,14,92,95,29,51,82,59,39,4,61,51,82,75,82,93,16,89,3,55,32,94,94,94,42,35,74,75,56,66,44,41,92,85,7,77,43,92,52,86,88,37,0,63,57,25,19,64,46,6,39,58,27,47,64,52,52,77,86,39,82,56,5,37
29,29,28,73,97,24,42,99,93,28,94,20,86,60,89,97,10,42,75,54,84,67,62,45,13,42,96,9,94,97,97,73,5,10,84,77,82,95,82,97,43,46,73,69,7,60,92,45,84,9,72,95,71,91,74,86,53,40,60,25,33,0,59,41,49,16,91,20,80,66,34,1,81,73,27,98,89,91,34,84,55,26,22,21,17,77,47,58,31,18,54,0,56,25,39,95,93,10,97,11
38,16,34,47,32,58,53,19,5,84,5,33,71,7,72,4,84,93,14,78,92,87,5,37,21,41,81,45,7,14,93,36,60,98,64,6,59,97,11,80,81,24,92,89,17,42,56,85,49,1,70,98,15,61,86,31,38,27,66,96,70,47,44,5,25,91,78,84,63,90,76,65,47,29,39,56,37,65,92,2,1,20,39,73,72,58,5,45,37,64,53,15,52,64,58,88,75,27,87,70
39,88,90,83,37,51,59,25,30,6,53,45,94,95,45,80,5,79,30,44,8,95,42,91,33,6,63,75,97,79,4,71,96,73,75,77,17,20,7,49,1,98,10,17,89,76,24,55,59,4,93,1,65,53,9,72,82,29,59,29,7,70,95,49,62,11,60,83,97,23,31,84,73,90,85,82,75,55,97,54,57,57,17,52,22,77,27,54,19,66,53,34,93,45,42,92,68,48,84,57
27,21,27,93,11,44,84,92,38,90,7,60,64,90,63,74,49,15,67,96,47,91,18,10,47,63,77,38,14,30,85,51,74,28,72,49,58,69,28,16,20,12,3,61,43,43,63,86,92,16,10,70,62,1,94,70,61,8,98,77,13,11,81,61,81,92,13,91,79,45,93,52,56,98,11,19,7,12,60,24,74,47,18,14,29,83,13,33,15,5,75,17,17,89,89,68,14,39,70,64
25,39,62,86,61,86,21,96,11,48,52,80,90,64,49,46,88,31,58,34,81,69,43,24,65,29,77,47,88,24,72,84,45,97,13,37,65,16,53,92,89,73,73,22,18,36,82,94,26,72,51,63,56,57,75,20,26,63,4,33,74,60,29,19,71,50,56,81,2,43,69,45,21,9,40,79,93,51,38,36,88,45,82,3,18,36,37,5,55,71,60,52,46,17,60,4,98,13,0,42
38,39,3,57,72,34,89,97,11,3,16,98,41,20,47,35,72,90,35,5,45,57,23,48,3,99,94,84,54,36,97,48,92,73,66,64,34,6,15,66,52,18,68,76,34,23,8,85,10,8,40,18,87,40,26,75,33,33,17,62,48,81,78,36,75,4,11,39,86,58,16,77,7,20,42,52,6,23,27,31,48,74,5,48,94,38,37,54,0,47,28,91,52,33,44,44,61,80,88,54
0,54,26,38,14,64,66,88,46,49,46,3,51,90,53,0,13,29,51,34,16,54,95,83,33,64,95,62,45,42,99,97,69,82,66,69,64,38,93,72,45,23,34,99,69,50,68,90,5,55,53,50,65,25,6,38,99,26,95,81,83,30,99,3,45,98,19,10,73,55,95,86,60,90,26,38,63,50,58,26,25,34,31,66,19,12,6,55,16,87,0,85,95,82,1,25,59,50,43,18
93,78,10,64,62,2,97,76,54,33,52,7,62,39,61,94,38,32,74,23,9,47,53,34,77,12,12,83,84,22,92,12,68,92,0,2,84,90,38,78,92,99,89,38,20,79,95,10,54,20,43,5,12,2,59,29,25,24,88,44,7,45,67,60,26,32,52,77,38,64,70,18,11,73,85,23,22,20,76,42,79,69,7,98,93,43,14,76,91,25,9,29,13,77,4,17,43,94,90,33
91,31,65,30,57,42,40,61,52,55,57,39,65,26,88,14,15,52,14,33,67,63,84,5,41,56,22,66,24,75,83,22,91,86,75,49,92,71,31,65,75,80,78,40,68,68,1,76,51,4,75,7,37,99,20,9,12,15,7,80,39,2,65,71,39,95,31,11,22,67,69,66,79,22,15,9,84,66,15,13,1,62,80,70,81,48,13,97,13,35,9,12,65,48,3,45,3,92,14,68
17,74,79,1,3,47,36,74,69,32,5,49,27,7,86,54,51,11,67,73,13,38,81,63,66,28,66,32,50,2,80,80,27,25,75,10,96,30,72,19,0,47,31,43,16,87,13,84,15,19,35,12,79,33,74,0,54,38,8,35,49,89,89,31,14,15,47,13,5,38,8,44,55,94,81,76,66,2,33,46,97,84,24,47,76,4,82,19,26,27,32,75,3,45,92,90,25,44,70,29
42,76,60,90,91,29,32,52,69,16,93,22,17,99,78,45,24,39,79,4,64,47,42,15,49,30,31,24,15,25,49,11,77,17,56,43,93,29,23,74,90,61,14,74,99,31,34,11,26,57,66,91,61,40,14,84,86,56,80,61,38,42,98,38,71,67,91,89,15,82,42,91,1,45,24,56,84,48,99,29,62,80,63,12,18,84,93,22,23,99,60,13,17,6,15,35,27,15,18,91
98,94,85,31,41,16,55,40,78,71,41,19,5,7,53,56,49,79,22,25,11,19,90,48,32,53,72,58,31,5,45,49,23,32,81,41,26,10,75,92,38,92,72,48,95,53,30,2,24,64,10,76,75,19,76,58,54,67,51,98,15,9,40,4,44,13,73,26,29,86,7,45,52,98,33,96,43,32,28,21,25,87,7,55,98,93,64,44,33,17,66,0,56,7,58,54,67,99,77,78
6,42,60,48,1,97,55,69,86,86,36,59,17,81,75,88,61,63,95,32,36,67,68,4,49,23,77,45,90,82,2,64,48,44,82,16,11,37,2,41,31,40,78,28,49,13,30,93,64,78,25,72,83,96,82,53,71,76,83,87,43,76,27,21,44,61,21,13,4,60,79,17,91,90,9,74,72,75,6,51,6,71,30,7,46,32,70,17,54,80,1,18,12,44,64,73,45,21,28,75
26,67,61,40,9,36,66,70,17,48,21,65,19,48,5,13,85,67,62,93,13,1,47,45,27,83,13,27,44,68,56,86,23,28,92,23,98,66,58,33,22,31,86,16,44,46,79,47,0,70,22,8,84,29,28,56,62,59,55,56,16,50,41,22,1,14,20,54,25,68,58,38,89,13,25,44,1,81,16,75,23,33,40,8,60,50,33,56,35,76,41,71,82,7,43,8,30,58,86,44
99,66,61,93,52,21,55,20,13,0,48,75,22,67,38,49,77,73,50,75,73,56,67,22,5,31,70,91,24,99,45,50,91,63,57,98,30,72,43,17,32,89,46,30,97,80,19,25,22,78,31,75,88,18,46,54,78,30,49,34,89,49,5,28,2,73,56,53,83,81,57,87,16,71,59,83,80,17,92,34,84,9,88,35,39,87,5,62,61,15,41,63,24,49,99,13,71,98,4,15
10,48,82,61,82,61,47,33,3,57,43,4,2,74,32,71,96,25,96,60,13,96,10,38,88,42,6,46,19,96,53,94,41,74,12,16,93,37,42,37,35,48,82,44,93,1,44,35,2,40,83,5,70,39,4,89,99,81,70,6,58,65,93,64,27,70,89,80,6,21,80,72,54,27,72,2,4,74,96,99,5,55,19,92,53,94,78,9,68,21,27,51,7,26,54,36,72,97,89,72
8,63,32,99,49,89,6,50,52,84,36,40,45,70,75,15,50,79,18,75,18,31,2,11,39,15,1,18,24,50,26,97,64,37,3,60,32,55,55,35,28,33,87,20,94,22,43,59,56,31,78,22,11,85,86,82,81,48,30,90,35,61,94,99,93,52,73,57,60,56,55,50,53,7,19,45,16,46,96,19,83,22,71,90,2,54,35,2,1,53,69,92,45,7,68,25,13,16,2,61
31,41,86,15,98,32,62,78,7,26,84,29,17,28,72,27,15,36,77,36,36,74,69,49,90,83,21,68,68,49,42,89,18,97,69,41,84,70,48,95,43,55,62,90,95,85,55,21,2,51,65,67,66,42,59,0,22,77,63,88,75,38,56,59,34,84,15,93,27,94,67,69,72,32,71,41,95,76,42,32,95,55,78,53,26,79,35,68,61,30,24,36,93,69,85,40,89,99,96,42
90,92,77,2,78,18,5,91,29,63,6,5,26,77,13,15,21,92,17,27,3,10,0,5,63,21,37,9,33,33,60,66,85,96,24,76,49,24,11,40,96,9,31,23,75,84,84,69,14,68,89,69,12,48,85,15,33,93,11,41,56,70,76,34,93,70,38,49,45,71,49,43,73,77,44,58,18,89,57,10,78,76,50,12,72,48,89,45,38,23,5,80,36,35,7,49,22,46,35,19
90,66,75,5,64,37,58,14,39,23,43,19,28,33,65,5,75,75,59,96,23,53,1,90,47,20,82,13,35,71,29,93,52,57,66,34,23,91,45,87,70,47,27,55,93,45,10,41,50,96,16,87,31,96,32,79,55,59,43,55,68,63,98,71,4,69,53,69,85,0,73,97,79,28,3,67,37,29,73,39,99,87,26,47,10,8,82,48,27,3,24,46,75,72,99,30,16,85,68,55
44,92,62,89,30,70,53,7,27,81,49,59,31,93,95,40,2,58,18,23,38,65,76,92,89,48,44,20,37,89,60,64,64,67,51,29,15,46,25,91,27,33,48,77,14,53,3,70,96,55,58,14,34,83,12,2,97,69,81,23,51,42,80,55,86,77,58,39,83,23,49,34,54,20,84,37,13,36,40,36,23,14,48,92,82,1,2,67,0,72,61,70,71,20,64,13,54,14,73,34
92,22,67,20,56,80,29,75,42,41,16,15,0,34,57,17,49,57,36,97,93,98,89,53,19,82,17,94,39,10,60,22,83,42,86,99,0,44,69,60,75,40,46,78,66,19,72,61,49,6,90,5,49,81,21,72,77,56,69,17,97,56,41,80,56,75,59,13,50,87,38,7,46,6,7,62,83,8,43,36,21,33,6,78,43,62,29,63,39,6,34,11,18,34,74,30,16,94,33,55
19,66,86,15,8,30,89,51,15,55,96,39,41,24,30,89,57,0,77,6,31,13,64,4,39,46,92,2,77,74,16,12,43,90,19,30,14,69,14,69,27,94,36,69,45,91,57,6,11,37,24,82,67,81,73,15,82,98,55,30,48,88,72,37,13,9,49,8,74,78,33,43,14,35,87,29,97,36,96,96,78,28,11,34,1,68,35,97,91,84,83,52,62,87,37,94,90,24,54,83
26,30,55,17,89,24,44,57,17,74,21,20,17,20,42,54,83,49,85,26,69,1,96,39,73,51,8,42,21,63,64,76,29,24,99,41,20,46,29,33,97,2,14,62,61,7,1,6,35,13,92,41,65,29,29,60,39,81,96,54,79,82,28,40,74,72,37,45,10,89,60,51,41,26,91,25,54,7,59,78,83,6,6,35,18,96,23,9,82,60,14,54,75,29,54,74,31,79,97,70
75,33,66,92,77,10,98,94,91,37,9,86,77,8,1,91,21,50,14,40,52,97,20,85,30,88,66,14,95,48,60,11,32,86,23,53,5,25,73,53,77,14,99,71,4,6,57,79,34,3,17,75,71,3,8,28,19,70,51,24,57,31,77,65,73,15,26,21,61,95,99,5,19,84,9,40,72,52,36,72,19,14,6,76,21,34,90,79,75,65,70,44,67,61,12,0,93,86,88,0
69,72,41,15,97,36,87,72,88,54,44,17,87,81,79,78,65,35,24,9,74,63,47,19,84,18,81,83,65,90,37,6,5,18,65,63,25,54,56,29,10,37,36,36,44,42,37,29,62,86,56,75,79,90,86,31,24,76,37,23,16,98,65,91,57,10,93,84,8,45,41,35,81,33,21,38,6,83,23,78,30,5,77,33,42,28,58,38,14,54,71,8,99,31,36,35,94,58,4,95
85,43,90,84,9,81,85,86,30,34,99,75,20,2,16,58,96,86,69,87,72,77,7,85,73,18,5,91,22,41,43,80,89,15,71,9,18,73,82,54,52,44,23,98,68,93,39,19,97,64,97,42,57,39,54,79,3,17,45,66,66,12,89,2,51,24,27,55,80,94,43,83,19,58,4,85,57,61,92,12,80,50,11,51,81,47,15,74,56,73,68,84,74,66,46,74,13,52,44,57
99,59,93,40,24,58,26,26,25,18,90,48,58,92,62,62,60,54,86,69,49,2,14,17,95,68,30,4,95,73,88,27,43,52,99,31,50,85,93,1,23,93,98,96,46,26,48,72,18,11,80,41,70,84,94,49,3,72,18,51,78,40,92,61,8,70,5,1,73,98,28,24,95,89,23,31,8,27,99,4,19,87,75,53,50,15,82,72,24,77,57,68,13,85,15,43,58,40,27,49
91,63,68,32,65,82,37,87,10,45,4,37,71,33,1,63,17,90,28,95,96,60,91,82,29,53,67,9,1,15,14,28,81,59,5,54,1,41,12,65,45,87,95,77,42,17,50,45,16,63,17,0,20,96,76,30,94,73,82,80,13,90,69,54,66,77,51,16,19,74,85,12,84,88,19,84,64,80,0,15,15,36,80,57,77,50,93,20,35,64,21,35,58,46,96,6,91,63,25,12
87,67,43,70,76,89,78,72,30,13,49,94,17,59,79,81,5,92,65,8,1,61,75,18,92,2,7,89,55,39,13,29,97,87,26,72,36,46,86,50,42,5,44,94,70,26,76,4,98,25,45,93,11,88,38,25,95,58,99,31,16,75,45,44,61,71,62,69,82,96,32,55,57,35,13,7,67,34,28,42,23,66,11,32,61,52,36,28,88,55,83,40,94,33,22,27,99,49,56,63
58,53,80,74,67,36,61,64,12,80,27,64,15,26,9,24,84,27,78,83,85,48,0,99,46,22,95,31,19,32,27,7,1,70,69,31,89,10,47,6,12,6,52,68,76,66,78,98,24,59,12,19,27,65,36,32,47,70,46,25,86,97,39,4,54,74,80,58,81,68,95,12,88,61,73,8,45,13,55,2,48,70,46,62,98,31,65,97,82,49,21,96,70,79,81,60,62,7,81,11
36,63,34,35,27,57,60,67,53,91,74,64,81,30,31,46,75,66,94,32,43,23,17,24,4,23,40,92,29,16,36,90,27,93,95,67,78,65,66,45,14,85,89,23,34,20,8,6,8,13,40,65,61,55,14,17,64,28,80,7,42,68,65,96,92,18,22,44,48,79,34,90,71,42,44,76,92,16,69,94,87,76,54,61,12,43,79,59,43,2,57,58,10,37,95,96,28,69,35,81
62,70,94,83,44,23,1,90,3,74,30,54,42,91,84,20,74,77,98,87,59,82,40,89,76,69,71,69,64,98,75,59,39,89,92,30,73,35,2,98,29,74,7,3,74,23,78,74,0,71,57,99,29,23,76,47,48,38,5,21,42,58,85,21,60,89,41,53,77,74,6,84,93,68,75,12,68,64,28,86,60,47,81,77,30,46,97,46,40,6,45,64,32,56,69,0,89,23,17,27
58,33,58,63,37,95,19,20,43,32,11,1,82,38,85,28,8,78,32,91,25,34,66,20,12,76,68,76,29,13,23,88,39,23,68,72,29,37,15,25,26,82,50,39,53,53,59,64,33,4,16,97,85,18,94,66,16,47,76,28,56,52,49,24,44,33,82,71,42,48,3,14,75,75,50,43,50,46,57,53,71,22,33,22,32,34,3,59,3,25,83,73,67,32,93,27,33,62,84,67
4,30,98,27,24,45,90,70,52,74,60,12,68,3,79,6,46,78,70,22,0,36,89,83,54,41,88,54,30,74,36,65,42,73,97,49,3,76,82,48,52,37,72,31,54,48,51,67,85,89,94,75,17,42,52,58,48,43,37,75,75,70,8,65,53,98,48,42,11,43,2,4,34,6,53,72,59,7,36,39,0,89,93,58,73,47,18,5,58,82,2,32,84,58,27,58,96,57,87,12
59,94,78,23,56,3,62,46,89,56,18,34,93,81,73,7,3,70,19,92,95,9,5,12,74,68,74,61,67,90,46,2,45,93,59,32,57,95,76,53,78,10,98,2,0,92,71,11,33,39,53,53,63,42,19,99,71,14,63,86,72,97,48,24,72,49,20,48,11,97,71,97,85,61,95,93,46,59,31,36,18,31,58,58,84,39,44,97,84,76,0,76,96,54,50,26,84,38,22,63
46,59,27,42,73,58,13,23,59,99,48,80,58,85,33,95,31,14,4,47,73,53,28,8,82,49,64,40,1,87,3,49,83,39,95,65,48,92,40,65,58,98,39,34,37,62,14,70,3,17,38,51,14,81,68,2,23,61,18,67,79,48,61,81,26,10,1,40,1,91,53,67,55,65,41,78,75,25,74,5,6,41,15,43,92,65,19,77,94,20,60,33,98,22,36,92,58,68,39,25
88,64,7,1,27,64,27,80,0,30,32,12,24,58,75,70,1,80,69,90,4,40,41,8,45,80,62,57,72,61,17,67,88,94,46,90,50,51,68,56,52,18,20,24,46,88,22,68,94,38,30,24,88,94,42,71,70,26,89,33,31,25,89,26,19,6,30,83,55,98,35,39,99,28,6,33,39,71,67,49,44,72,3,25,68,71,91,90,84,25,68,48,23,0,33,67,32,55,44,84
55,72,63,84,13,17,3,95,16,47,36,29,41,38,35,7,4,1,55,69,24,9,99,37,94,74,87,96,87,62,7,32,81,51,65,42,94,28,58,45,9,28,79,69,7,22,50,42,73,89,84,85,20,88,3,81,13,38,41,42,88,50,36,48,38,29,29,51,86,97,11,80,37,33,89,63,48,42,84,55,19,51,40,4,89,16,51,0,3,62,27,82,91,43,53,83,81,40,98,51
85,37,47,96,20,60,77,85,74,78,38,78,89,11,52,92,51,97,59,74,53,12,55,39,56,18,32,18,11,90,65,16,47,59,17,32,3,63,49,26,3,53,63,3,11,49,28,36,42,42,8,94,34,14,67,37,91,98,56,17,23,20,43,63,40,84,77,49,10,43,95,46,81,11,48,61,26,64,79,36,58,19,73,88,84,94,32,40,32,23,6,4,98,39,13,85,48,83,83,38
