9,92,98,85,52,16,33,29,19,19,22,34,98,4,71,58,60,15,80,37,77,48,79,48,95,50,30,51,18,36,59,30,65,44,71,69,49,35,92,34,76,9,48,28,94,81,6,2,12,80,72,80,59,83,4,82,57,92,72,52,48,4,77,22,50,3,20,98,20,39,4,19,24,66,24,93,98,52,64,7,20,2,95,8,97,54,88,6,56,75,7,33,30,16,4,61,49,20,61,80
41,1,45,95,34,52,89,19,68,37,60,12,39,37,76,66,38,64,71,52,70,72,57,54,65,76,38,30,82,25,56,11,1,81,7,75,70,85,41,56,34,25,31,2,86,56,73,27,68,10,38,4,70,91,62,39,10,8,9,86,24,37,15,8,38,73,43,11,29,79,70,35,26,68,11,45,56,61,28,84,86,3,80,41,54,40,36,25,83,69,13,73,40,87,79,29,89,48,72,83
95,96,5,60,62,80,86,56,10,50,18,43,84,87,37,39,22,78,53,46,26,59,28,14,65,76,8,40,95,95,10,46,67,25,50,79,24,47,39,65,92,84,19,86,90,27,41,60,75,35,82,4,65,64,44,34,68,21,50,24,30,84,70,80,54,30,12,72,34,93,59,41,53,52,2,60,92,74,25,26,88,70,51,58,38,31,12,45,4,84,24,65,92,67,91,51,79,15,8,0
70,13,37,51,25,88,29,89,38,29,24,5,82,66,48,24,72,45,49,6,98,98,16,95,3,35,33,65,63,4,35,49,30,15,33,53,41,97,54,86,64,47,14,75,1,52,64,34,82,44,9,78,69,27,8,59,81,36,96,42,69,53,66,65,45,16,31,15,1,19,30,49,90,76,32,30,40,61,81,41,62,56,94,20,90,11,8,87,16,51,5,96,62,22,0,95,82,55,68,99
96,1,24,44,64,53,25,47,88,11,21,3,43,4,40,42,84,5,26,41,74,51,83,97,41,18,31,59,47,72,35,47,63,21,90,49,2,25,49,69,68,83,21,10,60,84,5,53,48,11,76,72,57,88,26,73,83,63,1,41,31,24,68,88,13,14,46,42,88,17,36,65,80,69,12,77,75,68,59,16,81,80,48,88,23,67,71,98,64,71,84,98,46,43,7,97,82,83,61,54
18,52,7,94,6,57,7,40,99,85,77,89,76,79,51,93,79,87,9,26,83,68,32,36,75,27,89,31,12,46,87,58,9,39,61,98,11,99,15,79,92,59,76,33,77,70,68,47,32,29,56,9,20,40,7,85,92,63,69,62,32,37,16,28,83,84,54,11,18,6,46,10,50,93,38,51,79,43,98,23,16,92,56,97,44,0,79,96,52,88,16,25,49,9,75,86,89,70,15,85
52,88,56,94,64,47,77,41,14,91,76,91,58,52,94,3,3,36,57,65,55,84,40,37,84,87,97,62,99,74,38,38,84,56,31,85,36,22,97,40,35,58,23,77,90,10,1,18,24,56,41,72,69,66,51,66,88,13,26,98,58,3,17,51,40,77,49,13,37,89,80,19,58,88,99,8,0,38,97,96,84,76,99,50,2,39,84,19,47,76,94,65,60,94,8,27,88,96,47,53
51,0,88,32,74,61,88,52,63,50,6,22,90,4,74,17,50,58,68,97,33,32,0,15,90,17,81,60,81,50,49,13,98,36,28,60,12,5,89,9,25,12,37,12,38,72,59,87,13,8,13,91,59,44,54,13,49,75,14,75,78,57,14,77,38,49,32,2,79,20,91,68,61,12,85,37,38,11,6,91,43,88,77,71,28,70,50,41,59,85,47,48,12,94,48,70,67,5,61,75
92,18,6,71,91,25,67,90,91,67,95,29,40,6,16,54,37,29,85,77,86,54,46,66,75,1,61,54,34,82,10,47,34,66,18,68,59,99,61,74,52,14,50,97,44,35,52,63,22,8,2,60,96,99,93,2,30,70,66,67,1,52,47,93,66,54,66,6,33,75,45,23,6,18,62,67,31,27,35,28,50,33,7,82,43,11,55,99,13,20,55,40,77,74,53,74,55,20,84,49
65,32,70,50,4,77,40,59,86,44,16,54,30,6,30,99,17,2,40,74,14,45,23,93,50,20,78,90,54,93,58,69,63,67,45,38,68,88,56,70,35,48,64,61,37,0,60,71,84,5,1,63,78,56,84,34,28,75,80,8,6,93,65,35,39,87,9,49,74,71,78,39,23,35,45,20,27,99,17,42,3,43,97,38,43,88,0,11,40,94,63,65,44,5,12,77,98,64,50,64
95,18,69,54,86,7,53,60,62,23,40,37,49,32,72,42,61,67,76,81,44,6,29,53,16,47,21,69,14,31,84,14,46,69,83,27,57,35,88,88,51,40,90,79,52,25,82,60,91,75,79,82,49,13,12,47,65,32,46,22,64,79,68,32,84,92,98,90,38,84,40,17,53,86,88,52,11,90,48,15,82,77,51,76,79,50,11,16,11,11,44,32,68,37,60,94,89,50,70,51
94,8,87,11,97,77,27,84,41,42,49,96,17,61,94,70,67,63,3,40,71,50,51,67,54,4,83,24,24,25,21,47,74,47,72,74,34,89,34,43,44,9,41,79,65,19,65,44,39,20,7,10,57,68,62,95,31,0,30,53,22,67,81,33,88,80,67,89,6,9,48,89,99,47,77,91,86,63,40,87,9,1,31,7,56,28,67,44,73,58,23,93,86,62,36,85,18,7,5,21
93,79,28,79,50,33,88,77,34,57,34,29,95,31,63,43,69,56,8,63,33,69,69,94,40,72,24,71,86,69,93,21,36,41,51,8,89,67,26,89,80,5,88,60,79,30,60,45,51,58,50,67,52,54,44,86,26,90,17,55,14,45,63,22,26,41,49,79,4,44,11,99,70,2,59,78,27,37,8,90,79,19,44,20,88,44,5,94,37,16,33,69,32,47,32,56,24,17,45,54
11,48,52,14,56,26,40,17,21,4,46,38,60,47,16,58,71,75,74,97,7,6,70,86,14,88,11,66,94,6,13,73,10,52,48,82,71,11,74,20,51,23,67,20,71,38,20,69,7,76,86,52,16,40,49,52,46,52,76,9,83,48,87,6,13,91,35,49,67,99,52,80,7,63,9,61,47,64,77,81,6,14,62,7,16,58,66,53,94,17,79,45,87,75,16,86,12,1,70,89
95,80,41,79,40,32,3,80,25,5,63,23,66,46,68,97,81,12,33,76,61,61,85,49,35,23,99,58,11,75,76,98,56,63,18,59,13,25,85,3,28,17,73,98,77,71,19,67,62,93,25,29,46,60,24,86,3,35,50,73,34,84,49,30,41,68,27,62,36,74,24,60,69,32,9,21,94,37,75,69,73,35,75,96,3,93,43,88,90,13,39,91,77,65,37,99,46,71,75,82
32,39,22,51,51,17,81,79,8,61,12,6,22,64,71,42,83,24,71,11,37,72,31,28,60,21,53,17,65,60,72,62,81,66,25,45,55,46,74,81,53,38,99,43,94,54,49,17,74,38,66,82,47,99,82,64,87,8,24,38,11,95,4,18,63,60,53,38,57,29,52,20,60,57,7,0,65,59,40,47,52,74,95,29,93,11,91,47,50,3,26,68,86,72,96,11,13,91,33,2
88,24,2,96,24,41,85,84,10,8,26,87,5,45,82,58,98,9,20,54,38,74,52,51,46,50,59,23,21,18,25,48,72,73,73,98,63,59,75,44,61,81,17,57,68,34,48,42,39,43,87,4,49,43,16,20,31,35,35,12,70,46,29,16,18,65,21,69,96,18,15,59,3,90,18,21,99,85,68,88,11,66,65,20,56,76,40,19,51,69,54,92,40,26,89,40,66,36,22,57
79,2,4,3,4,99,60,88,49,83,62,94,95,2,46,48,20,41,80,76,65,74,25,17,11,74,50,90,7,50,60,74,24,52,7,54,99,36,13,68,26,99,6,37,11,3,81,76,51,25,22,30,35,56,56,78,47,67,67,31,54,99,86,20,2,23,51,8,69,61,67,19,70,94,45,9,26,65,68,2,86,20,40,34,5,24,19,40,48,1,57,66,34,91,81,20,51,27,32,58
45,9,39,52,37,43,98,69,68,87,57,67,2,87,54,60,72,42,49,21,58,30,98,44,80,85,9,76,98,85,54,24,72,58,21,63,32,2,69,14,82,47,48,76,89,9,6,51,32,26,87,47,85,28,0,1,91,55,22,42,95,41,86,78,9,58,76,84,77,56,83,4,76,7,59,80,73,2,42,8,88,4,5,40,22,75,38,64,4,3,40,57,30,61,79,39,65,26,38,51
85,60,87,50,81,85,37,3,96,51,57,18,76,24,11,98,31,2,9,50,18,3,2,85,39,15,29,72,39,35,53,8,24,91,89,17,5,23,89,89,36,84,91,94,81,42,20,44,85,85,44,11,98,25,37,42,79,35,96,36,96,31,38,20,74,36,85,80,29,54,56,26,92,16,93,84,59,29,70,74,12,33,43,31,64,26,41,68,36,40,41,44,83,71,73,50,39,47,32,64
57,27,57,43,7,99,50,84,29,35,19,37,12,21,26,25,66,98,50,72,31,70,99,20,93,83,53,82,40,49,45,65,64,68,74,98,11,85,98,53,48,2,92,31,10,82,98,29,55,69,91,41,40,10,70,72,22,27,87,88,71,77,76,55,95,18,61,33,95,83,85,52,55,43,52,10,32,35,26,9,17,47,53,70,31,31,71,67,5,58,95,84,33,92,10,93,57,36,43,55
2,41,52,44,71,31,73,53,95,64,38,83,28,92,76,89,28,82,77,6,66,82,61,10,31,49,10,0,15,44,88,4,62,73,6,78,43,28,81,28,32,54,34,39,5,28,52,33,60,74,16,12,94,42,77,3,95,80,16,39,32,33,64,40,34,10,75,10,4,43,9,35,97,56,19,63,28,54,5,99,53,43,4,22,65,69,98,34,75,78,92,63,65,98,22,8,46,81,52,91
81,32,9,86,68,22,92,40,24,32,34,33,76,42,98,36,62,69,45,79,97,59,43,72,46,69,84,90,85,48,20,18,59,62,84,66,11,69,5,89,58,16,80,37,98,50,97,61,78,44,46,82,3,61,4,90,29,80,16,72,97,91,55,47,58,31,80,25,48,57,43,64,29,28,3,26,53,84,57,26,72,83,97,31,95,78,19,32,73,53,38,49,81,52,81,93,45,42,31,69
37,41,13,34,50,50,39,55,95,15,95,95,57,74,49,62,67,82,0,18,28,22,20,45,81,26,95,85,76,86,86,65,12,61,51,87,56,39,11,75,82,79,74,35,40,73,80,24,41,72,44,62,18,76,36,76,49,66,24,83,76,93,84,33,19,29,45,6,56,51,36,83,11,65,70,91,46,8,20,79,43,72,58,98,28,27,88,30,81,18,36,83,25,65,47,41,32,62,80,20
65,10,62,0,79,24,99,67,86,43,74,5,20,3,75,59,78,99,13,28,37,70,12,20,10,48,77,9,54,76,27,37,80,84,61,59,45,65,66,10,81,22,13,97,63,44,93,20,11,16,78,8,77,45,67,98,67,28,39,66,84,2,86,32,36,13,69,62,76,83,2,61,50,16,31,99,74,79,58,94,68,26,46,96,41,3,57,51,89,18,73,23,8,32,50,86,94,68,49,51
30,47,43,40,22,15,90,11,68,29,85,9,16,96,80,47,86,69,2,89,88,18,98,48,13,87,74,26,85,71,82,89,37,99,22,58,16,5,75,62,80,66,7,24,20,44,29,65,6,50,27,44,99,68,16,57,99,94,34,53,6,53,64,60,59,50,90,72,33,0,2,94,64,73,19,80,27,28,45,98,94,6,95,77,11,20,77,58,70,9,66,43,93,65,75,93,43,77,43,2
13,18,10,53,43,74,61,37,29,34,71,71,62,66,22,88,31,9,62,11,93,97,59,64,37,20,38,26,13,87,1,51,23,96,28,94,93,61,29,54,44,68,33,82,42,1,77,57,16,85,23,88,70,33,80,75,86,71,99,13,12,65,73,80,99,58,61,73,34,3,68,0,78,39,89,89,15,44,10,7,61,50,91,94,8,90,93,97,74,80,36,33,10,53,74,41,11,12,54,46
66,88,81,47,51,15,76,11,23,50,35,27,31,58,3,48,51,79,71,17,46,32,82,62,26,54,88,61,92,14,94,54,33,2,36,18,8,48,82,20,3,80,68,57,6,59,15,34,79,40,92,96,16,19,16,60,64,17,91,41,44,60,12,7,63,0,77,50,96,30,94,48,92,9,27,64,29,22,67,84,48,78,86,26,64,37,20,87,20,49,40,0,43,30,31,19,76,43,41,63
16,81,97,87,60,41,94,57,60,40,23,50,98,41,13,34,57,1,64,11,98,59,98,28,80,63,36,37,96,97,19,96,0,0,79,50,93,97,89,95,36,63,98,9,77,3,87,45,24,61,53,53,30,85,22,51,68,13,11,5,23,46,39,58,7,5,88,15,57,16,86,52,29,24,93,47,53,94,42,87,56,47,39,80,36,34,74,45,90,46,47,3,21,96,34,76,5,83,0,60
38,74,19,89,66,82,36,42,47,82,78,32,90,13,17,76,68,72,56,55,11,35,57,91,38,78,15,27,59,41,98,0,70,68,67,81,51,67,39,1,29,34,21,75,89,13,20,65,42,79,67,21,58,61,70,45,82,13,14,63,9,4,52,23,19,74,18,58,97,86,18,68,56,50,93,12,50,13,56,67,26,91,32,19,56,78,83,98,30,23,59,8,6,13,92,50,15,2,85,17
48,71,32,87,36,35,5,17,53,43,89,50,32,13,98,88,9,15,31,57,0,44,19,13,39,74,26,55,96,99,39,13,27,21,70,6,81,8,9,76,89,0,55,7,44,17,17,85,52,32,77,46,1,87,41,27,71,20,20,40,89,86,32,48,19,49,68,30,88,22,70,97,86,72,97,0,42,65,73,21,85,57,24,17,41,24,45,69,7,3,60,19,53,85,8,51,79,92,73,81
7,80,7,18,57,99,61,63,90,24,23,81,1,81,73,74,17,35,76,81,30,59,15,82,22,99,52,97,72,24,83,21,91,46,88,89,49,1,17,19,61,87,9,29,52,42,72,41,27,93,96,24,17,99,13,88,47,21,3,36,85,78,36,77,29,1,5,46,16,49,45,76,37,48,94,16,69,43,76,71,37,46,52,45,23,33,2,93,96,38,33,85,91,78,77,33,7,8,59,95
75,29,95,66,23,79,19,19,0,39,59,55,33,69,73,58,41,64,93,42,92,83,87,99,13,16,26,82,15,59,5,62,76,88,61,22,24,18,38,58,38,51,55,77,45,14,85,80,86,43,48,49,25,23,60,11,44,60,62,66,67,35,19,51,67,9,24,91,26,60,66,29,19,20,81,13,75,38,79,30,99,48,69,48,90,34,72,65,23,90,23,11,81,52,38,79,27,13,72,56
18,34,99,47,46,28,85,35,65,16,71,53,35,21,0,30,47,85,11,56,23,69,11,83,7,9,45,90,73,93,21,71,41,70,74,40,28,40,54,91,21,52,33,33,59,91,99,39,24,36,78,57,76,99,75,36,27,46,40,84,52,87,83,55,41,32,17,6,72,56,21,66,17,55,58,85,31,38,76,31,77,5,44,32,73,46,30,37,55,19,24,76,21,8,17,24,48,26,3,99
23,0,74,90,63,61,45,59,50,46,92,14,86,62,65,4,6,20,74,31,93,17,31,87,67,32,40,99,56,71,5,71,84,60,65,97,1,96,30,40,89,27,63,57,27,67,70,54,17,63,81,32,48,76,51,85,59,3,20,74,83,40,41,64,40,64,62,90,58,66,62,83,31,33,9,98,28,46,26,30,11,92,92,13,11,39,4,41,28,48,4,15,23,95,10,92,62,59,60,17
85,31,52,90,56,16,86,47,85,74,57,75,54,99,83,11,88,30,72,60,59,73,26,89,94,0,96,75,19,35,96,94,64,78,60,57,77,3,33,11,70,72,79,26,2,12,30,81,42,42,29,85,88,93,60,52,11,90,47,23,19,78,94,22,14,51,83,42,10,12,27,38,55,26,37,79,10,59,56,67,37,66,42,81,49,43,59,64,65,65,68,10,45,98,34,51,55,7,63,19
26,13,0,56,29,80,54,21,63,92,70,77,52,22,31,84,21,13,62,45,74,54,90,44,41,65,56,43,59,21,82,72,6,12,83,74,66,69,34,85,4,67,44,83,45,91,57,38,82,69,59,84,93,72,70,3,84,76,19,21,93,42,24,95,93,59,6,66,47,1,46,67,22,31,66,42,71,80,59,38,73,60,84,12,93,43,94,97,46,83,64,29,67,85,15,30,48,27,3,38
84,33,36,70,36,66,95,25,22,58,81,21,37,30,82,96,40,60,68,30,54,46,19,75,16,58,9,53,38,80,11,61,50,28,78,51,47,94,56,59,54,64,84,54,94,47,29,46,21,71,31,19,40,57,12,88,88,18,29,94,60,54,5,43,47,14,60,54,26,33,1,18,47,34,3,74,69,35,85,33,36,94,76,16,38,20,74,38,75,72,52,31,58,73,3,72,44,24,96,46
34,13,82,81,1,17,50,29,22,82,5,82,5,15,62,97,5,82,58,99,33,53,69,44,91,29,63,36,2,94,92,88,19,3,99,97,52,85,93,14,96,60,34,15,48,62,29,81,68,85,96,14,54,92,68,90,71,10,98,24,59,78,80,99,80,87,35,4,96,52,45,3,88,1,60,74,9,54,49,89,76,48,4,87,86,9,1,13,7,71,40,59,65,87,30,16,49,9,91,68
17,76,29,49,9,40,75,49,20,87,95,76,76,58,98,50,86,21,28,1,43,78,69,40,62,78,28,7,47,9,39,63,15,29,85,55,72,79,34,30,53,94,82,0,53,28,53,43,36,91,42,21,10,65,40,85,84,33,53,0,30,35,31,31,71,38,81,75,80,96,11,56,12,38,26,58,46,51,18,86,85,4,58,50,0,86,18,85,29,39,53,82,57,42,31,87,79,3,46,85
42,92,72,11,65,80,83,25,65,77,65,84,13,95,57,39,71,31,27,1,19,33,69,86,41,76,2,23,20,85,63,31,70,27,90,44,60,71,50,3,42,7,18,48,4,96,78,6,16,69,43,11,81,70,72,3,85,75,57,60,30,19,81,47,75,94,48,97,93,95,54,5,90,29,96,50,51,80,17,77,69,24,2,69,90,7,42,62,34,73,28,4,22,2,90,5,89,27,84,56
96,13,39,38,84,35,93,26,80,30,74,8,14,64,19,65,80,59,35,43,75,68,39,13,74,41,24,87,25,58,96,60,86,4,54,87,5,96,23,80,40,55,13,0,42,37,43,33,26,50,88,70,49,89,93,78,79,96,58,71,35,1,21,29,33,80,82,52,5,70,90,28,68,26,71,93,66,51,98,60,99,13,48,18,11,28,39,3,30,76,37,61,74,31,23,3,82,78,23,9
83,28,4,47,66,68,59,46,9,21,4,7,77,27,87,56,98,22,69,60,49,12,71,23,38,4,57,58,5,86,69,97,96,37,87,52,67,15,82,21,28,1,20,20,35,41,62,75,57,96,59,81,38,64,38,55,64,99,57,63,3,47,29,41,7,78,37,47,96,22,10,27,47,69,87,9,61,46,56,20,13,61,53,75,63,93,54,29,20,82,29,80,82,33,50,8,36,28,91,96
23,86,97,27,21,35,81,8,3,90,85,63,57,32,22,96,34,47,65,63,81,11,78,63,31,64,81,87,48,5,92,59,78,89,46,11,78,57,66,15,37,30,25,7,86,21,27,86,1,85,97,98,4,35,43,71,83,50,92,2,79,50,99,64,84,31,54,68,75,56,66,9,75,21,37,57,40,31,48,40,46,67,85,37,16,74,10,0,72,92,37,4,60,3,43,24,64,99,76,97
31,44,28,82,25,64,4,9,54,20,73,26,95,17,46,6,58,92,25,42,68,4,7,58,88,76,57,61,24,17,20,91,40,81,1,27,3,70,34,98,52,94,13,24,34,12,86,98,5,57,61,78,57,21,42,80,27,77,25,17,38,34,26,78,99,3,73,66,9,43,68,37,67,42,53,6,30,84,23,37,82,37,10,74,21,16,87,93,55,13,55,59,28,53,71,25,14,90,56,45
83,36,37,94,39,1,97,97,10,4,61,6,92,48,92,56,35,32,77,26,23,54,38,95,97,35,90,49,29,42,85,66,33,49,1,8,91,93,49,64,8,96,90,82,68,62,26,35,70,45,56,27,65,31,67,17,89,94,99,58,75,95,70,95,47,80,36,76,48,15,77,54,7,1,60,92,74,42,37,11,88,60,53,27,53,35,94,10,15,25,78,75,5,4,5,87,25,15,15,86
57,83,20,1,91,38,50,10,21,74,65,32,51,80,87,67,36,3,55,32,13,78,32,5,26,7,35,51,3,90,85,37,31,88,31,73,19,71,21,5,93,28,46,18,61,66,42,67,82,68,25,25,54,41,96,36,51,14,23,89,22,76,62,82,77,60,14,52,85,57,75,40,87,18,79,14,93,53,18,62,58,68,42,84,98,98,51,71,59,74,91,63,60,37,23,13,36,30,25,51
56,63,38,21,63,90,82,34,3,78,0,97,92,92,16,1,41,30,27,19,55,63,33,31,66,74,74,41,83,65,51,7,52,70,46,37,52,57,93,44,6,99,51,7,5,36,48,96,11,85,86,36,26,93,82,75,84,78,61,31,27,91,38,63,97,65,57,15,78,71,24,47,8,87,71,34,97,76,89,38,60,9,23,41,93,72,41,50,51,13,60,6,63,94,72,91,23,0,37,8
94,28,9,79,4,96,92,68,11,72,25,69,44,37,63,91,75,4,40,0,5,96,97,28,92,7,9,79,22,40,85,48,24,12,14,40,94,14,83,17,64,83,14,83,7,86,16,10,73,97,1,74,56,6,66,31,22,26,75,75,34,5,97,75,11,39,1,63,62,53,75,18,43,47,29,71,61,74,24,97,95,27,53,46,42,8,19,31,52,59,8,44,51,13,98,4,48,24,20,70
16,38,25,15,13,46,6,5,54,89,39,73,84,85,52,82,0,97,46,65,90,10,50,24,21,74,63,91,90,1,99,31,4,72,79,84,57,30,24,81,86,61,3,9,32,97,70,17,83,42,89,81,37,91,3,65,84,84,36,58,58,60,96,49,18,28,75,64,64,53,65,27,77,69,6,7,16,33,22,79,69,26,95,99,65,18,99,34,73,50,42,95,67,55,53,88,46,17,12,56
1,56,31,59,71,74,63,97,8,63,13,24,0,17,40,98,21,43,88,27,74,36,31,42,62,16,47,48,68,48,95,7,49,40,11,70,97,50,19,39,95,77,87,0,31,44,53,23,50,57,28,52,48,91,69,97,71,76,42,78,12,92,31,66,39,71,4,75,5,93,96,46,2,48,88,55,81,46,69,41,71,46,96,49,99,78,20,34,45,67,6,64,90,65,36,93,44,58,32,6
80,62,56,62,8,88,12,50,36,40,60,41,56,0,56,43,64,62,62,14,0,25,62,36,91,40,78,16,36,0,57,43,66,61,47,11,58,29,82,64,95,45,10,79,11,85,48,24,97,74,9,48,77,58,3,85,81,84,62,2,10,95,52,42,64,59,63,84,75,71,23,25,25,33,24,15,73,67,27,82,79,38,52,25,52,26,17,43,29,94,26,80,42,74,69,23,48,39,74,78
84,70,47,61,28,97,13,36,97,7,30,52,19,59,12,1,20,97,40,86,95,77,77,69,89,8,56,91,67,29,75,60,4,37,82,92,87,24,69,86,56,85,93,50,15,64,64,79,21,46,76,90,76,53,64,62,23,31,24,45,42,38,10,59,32,74,71,78,30,51,29,35,97,17,36,53,89,98,76,20,12,35,84,75,62,39,69,23,27,77,22,69,99,45,60,71,75,31,27,76
97,17,16,21,54,47,55,47,59,71,16,43,53,94,37,22,34,10,35,71,62,4,54,71,32,11,48,71,82,94,38,36,87,58,70,21,99,66,97,26,31,82,57,46,95,81,51,10,33,47,74,47,43,62,40,59,55,87,38,89,81,85,24,16,2,43,55,34,81,36,63,4,3,73,33,59,59,34,18,67,37,49,11,7,51,60,99,41,62,49,59,98,91,9,21,35,29,39,20,77
20,60,13,87,9,44,71,10,32,54,37,21,68,40,84,94,77,26,5,30,28,26,42,65,76,62,92,85,84,99,64,10,71,73,91,98,91,59,72,80,63,97,38,0,32,45,20,5,86,56,20,32,48,50,71,12,97,65,74,47,75,50,19,20,74,81,60,62,19,48,82,61,95,75,79,48,19,3,88,16,37,22,53,61,40,67,58,83,54,83,7,55,22,12,42,24,18,10,57,9
20,60,4,61,29,24,28,62,67,95,70,2,79,55,39,60,19,48,8,44,46,15,91,23,29,74,0,98,67,65,38,28,61,73,94,19,72,40,99,41,90,24,9,96,63,45,52,1,36,18,12,65,61,4,77,6,17,43,53,65,16,94,75,76,56,22,65,4,29,10,54,92,62,42,65,2,22,59,30,64,9,47,46,91,29,38,83,28,96,64,93,6,42,5,12,52,56,72,55,71
76,92,46,21,89,46,66,67,11,84,98,18,37,46,38,53,55,60,7,61,43,80,49,37,64,50,48,80,73,86,19,26,12,65,95,68,66,16,9,16,27,41,31,93,76,76,21,60,77,16,53,5,90,4,44,9,95,53,68,0,38,40,26,66,17,24,25,67,68,6,45,73,86,55,83,67,97,20,46,88,47,24,99,16,49,10,22,67,30,13,96,64,93,95,30,94,76,78,32,67
49,50,35,61,19,12,4,63,6,7,5,40,24,17,47,95,48,81,36,35,42,44,52,45,9,46,6,68,1,64,47,33,52,12,21,41,46,77,67,33,42,56,47,13,69,71,51,65,72,42,12,16,38,89,27,54,42,54,46,57,31,12,7,32,93,95,37,17,96,30,32,9,21,75,55,35,74,47,21,77,43,28,88,67,63,75,35,62,36,74,82,84,22,51,44,16,43,51,62,32
21,79,71,19,51,73,65,45,58,15,21,85,22,60,88,27,12,99,86,43,71,99,7,46,84,93,93,49,48,1,81,51,52,36,47,28,56,25,5,8,93,7,93,53,82,52,10,74,98,50,77,52,91,75,32,95,26,13,36,59,87,48,33,46,38,8,26,55,72,16,76,75,44,45,55,95,21,11,56,1,72,86,99,46,80,89,94,51,26,73,27,3,12,12,58,4,50,85,6,4
27,61,37,76,50,32,96,76,45,70,62,63,55,40,34,71,86,90,39,97,44,12,31,35,47,94,8,78,5,1,83,18,73,84,96,36,4,92,84,69,64,36,98,74,11,20,0,53,73,57,13,85,59,1,96,21,4,74,68,87,38,14,91,16,54,58,6,46,34,60,19,53,48,58,82,91,43,58,26,62,17,79,75,73,20,78,13,76,99,82,17,4,74,18,48,75,31,38,54,72
79,82,16,20,71,87,89,66,76,77,59,60,59,14,22,83,87,57,44,52,60,5,99,45,36,50,59,8,42,93,24,31,72,44,60,94,19,99,35,98,5,75,77,30,29,61,89,48,18,48,11,73,19,60,22,78,97,46,64,8,64,98,40,75,56,31,59,31,38,31,5,80,98,91,18,0,16,25,44,55,76,49,51,39,96,21,31,74,73,43,31,54,25,85,75,47,67,63,5,96
38,30,62,83,8,40,11,39,44,25,19,89,87,29,67,99,68,91,41,74,59,10,64,42,46,67,12,92,51,88,46,67,62,32,82,40,19,24,48,93,78,6,59,42,23,16,53,23,77,39,4,9,63,54,42,52,89,95,63,25,41,90,57,70,25,94,41,23,74,13,69,56,48,43,7,41,29,94,83,21,96,84,53,64,66,90,82,8,59,14,25,71,23,77,23,88,1,52,80,99
38,68,69,63,79,4,95,55,37,15,38,40,97,79,39,23,52,70,72,86,29,91,57,18,5,89,84,45,9,77,82,61,34,49,17,86,36,98,71,36,50,34,14,52,0,23,38,89,96,61,87,23,81,79,51,62,35,34,12,25,97,37,27,9,59,92,77,49,9,76,56,7,88,89,50,46,26,84,75,92,78,57,73,70,84,76,11,94,67,7,30,16,96,24,44,15,81,33,1,80
31,35,13,17,48,71,27,88,65,27,16,9,63,92,12,90,23,13,34,71,80,74,59,27,48,99,16,2,23,4,33,3,79,6,26,69,10,75,18,96,18,51,15,51,95,48,61,45,0,27,35,20,84,41,35,33,12,54,59,82,9,65,28,3,55,61,12,25,81,42,85,28,34,13,64,44,5,55,63,3,81,69,46,38,31,93,78,6,52,88,5,33,64,24,23,83,57,41,22,35
18,53,20,38,31,28,53,4,98,86,84,6,72,48,48,69,42,63,72,66,44,57,39,69,75,24,38,59,20,61,44,39,96,34,25,45,75,61,20,53,53,1,30,19,55,18,59,76,41,21,36,9,16,82,52,47,39,79,73,19,7,90,26,98,48,30,90,70,12,18,88,1,31,24,30,55,21,86,1,44,83,0,31,67,56,78,56,30,36,35,75,91,20,87,65,40,13,89,16,31
84,62,25,60,7,87,8,45,77,61,26,73,52,88,97,44,16,45,44,83,93,5,21,27,50,36,16,93,96,63,71,62,89,2,64,8,30,93,16,21,33,2,32,54,17,96,2,77,12,88,31,18,67,5,64,80,56,86,3,28,80,67,62,41,25,16,64,47,83,40,97,75,96,74,73,92,38,10,53,77,84,38,89,74,61,3,73,57,32,64,71,46,22,11,27,82,31,64,73,29
63,34,80,31,49,68,56,55,62,65,19,44,60,48,94,0,71,19,71,65,53,71,15,59,82,82,36,4,50,97,76,96,98,53,93,54,38,36,18,63,34,84,88,70,48,5,87,76,19,29,44,34,3,42,23,90,83,47,82,43,16,95,64,94,99,39,96,54,34,19,34,63,37,17,64,55,29,57,91,29,42,41,57,24,93,29,43,40,17,28,61,56,76,75,17,75,62,14,5,97
69,60,36,51,48,82,31,63,33,57,42,36,55,67,34,21,9,21,92,44,93,71,8,61,65,92,71,45,60,4,79,50,87,7,92,65,78,48,56,43,45,76,73,36,87,95,3,62,82,57,61,39,43,49,60,20,17,54,47,54,25,94,83,77,20,41,83,22,24,88,40,46,33,79,6,59,53,40,52,92,56,50,62,5,94,6,33,68,43,30,4,62,76,48,33,82,84,98,28,1
57,44,11,44,2,69,23,27,11,31,44,18,91,99,60,53,62,42,71,12,95,75,22,98,41,94,9,5,35,17,63,96,18,9,41,1,86,47,68,32,77,73,60,24,23,49,41,97,89,85,10,99,9,46,93,78,66,39,90,99,21,90,40,16,66,31,14,57,47,44,27,3,12,40,20,38,96,54,95,46,0,91,21,50,96,34,50,78,8,1,85,63,70,77,12,73,50,89,89,48
23,4,66,32,83,17,23,32,42,89,10,35,77,60,49,90,34,32,56,13,5,95,10,20,78,27,18,50,70,61,47,95,79,64,25,31,59,48,83,94,13,47,21,46,28,4,10,80,10,43,16,28,89,68,65,48,53,12,38,68,45,98,60,24,16,59,66,79,36,41,38,97,45,3,55,56,32,34,56,71,0,39,68,26,88,26,66,91,83,67,45,71,63,95,48,21,12,77,99,33
45,92,73,40,94,6,55,48,90,68,15,14,48,33,50,81,80,95,72,27,24,48,46,18,57,62,62,53,97,75,39,48,86,33,48,31,20,86,2,7,90,84,42,99,22,0,61,75,76,8,64,37,56,95,5,46,43,53,7,68,93,93,6,86,93,96,50,2,92,2,78,89,22,63,98,86,66,48,38,12,14,85,82,14,15,61,82,34,48,85,91,38,42,53,9,12,23,8,44,57
80,79,14,53,17,13,43,81,81,58,60,81,22,66,94,61,46,34,22,39,93,74,50,0,99,78,95,93,90,75,98,56,85,12,38,84,97,95,37,50,13,58,67,82,97,91,35,46,63,97,96,33,73,52,67,12,59,1,16,31,14,43,16,24,43,98,55,30,70,63,43,19,67,19,7,82,54,8,34,57,99,74,40,16,33,51,12,0,20,76,52,47,58,89,30,7,67,80,72,66
13,25,54,70,67,89,49,67,42,53,43,90,15,54,11,71,44,79,67,11,45,75,36,8,91,10,67,51,75,34,13,85,86,23,30,22,41,48,79,62,73,38,74,85,77,4,79,11,79,4,37,73,82,72,51,31,28,64,65,75,93,53,26,55,32,40,23,3,22,53,4,82,26,74,19,79,14,24,51,95,37,30,33,46,94,86,21,12,14,80,54,15,99,72,32,11,19,32,93,69
8,96,85,21,9,59,45,23,39,79,48,8,67,88,93,47,67,34,31,11,20,18,10,60,94,64,58,18,16,50,27,49,36,8,96,16,52,27,61,16,86,12,96,2,80,56,83,98,96,66,88,63,79,86,11,72,11,4,21,0,55,8,90,93,31,77,52,46,92,23,63,88,41,64,74,89,33,56,84,53,1,54,52,52,99,15,59,45,4,0,87,60,15,28,34,7,99,11,1,52
19,8,59,67,98,98,38,68,86,30,44,15,62,96,31,68,11,99,19,25,67,73,50,55,25,23,87,22,57,63,4,50,89,8,97,95,95,39,36,31,70,32,90,4,43,7,18,49,83,73,59,42,43,14,13,64,16,41,88,62,10,5,67,15,33,64,4,97,14,73,93,76,9,59,88,36,84,96,52,35,40,72,67,63,15,20,93,21,89,10,38,43,48,52,25,8,92,24,17,90
93,59,28,29,28,47,12,95,13,33,93,4,74,73,74,76,73,2,96,15,99,14,53,18,61,48,55,17,37,75,68,93,35,39,97,27,15,48,35,14,54,78,34,46,28,29,34,58,67,48,48,29,87,13,5,61,68,14,7,37,41,35,4,74,91,29,61,77,41,38,85,59,95,18,54,89,78,58,77,39,3,47,1,49,37,91,26,42,96,69,72,37,88,59,39,61,27,5,91,96
59,88,69,8,92,21,45,75,14,93,23,81,4,90,93,40,35,64,19,40,51,97,42,97,29,34,23,26,50,52,99,60,68,68,40,44,93,80,87,6,29,58,98,59,70,34,98,54,48,3,65,39,19,27,81,32,80,74,81,38,92,25,38,56,20,89,70,39,42,34,45,2,69,57,76,9,64,2,51,14,2,14,12,87,18,6,86,95,98,93,93,95,48,73,90,9,29,42,95,97
67,47,58,5,30,22,79,79,28,50,36,61,81,79,24,64,75,91,84,6,34,48,30,11,60,71,85,15,16,48,47,3,73,64,10,5,11,68,84,41,37,59,2,38,38,36,8,71,5,69,96,72,29,56,46,97,15,52,83,25,76,0,5,59,94,68,38,34,33,13,54,8,39,36,20,98,5,31,2,74,82,24,80,26,55,15,91,45,37,27,54,68,62,8,46,95,91,36,68,86
92,35,68,14,66,66,34,21,25,21,36,79,21,1,94,64,51,14,22,39,42,32,20,0,9,9,10,70,96,7,46,34,34,12,81,9,46,56,1,23,51,22,7,61,42,36,77,81,94,53,62,87,42,8,84,56,55,95,13,64,30,30,92,53,82,42,74,44,23,83,80,83,78,22,38,56,89,83,98,30,67,31,57,34,53,34,39,17,12,86,19,1,31,24,0,57,62,98,91,83
41,25,39,93,30,57,79,81,2,96,44,22,19,58,93,71,47,71,92,43,5,10,71,49,37,1,64,63,34,21,19,19,80,13,86,35,13,59,60,98,29,67,59,86,25,89,43,45,96,10,35,5,57,66,30,37,26,6,40,31,43,69,48,90,4,60,10,27,64,59,30,69,74,63,75,38,18,63,43,78,60,47,84,48,1,80,64,59,32,26,46,36,97,43,20,65,65,49,82,98
38,99,92,52,85,24,49,98,85,90,88,46,27,51,44,3,57,94,44,61,1,21,96,63,79,95,20,41,59,69,42,95,68,25,88,33,34,11,80,77,91,72,12,91,45,1,5,55,76,38,4,42,15,56,65,63,93,68,60,25,6,86,22,95,89,27,20,47,25,63,96,0,55,26,21,66,91,78,25,48,87,70,6,34,40,19,37,29,80,68,23,9,75,39,63,10,3,99,65,50
66,97,69,98,14,4,80,20,59,77,72,66,25,43,95,30,58,84,57,97,20,14,39,29,64,97,76,3,38,58,47,15,45,72,88,9,79,54,8,36,62,14,65,60,78,62,91,52,23,17,24,47,64,85,58,90,2,99,94,95,87,92,30,28,82,8,68,66,79,16,3,70,60,70,84,71,60,81,53,42,41,70,30,46,49,79,28,58,49,66,51,22,69,89,77,83,89,2,77,16
62,90,87,70,62,52,97,58,8,81,79,34,31,14,71,91,74,66,75,39,6,29,25,43,21,73,94,39,94,97,84,21,19,16,33,60,30,17,44,51,5,13,95,50,56,81,92,29,92,75,34,0,27,88,3,47,7,16,7,96,34,26,68,82,70,18,65,60,81,8,70,63,16,23,6,25,46,16,28,41,42,62,4,57,57,92,46,14,34,82,8,46,55,20,81,10,20,47,87,7
36,38,50,13,16,54,99,8,76,6,71,99,41,95,74,18,13,36,36,11,2,78,27,17,34,15,44,50,85,49,70,8,5,6,45,99,23,17,68,97,38,68,74,78,36,98,79,47,65,85,31,11,77,78,38,58,59,80,39,26,80,46,91,66,34,44,25,6,61,98,19,37,84,57,80,67,0,7,73,0,55,26,91,38,8,44,94,67,31,66,68,65,30,55,78,79,21,61,40,13
11,79,53,25,42,45,61,50,53,66,98,34,85,31,54,19,85,82,71,98,12,50,43,12,42,1,35,47,16,8,90,1,56,58,2,92,67,9,9,59,2,46,23,44,53,9,62,3,80,82,69,74,20,91,62,11,0,18,37,64,21,89,53,2,33,1,61,74,9,80,93,97,31,25,68,94,9,59,50,45,12,61,11,71,97,37,63,29,78,15,22,27,30,1,23,72,78,81,92,59
19,35,64,12,9,97,41,24,7,74,19,23,22,23,91,17,85,81,5,60,9,64,76,17,78,15,83,66,18,78,65,95,69,69,42,34,28,32,94,94,74,81,48,27,9,32,39,0,22,82,40,89,96,0,63,41,8,36,53,92,21,60,25,3,59,15,40,5,19,96,46,64,77,96,45,77,22,48,8,5,94,25,49,27,53,5,85,71,26,55,70,0,36,7,3,33,49,11,5,13
54,18,54,51,66,24,6,58,29,27,49,91,67,53,15,36,4,34,52,71,99,29,49,8,35,19,93,39,60,96,73,24,82,42,14,30,48,80,83,78,16,36,23,6,11,86,98,4,18,2,78,21,58,1,2,24,97,7,21,96,66,59,36,32,75,88,53,96,99,53,81,69,42,25,55,70,57,9,99,56,34,99,21,54,33,11,25,50,59,5,32,56,92,74,99,29,28,80,69,11
54,26,51,78,53,73,43,91,4,53,33,32,81,11,77,60,91,28,71,8,36,43,86,96,66,81,81,5,18,70,84,59,47,27,82,74,9,83,99,37,70,31,36,52,39,75,60,61,76,27,27,30,29,39,47,18,24,43,30,94,16,34,59,6,93,97,12,92,27,16,53,89,46,42,32,11,43,92,48,24,80,4,10,66,33,7,94,95,51,24,47,60,99,47,89,97,56,83,7,81
71,1,71,33,95,3,86,58,85,68,30,69,71,16,94,86,97,96,76,44,97,29,78,84,78,59,32,73,60,66,11,49,24,44,46,3,43,17,61,49,94,68,30,20,8,71,69,58,28,18,81,12,31,57,45,82,14,28,18,73,97,81,38,64,99,26,62,50,81,16,21,39,26,4,16,65,65,32,18,92,3,25,5,7,50,76,16,34,7,60,24,81,75,49,74,89,79,35,19,54
53,25,75,97,84,63,75,93,29,83,82,74,14,41,35,93,32,67,97,83,80,53,50,1,38,1,90,89,56,38,88,87,87,79,77,99,29,47,17,47,72,56,51,88,76,98,37,79,58,18,30,50,13,60,20,5,22,89,74,71,44,93,66,58,51,86,73,72,0,39,60,62,83,8,75,35,25,63,41,55,25,63,99,23,51,45,77,37,43,18,31,24,80,43,29,37,21,99,83,37
6,22,68,52,84,83,70,15,74,70,44,99,99,64,42,9,89,48,66,30,29,3,48,16,71,7,21,46,13,2,89,13,22,98,7,89,8,96,38,24,7,66,65,70,50,13,93,53,44,29,59,71,64,36,17,86,62,59,85,60,79,69,25,33,25,93,63,87,99,19,69,61,19,86,58,7,8,61,47,82,96,76,52,88,84,50,87,35,56,41,7,27,15,74,10,93,74,8,13,71
85,48,22,3,78,95,77,37,87,60,72,9,72,20,72,29,2,72,24,67,55,7,77,95,41,61,13,41,26,71,89,14,14,40,94,78,57,74,47,77,61,7,5,66,53,67,1,78,52,43,34,33,47,79,64,16,85,93,45,84,53,74,47,35,79,15,91,17,80,9,60,96,36,81,73,37,50,16,53,43,39,14,65,18,29,14,75,63,91,46,18,39,41,69,86,78,82,60,59,1
62,81,39,23,27,75,60,81,88,54,25,33,3,2,99,82,60,84,68,91,79,17,76,49,49,36,60,15,4,95,26,89,60,6,54,65,25,52,46,54,42,50,4,78,73,42,46,96,57,73,93,51,86,69,52,47,87,75,55,58,65,13,18,90,89,80,55,18,52,64,52,70,69,8,40,64,7,86,74,37,20,25,91,33,58,47,88,37,7,66,48,59,34,1,17,4,90,18,94,90
63,52,37,3,8,73,75,26,62,3,9,69,48,31,78,49,4,38,95,58,23,92,34,63,77,55,90,78,34,98,73,69,50,91,13,34,72,47,46,44,95,16,25,87,94,1,37,57,36,34,58,92,28,95,87,97,52,32,41,22,86,55,27,99,65,70,69,42,16,71,93,62,48,10,65,44,45,18,82,38,39,16,43,76,8,33,89,72,61,71,11,81,18,80,39,57,63,20,52,40
29,44,23,93,71,0,49,48,5,45,31,37,91,67,1,81,39,31,33,62,30,21,23,34,48,15,78,29,90,85,6,8,10,72,10,59,70,42,50,90,95,11,73,21,69,0,12,25,80,29,14,95,53,37,93,27,23,98,40,93,17,78,23,93,80,58,28,22,95,57,66,35,55,37,27,6,34,58,37,72,24,16,74,29,8,80,90,9,49,18,84,8,40,86,60,0,15,53,70,25
8,68,44,99,20,41,39,36,76,81,6,60,2,66,47,37,45,21,89,35,58,51,0,86,19,58,48,25,54,19,67,0,83,32,65,37,95,12,79,3,33,14,66,95,31,63,54,72,98,20,54,70,3,29,98,52,70,41,31,16,57,98,25,79,87,72,55,30,55,78,76,95,99,40,54,2,6,45,95,41,58,58,85,74,12,80,83,16,73,63,46,16,25,83,74,71,3,96,69,9
33,7,18,53,76,44,52,32,20,91,2,72,28,74,7,70,84,28,82,28,60,85,36,97,58,99,75,78,77,41,59,43,53,10,4,91,18,1,99,74,60,61,70,77,38,72,35,15,92,5,57,22,71,26,85,37,83,92,48,50,52,26,2,72,82,5,92,91,59,96,31,12,43,86,24,52,39,89,61,85,15,2,50,20,54,59,65,97,29,83,8,18,84,36,0,76,92,15,40,4
82,83,52,9,53,40,92,98,11,53,77,67,53,69,18,74,22,47,89,84,19,56,65,10,36,86,88,26,32,91,85,62,22,1,63,78,17,61,70,5,41,30,72,74,56,80,33,74,53,83,60,60,38,82,29,66,70,44,15,91,9,51,87,74,77,39,23,66,71,22,6,67,87,66,57,54,21,37,35,9,60,18,14,42,49,35,41,54,57,35,83,82,36,25,21,66,26,76,73,47
28,95,99,59,36,89,64,38,31,22,39,28,35,16,76,2,73,6,60,11,73,66,11,80,81,14,32,0,73,89,91,59,16,1,50,89,56,26,46,19,44,20,2,37,71,34,24,99,1,98,8,79,82,30,55,57,47,74,56,43,45,52,19,14,38,14,55,77,3,69,66,65,80,15,0,38,18,51,76,18,42,57,91,60,52,62,55,53,83,97,61,27,16,16,5,97,54,58,54,99
13,83,56,35,68,11,1,70,57,71,56,35,99,29,62,21,99,55,88,11,36,67,11,92,81,98,63,80,58,7,26,0,46,71,68,10,63,36,56,97,5,3,98,93,65,95,73,62,19,0,37,96,90,24,33,18,52,33,31,91,55,96,84,83,18,58,35,30,98,14,35,72,92,94,56,9,72,7,64,47,52,53,39,75,95,96,37,17,25,18,68,33,23,29,36,19,97,39,84,54
