47,47,42,56,79,80,73,56,48,67,72,85,92,3,73,76,64,24,27,62,48,50,85,32,72,78,27,40,86,57,58,4,65,12,73,42,19,71,12,44,90,53,62,81,5,69,64,50,97,5,79,64,68,56,79,98,19,38,98,83,83,36,17,17,10,68,43,45,68,40,99,49,6,19,3,64,99,42,51,37,64,38,45,5,34,78,56,94,4,56,91,83,36,64,46,90,44,44,20,62
45,32,70,62,62,58,9,1,63,70,23,64,42,33,23,50,99,16,98,53,0,1,2,47,8,8,94,42,50,80,13,80,19,65,72,70,95,26,19,25,89,65,96,81,33,70,71,79,71,66,46,29,88,60,44,96,96,78,81,49,96,55,53,96,17,80,10,83,58,93,90,20,92,79,74,88,10,96,16,39,65,31,75,92,10,93,36,45,88,17,75,31,81,41,68,86,96,13,72,88
77,78,21,1,4,23,97,3,45,47,99,95,82,21,46,68,4,37,43,27,62,32,39,93,39,22,75,54,59,0,98,90,26,86,76,45,58,11,88,27,27,60,30,95,37,62,76,79,52,11,15,2,97,97,15,73,45,63,33,95,91,9,76,35,43,87,87,68,42,21,44,45,74,38,31,71,34,79,95,20,40,4,38,1,11,78,77,33,19,32,2,41,83,16,41,77,74,12,62,57
75,59,57,4,28,34,34,78,83,97,59,35,22,91,32,62,72,33,41,72,89,40,6,46,24,0,50,6,5,70,78,49,70,39,59,52,55,11,57,52,37,6,74,53,0,45,95,86,41,4,41,14,51,95,78,16,98,91,99,88,62,80,2,8,34,34,21,61,96,90,62,11,15,11,90,44,84,32,73,64,14,56,19,27,81,34,77,92,20,63,76,66,79,99,23,49,8,84,88,75
72,73,20,25,70,40,88,50,24,31,57,50,82,77,88,15,95,56,7,57,98,58,8,9,46,94,12,25,31,69,72,66,45,47,56,66,89,64,68,90,95,4,7,5,57,19,84,99,21,37,13,64,33,46,80,31,2,62,37,43,16,93,13,83,5,57,60,12,5,17,90,72,28,87,4,0,76,46,31,5,63,42,98,73,85,48,64,66,46,5,38,45,78,36,67,60,19,77,90,93
21,46,13,52,89,40,31,36,91,77,69,7,73,30,54,63,37,32,16,48,44,42,87,28,70,17,57,55,82,43,61,57,19,6,78,34,45,96,36,21,57,94,13,68,67,50,1,63,22,82,76,51,63,70,97,31,8,22,96,55,60,18,94,38,7,79,17,18,87,78,72,2,15,28,20,32,57,69,28,96,39,70,31,94,91,91,99,40,11,38,76,20,56,2,12,62,78,35,10,97
37,87,53,84,44,22,42,31,15,11,98,48,49,36,14,45,80,61,98,32,55,16,81,31,85,44,67,97,28,51,13,50,10,26,13,23,29,22,54,30,58,69,67,93,95,64,73,45,37,99,24,78,89,33,2,10,81,11,87,69,96,60,61,21,18,60,20,66,61,34,38,75,68,15,60,99,6,49,0,68,44,49,23,84,97,73,61,55,79,59,5,56,82,0,91,14,13,16,80,86
57,27,52,60,82,11,47,60,33,21,78,84,96,32,87,95,54,69,96,33,63,65,36,34,71,20,11,17,87,58,15,27,52,37,89,80,65,91,51,54,13,22,81,75,97,51,22,34,96,15,20,44,32,96,52,24,23,55,52,82,64,63,76,68,23,64,64,83,47,59,85,29,5,62,55,7,15,78,22,7,61,88,12,4,16,61,70,50,81,79,48,94,76,10,24,2,21,96,27,1
9,58,27,10,78,99,81,79,90,74,10,79,22,23,50,21,22,31,52,48,14,59,41,91,7,84,49,8,95,97,8,2,20,40,88,45,44,6,42,4,6,66,94,45,97,74,88,83,30,95,44,77,97,59,60,31,9,80,62,64,77,74,8,63,70,82,48,70,54,31,60,80,71,51,43,50,70,16,39,95,76,52,22,10,35,30,25,5,26,30,64,40,90,37,47,38,21,31,43,76
64,58,29,33,45,80,20,50,56,72,30,96,60,14,68,42,39,50,71,89,70,31,96,84,42,5,13,41,39,51,70,16,67,47,38,9,89,54,45,84,4,60,27,90,18,6,76,83,78,5,12,56,21,86,75,41,34,17,89,7,46,11,40,73,19,6,78,34,69,8,55,45,34,26,76,37,62,87,54,46,87,20,10,68,43,8,88,15,86,50,52,36,8,11,17,24,47,34,35,27
6,94,1,37,56,84,14,57,20,49,80,46,63,83,42,83,45,28,36,54,49,73,66,57,39,94,74,17,72,81,75,25,4,21,39,99,37,20,57,10,60,93,8,45,97,54,16,39,61,70,89,37,40,64,91,32,97,60,2,16,81,85,11,54,67,28,9,69,39,3,37,29,62,51,1,12,62,89,39,50,68,39,41,45,38,76,47,23,40,29,97,56,10,0,71,87,92,63,12,44
6,85,33,72,63,6,47,78,82,88,88,35,6,2,16,9,68,57,29,92,67,62,31,38,25,52,31,81,97,71,54,95,27,66,51,97,61,78,79,72,96,99,23,7,84,52,68,10,45,55,34,93,85,19,5,61,15,34,62,43,83,48,82,39,42,82,85,87,93,55,28,70,16,17,60,96,40,16,63,96,6,97,98,5,12,14,90,54,79,71,89,33,87,84,85,39,34,0,83,2
11,82,6,44,79,20,87,76,88,87,36,59,10,53,73,89,31,6,7,97,87,77,12,63,47,66,69,25,51,78,67,43,40,51,33,85,89,63,31,85,30,44,12,82,54,54,78,35,50,88,30,89,71,92,91,9,25,11,1,54,74,34,3,28,82,97,74,2,93,45,33,97,76,63,73,34,17,11,2,4,73,2,85,8,44,46,94,68,87,65,49,22,7,42,32,39,58,4,16,10
76,51,61,75,8,13,9,34,92,2,9,1,0,72,75,55,53,74,56,2,51,36,70,64,69,72,30,22,89,52,31,86,57,57,83,39,40,21,63,31,19,69,99,61,50,0,45,61,19,72,50,61,23,86,19,37,65,10,9,23,53,30,20,26,25,56,30,70,18,55,52,93,49,13,80,68,29,85,81,64,78,43,24,88,61,54,32,53,30,34,32,65,60,50,50,13,19,10,76,62
32,56,19,95,94,58,99,18,44,36,93,48,41,73,98,7,87,53,13,7,45,1,93,9,92,59,1,24,96,3,3,73,96,27,4,46,39,80,73,27,23,43,76,19,4,68,79,54,51,41,91,24,89,59,74,13,87,57,5,15,7,53,64,62,52,9,15,6,24,83,74,56,42,74,71,63,52,17,24,38,24,2,97,23,79,4,59,78,19,37,19,97,81,87,14,93,99,25,89,66
56,75,78,71,46,8,93,72,93,33,38,69,73,62,51,22,2,71,30,41,66,94,74,23,1,93,79,58,28,32,33,52,3,44,20,70,25,33,54,32,62,30,10,1,20,36,66,95,67,74,69,81,6,28,34,77,16,98,21,21,5,33,87,85,95,49,54,8,88,66,18,85,60,37,43,85,76,65,25,70,18,12,2,62,69,12,92,26,1,48,57,46,81,52,23,0,53,36,10,17
51,66,2,3,90,30,3,57,73,23,4,56,46,92,19,64,18,1,70,63,13,73,95,74,24,22,58,23,4,27,25,97,58,49,25,48,81,8,31,29,71,2,43,17,91,20,64,52,16,60,66,80,24,66,34,88,26,14,71,78,5,0,66,85,69,92,95,14,96,1,19,85,93,49,51,1,70,38,11,88,49,32,92,68,17,87,55,44,62,64,62,87,47,25,67,99,97,62,85,77
68,60,47,42,53,60,99,83,39,95,14,34,68,25,66,96,53,21,79,74,58,17,32,36,83,95,70,69,32,12,14,46,56,64,31,62,10,64,7,19,57,67,82,88,77,80,94,83,3,29,95,58,21,17,0,13,24,14,24,82,47,53,14,17,57,39,34,31,4,4,27,51,73,6,23,28,24,33,60,83,99,2,34,28,99,27,82,95,20,78,80,66,23,18,77,26,54,75,53,44
35,20,12,53,98,72,53,65,56,18,98,6,2,35,83,17,24,99,19,58,51,75,20,45,46,74,32,92,4,57,36,41,15,81,69,34,76,73,75,72,39,10,26,36,88,32,13,15,92,49,13,34,6,1,54,76,1,21,66,52,39,57,2,18,0,54,19,49,25,77,74,71,44,74,15,10,92,68,57,68,47,6,70,50,20,76,59,53,17,84,71,42,58,12,45,32,26,40,32,31
22,60,42,84,99,12,17,28,39,81,19,63,65,58,22,63,46,7,95,62,60,46,87,65,93,91,15,17,97,82,14,56,86,13,7,65,92,35,29,58,76,29,58,24,75,68,91,13,0,8,54,33,36,23,11,62,65,93,93,71,81,57,77,31,66,66,44,12,11,8,54,63,76,14,11,44,71,96,75,35,69,13,95,44,39,84,14,12,58,17,67,85,31,20,55,2,53,61,43,92
76,82,72,4,10,30,59,13,90,30,49,42,10,91,47,87,51,1,64,44,75,27,20,39,85,87,54,86,93,7,54,30,51,90,47,84,39,30,56,13,12,31,18,49,6,27,10,24,50,8,22,26,84,42,77,65,0,43,61,94,18,88,54,56,17,51,36,68,63,62,2,18,73,87,80,98,57,27,28,56,66,87,31,6,31,64,82,47,28,59,64,96,85,85,22,91,40,69,82,28
57,26,19,82,62,77,25,34,89,52,37,44,82,6,67,31,37,75,7,6,14,91,92,44,69,60,92,16,41,41,30,28,1,46,69,52,13,93,64,68,35,78,64,19,49,80,66,46,81,89,60,68,28,52,72,52,91,21,22,74,48,18,14,31,96,70,85,77,11,28,30,26,50,37,94,8,45,9,89,86,56,60,24,67,43,6,52,94,71,66,73,89,73,21,56,50,38,33,91,23
69,17,6,29,79,13,59,18,85,70,11,4,5,45,81,26,80,23,88,98,76,78,85,97,9,5,11,64,10,89,26,76,13,52,44,72,85,97,35,2,41,66,61,64,41,80,85,37,33,90,93,46,54,1,81,78,26,38,0,22,92,72,32,90,16,82,4,76,50,91,45,45,49,30,77,97,99,57,4,5,8,96,10,3,55,58,79,37,1,33,97,80,97,12,3,51,15,54,67,93
94,45,58,92,40,41,25,80,1,68,76,84,55,91,99,24,80,7,41,48,3,65,24,61,5,39,40,98,88,41,80,23,98,85,66,89,48,11,60,37,27,36,71,60,60,23,33,39,75,86,72,29,78,19,13,6,39,38,3,83,13,94,87,57,5,85,37,18,84,49,63,91,46,87,22,91,5,82,63,41,56,44,51,67,79,78,94,99,80,85,51,3,33,42,73,4,88,2,59,38
64,10,40,8,34,84,17,55,76,47,57,86,26,57,72,54,83,62,73,71,83,52,61,28,15,68,52,15,99,64,59,73,76,3,61,93,70,18,96,71,87,11,43,21,70,49,17,66,80,32,41,91,25,79,5,40,45,80,74,87,37,79,2,68,64,27,29,57,62,11,34,4,52,84,78,83,39,28,79,16,92,31,7,79,97,14,83,50,77,59,59,52,2,47,28,21,56,7,97,54
15,13,53,96,74,62,17,36,30,82,22,10,25,60,5,62,56,85,39,77,33,40,13,13,99,68,17,2,36,61,48,36,1,21,23,13,40,19,72,3,31,91,93,42,17,14,5,49,85,64,40,16,36,39,86,51,40,46,32,37,32,28,86,85,35,99,16,25,24,82,16,17,76,11,30,75,35,21,34,44,33,86,64,96,38,17,18,86,48,8,99,36,52,57,35,31,70,7,78,70
89,8,8,89,20,49,95,57,22,38,69,30,12,65,12,54,14,54,67,13,8,12,68,22,17,26,44,90,29,73,95,11,15,63,44,64,53,79,29,44,52,89,1,48,77,83,95,31,22,40,19,77,71,4,95,24,93,15,12,19,96,5,5,56,65,95,8,46,55,55,28,92,44,84,30,98,96,49,4,30,37,33,5,94,90,42,30,56,37,95,7,26,25,71,85,2,33,99,1,31
83,79,19,14,81,5,72,71,74,87,50,66,7,65,81,43,84,0,3,68,85,6,14,23,82,70,38,99,66,43,82,50,45,65,95,92,29,88,40,60,11,81,78,70,16,11,0,61,14,95,72,34,98,13,20,17,7,84,59,73,84,36,67,0,64,26,16,68,23,8,1,5,42,99,52,63,44,71,93,60,99,95,31,40,46,67,29,1,85,7,35,66,23,81,17,24,21,58,82,45
51,29,7,21,0,77,32,66,75,18,4,95,40,84,12,1,14,8,73,87,51,12,51,12,11,54,55,99,35,65,77,47,89,0,79,53,32,35,53,20,77,87,21,11,21,42,65,41,99,45,97,70,78,8,11,98,32,52,89,65,38,11,20,58,5,52,51,57,98,49,56,27,66,7,25,76,45,53,16,13,55,46,28,59,89,1,66,65,22,6,15,61,80,24,69,55,71,57,93,76
28,62,61,21,34,1,23,49,28,33,10,43,91,53,34,73,57,24,66,27,93,89,22,0,62,31,33,80,46,88,85,75,39,88,52,1,85,89,47,55,79,45,35,97,88,61,75,58,78,21,1,46,41,60,17,54,75,38,79,59,72,29,53,29,90,13,49,39,67,20,66,57,46,79,79,86,40,99,60,24,67,76,92,20,50,36,72,35,0,79,30,91,28,94,31,83,86,43,47,12
44,29,67,69,36,17,61,82,65,61,80,35,17,21,59,67,57,64,79,18,24,36,5,8,55,6,35,33,58,44,87,46,20,1,82,40,13,65,6,33,14,14,83,52,83,83,21,38,16,48,71,27,5,63,65,94,99,54,75,3,60,77,93,99,8,47,83,93,22,69,42,87,82,3,22,95,53,0,56,17,44,69,71,16,67,81,34,18,97,52,73,88,28,74,93,93,38,87,7,2
71,6,21,48,67,55,56,23,60,74,18,53,89,98,83,31,87,78,76,38,69,91,68,1,63,71,62,82,15,50,61,24,7,44,3,77,35,11,61,42,40,71,19,68,48,67,28,4,52,82,66,64,63,4,28,13,80,68,38,93,71,68,53,18,7,83,75,81,84,66,97,9,8,29,37,72,47,33,65,25,87,45,53,39,87,42,2,69,20,53,63,75,71,7,52,2,78,27,46,80
69,24,1,39,89,61,7,28,75,92,66,12,20,75,13,35,34,78,65,45,83,45,61,82,45,81,81,41,17,20,92,54,54,90,64,86,46,51,4,36,41,22,56,89,78,12,54,16,30,99,81,4,28,22,66,24,43,98,76,78,99,17,1,11,46,43,87,31,16,7,77,20,51,22,25,18,89,87,4,6,56,77,82,43,44,94,60,27,3,49,89,91,29,32,32,35,19,68,40,17
55,65,93,24,7,81,11,13,95,70,58,93,56,9,25,42,26,67,45,97,94,74,61,9,42,7,30,67,28,60,37,65,29,69,46,21,35,65,22,70,21,55,97,70,51,42,21,73,34,59,30,57,89,18,71,39,39,4,51,54,89,31,5,87,69,91,82,69,49,90,12,86,65,36,89,64,15,33,74,67,66,7,18,51,38,24,67,98,36,81,75,79,62,66,73,98,77,11,82,50
7,42,47,89,39,19,22,23,78,77,21,28,75,71,28,44,27,56,25,22,52,91,50,32,71,4,27,15,89,64,10,35,23,8,38,47,78,81,59,15,26,26,5,74,56,75,27,94,51,63,90,71,7,62,27,29,44,18,65,98,82,84,22,40,7,81,2,51,7,50,61,36,25,21,54,91,30,11,80,15,69,72,33,56,2,82,7,40,85,39,14,94,56,5,46,65,85,99,33,82
21,46,16,10,65,26,12,3,64,7,55,26,7,76,55,25,61,43,94,22,26,19,47,64,54,32,5,10,48,86,81,76,73,89,64,62,0,59,56,84,11,75,28,62,4,42,98,16,67,29,48,96,91,39,39,52,93,49,32,36,51,32,14,4,35,55,5,99,24,46,9,80,34,26,58,74,11,23,56,51,49,56,8,37,4,3,90,9,48,57,63,46,24,0,22,79,38,79,62,68
39,59,23,95,7,50,18,19,82,42,48,30,58,16,59,1,17,69,48,0,95,42,77,68,82,83,15,84,22,83,36,19,15,5,27,19,58,17,32,10,8,15,75,47,14,20,9,72,58,47,18,57,56,36,72,50,53,59,60,36,56,94,51,88,30,56,91,18,60,61,56,48,93,11,52,92,67,90,78,6,20,1,35,71,48,97,70,12,8,0,58,3,31,59,87,85,7,32,85,84
17,0,13,16,92,97,35,57,46,52,30,67,57,26,43,91,90,24,24,58,9,73,63,69,32,95,32,19,38,27,41,91,72,71,81,97,75,62,44,16,22,39,84,28,82,46,3,1,55,17,49,92,43,38,37,1,87,14,89,59,50,18,81,33,89,50,66,18,45,41,0,83,49,27,1,24,71,62,82,92,98,95,3,7,42,48,59,20,11,21,19,96,5,91,47,14,97,5,97,60
6,54,13,78,71,49,61,46,49,89,24,85,13,76,92,58,34,98,6,5,41,46,94,18,46,61,71,91,56,16,57,36,66,54,14,75,65,19,68,4,58,87,13,96,16,10,77,25,83,60,93,69,36,82,13,21,17,57,31,20,29,19,68,55,97,88,56,60,50,9,74,82,51,81,74,36,72,66,58,52,45,35,84,12,92,44,2,53,98,38,37,17,41,66,72,35,31,4,5,73
71,33,62,34,5,26,90,10,72,40,3,27,84,34,23,41,15,74,67,59,5,5,68,61,27,0,22,62,56,55,44,43,52,50,37,21,18,55,17,13,89,0,55,91,40,74,23,82,6,39,89,53,42,65,52,69,36,67,66,99,56,53,65,38,80,20,3,8,28,87,47,58,3,10,43,78,9,54,67,88,56,98,0,93,93,2,10,4,59,73,27,30,3,53,93,90,63,10,28,82
21,47,21,61,65,90,11,54,35,95,43,54,54,97,71,90,38,1,65,76,65,76,99,68,30,91,74,54,58,41,39,31,95,62,10,6,35,0,99,66,43,64,20,74,59,94,35,48,37,69,85,94,17,54,20,35,11,68,11,67,61,54,37,7,64,72,54,64,62,20,54,46,11,65,16,56,21,39,53,15,18,34,90,37,92,76,71,21,43,63,5,81,51,55,18,54,98,98,18,92
26,1,42,38,56,51,61,30,76,30,78,7,37,61,85,23,85,50,51,56,50,0,46,91,77,29,42,89,59,87,37,97,70,1,21,58,34,57,83,2,5,16,61,81,2,10,65,25,53,44,74,2,9,24,73,94,34,0,68,26,5,72,99,16,71,50,80,99,38,71,12,20,31,29,48,80,53,63,87,18,72,30,94,22,46,34,2,85,58,88,90,11,31,44,8,17,64,17,2,51
54,6,54,30,59,9,77,55,74,95,73,0,45,28,52,25,10,35,62,5,55,13,82,11,61,39,85,12,26,19,69,24,39,14,64,74,97,72,14,84,42,99,25,92,8,45,12,61,54,90,15,46,75,75,97,90,66,6,5,44,20,10,87,45,90,1,7,8,68,65,35,66,23,21,22,37,74,71,38,16,44,47,55,76,6,90,22,64,48,72,5,98,31,59,37,82,81,46,14,62
97,98,58,82,46,45,29,49,59,92,45,56,41,7,90,22,89,29,99,86,6,90,3,9,14,50,27,24,5,62,21,22,51,29,45,6,88,81,88,21,74,26,26,3,50,21,82,68,51,66,38,82,28,43,21,22,2,71,40,65,75,51,60,60,54,36,37,4,63,68,73,4,36,35,49,32,37,34,57,12,89,51,40,70,66,15,70,77,11,33,94,7,77,65,79,82,31,13,50,31
84,51,76,55,36,96,38,31,72,93,31,80,74,17,89,41,24,43,95,5,96,78,3,52,45,58,67,70,66,26,24,94,0,12,95,34,39,5,12,45,89,23,86,17,47,65,36,71,90,58,78,63,81,49,48,26,82,93,96,96,6,89,79,96,17,3,80,68,92,30,77,76,66,3,8,70,24,9,95,76,28,77,57,47,71,69,88,52,35,87,84,25,92,87,90,70,21,19,62,6
48,59,63,74,34,5,60,56,72,18,40,12,62,27,43,24,30,31,45,71,98,70,29,61,88,40,86,97,30,4,82,48,22,92,11,77,88,50,82,67,79,68,72,99,24,64,1,39,17,44,85,41,54,70,90,56,32,48,15,34,38,30,70,1,87,81,64,47,38,61,19,58,27,74,83,74,34,45,2,68,72,14,33,35,22,66,47,97,47,78,20,55,51,63,72,34,70,61,56,44
23,94,26,78,41,58,68,4,8,61,14,62,5,30,37,94,96,70,32,25,99,96,59,10,11,36,80,83,36,78,49,10,38,62,7,39,75,79,12,65,98,5,25,2,93,56,48,45,39,34,14,67,40,73,98,46,9,91,80,71,16,54,28,46,49,33,75,12,61,88,19,1,88,84,52,16,34,16,12,32,31,67,0,1,83,92,86,43,80,3,94,31,23,63,85,21,55,73,40,22
74,83,61,8,50,19,82,71,52,62,75,87,55,93,67,36,71,39,82,18,10,81,73,27,21,35,11,50,96,29,92,69,99,2,62,99,36,96,55,84,6,73,54,34,89,11,38,79,81,32,64,41,94,48,25,94,69,63,91,48,60,70,35,96,31,78,61,88,91,98,68,43,13,43,64,90,12,97,92,20,45,40,46,26,28,96,55,17,27,59,81,45,75,6,67,36,91,52,67,21
53,78,80,55,4,79,71,66,68,72,84,32,42,87,21,60,99,90,34,92,41,35,17,37,65,8,42,49,30,6,84,9,7,86,91,5,72,60,81,45,85,87,71,14,49,53,73,87,1,18,94,2,72,15,91,38,74,69,43,2,81,37,68,8,2,74,53,44,33,59,27,5,55,34,23,47,81,2,6,71,5,50,32,48,78,95,98,34,18,20,3,68,68,1,75,18,0,53,83,34
70,9,89,61,18,38,83,75,83,6,39,44,3,56,46,37,19,43,76,15,53,6,89,83,6,33,80,63,98,35,80,9,75,84,43,2,58,14,95,58,90,53,77,62,7,28,94,18,74,58,47,27,11,66,65,30,99,39,84,92,37,65,12,17,93,37,68,2,55,87,68,63,78,99,44,86,65,37,64,91,92,2,63,57,64,36,7,58,0,66,47,67,67,2,11,79,68,92,65,31
45,16,21,10,69,59,92,51,5,23,30,44,76,49,42,5,52,49,55,38,49,5,8,26,66,91,62,95,55,1,90,75,92,54,22,9,37,27,69,40,67,23,26,28,31,60,58,27,31,52,34,16,21,66,37,16,8,15,32,1,70,99,95,20,9,52,84,58,34,89,66,40,19,48,80,56,36,16,44,56,1,86,71,38,28,59,8,57,83,54,73,60,70,16,47,89,42,34,22,78
29,82,80,24,33,31,90,91,12,87,20,19,38,74,71,72,63,1,66,98,74,77,14,5,11,59,32,38,72,45,84,60,5,34,39,53,77,11,6,2,91,58,50,59,67,9,84,67,86,84,71,73,72,19,42,67,76,35,4,68,3,12,42,5,15,90,6,44,59,32,43,65,64,73,74,54,34,25,96,39,16,80,70,60,15,76,13,55,2,94,72,37,83,91,1,5,95,84,51,87
51,55,13,84,87,68,51,67,16,5,3,60,34,21,5,53,2,57,43,69,72,18,11,35,9,75,19,43,59,44,80,44,74,39,77,42,65,42,62,63,42,14,43,65,55,47,50,66,84,46,53,9,95,28,83,69,55,40,7,28,74,88,98,6,82,25,70,96,86,89,95,56,90,90,98,15,80,50,26,66,87,62,10,90,6,44,22,51,11,93,26,24,78,11,33,21,88,32,8,89
45,0,85,11,97,85,71,81,64,58,12,29,54,45,55,80,66,46,29,5,67,14,66,6,80,49,28,73,76,84,47,98,14,82,74,45,0,82,95,28,28,94,70,28,65,43,14,45,58,2,32,23,60,7,26,75,91,49,9,91,95,70,36,7,98,17,84,5,33,65,20,72,64,56,54,45,43,41,85,79,59,48,58,30,87,29,26,62,11,61,10,18,11,85,70,79,41,3,24,19
66,91,76,84,87,30,65,22,74,71,27,87,93,76,25,68,14,92,19,5,26,79,36,41,78,46,89,75,14,5,81,31,85,43,18,86,1,21,23,10,13,80,65,0,46,81,23,27,55,34,32,30,57,20,70,94,62,84,78,47,58,43,21,22,76,21,95,63,95,14,19,37,12,80,93,91,61,13,89,46,41,22,13,97,47,32,22,64,96,19,52,18,60,29,66,98,1,6,50,86
52,67,67,71,23,35,97,84,88,82,22,57,71,61,50,75,73,3,78,75,33,24,55,77,29,91,61,5,62,85,47,53,97,17,9,68,86,51,40,46,40,34,28,52,3,49,52,28,54,49,43,36,19,98,39,84,96,1,50,5,78,79,86,37,50,24,34,61,89,53,43,86,16,19,53,11,59,82,50,96,83,46,13,81,92,30,61,19,90,91,37,92,84,35,20,41,14,80,45,12
0,43,37,44,4,74,62,19,85,47,60,26,67,46,16,72,75,43,48,93,22,68,69,98,50,34,88,78,94,4,40,95,79,72,74,59,25,15,95,19,28,36,63,63,76,41,71,56,47,65,88,18,85,26,87,5,23,47,38,48,17,14,41,5,75,33,90,56,87,26,15,90,60,17,98,14,50,94,63,45,74,29,54,31,27,87,75,58,35,14,10,90,8,8,41,62,86,57,34,47
89,19,56,26,60,63,29,97,82,43,0,63,3,46,72,12,87,61,1,58,42,24,77,89,94,92,48,2,9,40,57,51,36,90,28,39,74,6,24,53,36,6,10,46,21,73,44,77,57,34,13,4,63,64,74,89,36,72,82,50,48,31,7,41,59,95,52,27,1,61,40,41,7,1,96,87,42,89,66,13,46,99,86,51,12,15,97,37,89,74,98,68,31,85,33,89,87,57,84,19
61,84,36,51,11,42,76,41,73,71,36,25,82,0,77,93,40,28,47,66,14,92,41,70,63,87,54,2,15,74,27,16,62,36,4,96,69,82,12,11,86,30,28,81,56,45,58,46,43,87,75,60,94,7,71,95,34,36,82,13,52,32,38,77,84,40,52,79,17,29,92,47,72,94,82,76,9,86,21,36,1,57,41,10,42,99,48,3,5,1,9,93,46,73,53,94,51,36,65,29
14,23,10,44,85,8,24,39,16,31,77,29,78,69,10,9,69,48,59,70,1,45,0,28,23,31,28,99,79,37,74,18,69,80,72,23,72,63,12,50,53,8,95,51,54,84,20,24,32,10,66,40,40,56,94,71,2,59,79,52,36,30,48,94,77,40,64,14,1,11,89,12,70,68,59,12,9,1,37,73,51,76,51,66,4,15,23,9,77,89,65,10,34,80,97,44,71,90,4,71
12,9,23,38,84,33,13,79,51,44,73,66,57,32,75,67,7,97,83,48,80,5,95,39,9,66,43,40,74,96,36,24,81,80,55,71,98,45,53,32,92,46,54,51,6,36,33,78,23,74,63,57,0,83,29,5,37,93,2,88,19,40,90,35,52,25,92,44,21,53,82,75,64,42,94,45,71,74,79,69,2,67,94,4,85,75,19,91,26,20,36,74,85,40,44,75,65,83,86,5
80,98,57,5,40,81,64,84,8,88,95,91,62,8,92,84,30,60,37,61,45,63,31,63,37,10,23,4,28,7,30,78,61,90,86,49,30,42,29,92,88,87,22,1,49,35,30,30,36,48,34,51,84,79,62,46,74,51,19,43,25,88,78,74,64,34,29,18,59,65,71,44,68,72,52,5,89,51,51,89,54,86,99,45,4,3,9,92,49,3,4,66,16,26,36,46,90,2,41,66
95,43,84,69,19,53,12,61,97,25,99,14,13,89,44,84,1,31,61,29,46,50,97,71,10,70,28,61,54,34,83,12,19,11,3,38,86,27,28,59,32,7,62,25,16,2,28,58,88,8,5,8,56,48,71,41,5,95,68,28,81,9,59,89,89,18,49,24,80,89,14,77,20,1,21,49,80,45,37,33,11,6,9,30,35,17,2,88,50,54,46,19,47,93,21,27,14,39,81,83
14,29,3,82,92,65,59,48,44,47,65,64,0,96,5,59,64,89,14,12,45,10,21,57,51,33,69,35,99,58,27,27,7,26,50,79,36,74,29,7,17,42,21,39,61,34,98,46,55,27,15,13,31,43,10,16,2,0,2,26,6,8,59,31,20,99,73,14,67,89,29,57,90,79,5,55,31,36,71,88,47,57,80,32,86,2,27,5,67,35,61,43,9,77,78,84,40,22,70,85
91,16,1,24,4,89,12,30,95,35,88,5,92,53,78,43,79,54,6,79,50,15,94,22,22,55,35,65,80,57,22,6,83,59,64,9,70,90,56,6,95,23,26,52,8,1,41,80,51,4,3,92,77,90,37,67,59,80,34,67,4,26,25,11,47,48,35,27,89,77,91,69,25,43,16,38,88,15,33,50,96,51,44,12,41,1,34,55,54,96,56,54,23,99,54,27,99,86,32,7
89,45,98,21,4,79,90,86,43,72,97,93,64,63,79,97,48,96,20,52,5,10,15,49,21,17,59,34,35,66,9,69,1,96,60,69,27,3,72,54,66,56,67,81,81,5,27,9,30,91,40,60,91,90,98,21,43,84,38,96,63,34,93,20,53,16,51,14,72,96,99,95,48,27,9,99,77,0,25,49,27,74,86,73,99,29,66,50,25,36,56,22,75,6,73,73,70,50,41,58
49,46,38,28,22,33,11,81,34,25,3,96,89,1,5,69,95,70,57,75,22,37,20,51,39,5,60,4,12,3,63,14,80,68,1,91,3,2,19,69,38,35,95,51,43,51,99,68,82,85,45,50,38,54,68,70,11,59,94,28,38,17,49,27,76,98,33,9,93,49,63,78,63,71,53,26,79,6,30,48,7,27,97,52,11,5,98,61,91,33,31,46,9,89,11,44,57,4,61,62
96,80,29,80,95,23,39,52,45,88,63,6,28,80,90,68,70,81,79,63,39,98,64,38,4,71,56,17,14,28,69,81,61,78,22,63,49,62,55,42,30,87,86,23,48,70,70,72,81,93,47,25,32,98,24,55,88,90,53,82,49,91,29,27,48,38,29,87,20,13,12,51,34,85,90,6,75,4,84,40,8,6,10,29,28,62,75,10,40,76,10,35,37,87,42,91,0,25,73,17
82,82,66,45,92,79,89,46,49,35,40,58,38,37,23,1,36,97,90,42,77,84,67,73,90,27,67,98,41,95,53,67,62,97,70,82,72,33,17,13,42,81,95,36,48,80,3,31,76,28,4,45,82,89,3,35,36,32,96,36,12,69,98,63,12,41,7,38,39,47,27,51,26,10,72,62,82,64,66,85,57,82,65,77,60,33,15,20,51,17,50,92,85,33,88,64,28,54,45,50
41,1,50,6,16,76,11,93,62,33,4,94,93,8,57,58,62,18,28,38,95,86,44,28,35,48,46,6,93,69,9,58,97,59,52,80,34,81,36,69,59,51,80,14,73,48,69,41,93,33,11,4,68,16,62,73,67,21,2,53,69,69,73,50,76,52,71,43,75,21,60,74,99,82,28,22,46,89,84,30,17,3,71,99,66,87,8,42,64,86,14,22,71,95,83,13,69,78,96,77
76,31,66,39,42,49,58,20,30,9,70,25,57,30,22,25,37,65,15,37,35,58,75,15,91,1,47,60,1,20,43,41,27,91,70,73,81,26,63,2,59,72,43,53,61,55,30,0,17,28,62,7,35,96,81,22,49,18,91,75,87,25,83,43,21,2,49,36,8,28,86,11,47,2,68,91,26,69,92,26,50,4,33,39,85,74,7,30,97,28,57,93,32,82,86,3,58,8,14,39
74,70,53,43,84,20,48,66,12,98,3,41,36,76,56,34,64,26,27,59,47,71,37,35,19,80,22,86,90,31,49,51,48,61,46,34,0,90,35,40,22,57,78,64,72,76,96,96,9,46,75,13,47,43,29,24,93,73,72,22,65,89,90,71,69,6,86,8,77,86,2,78,85,1,72,11,56,89,72,88,11,4,44,77,2,1,63,89,37,78,35,61,60,82,70,53,5,55,89,9
6,42,12,23,44,24,94,67,53,30,36,83,59,25,53,49,14,73,38,2,92,35,25,78,13,28,48,54,13,53,54,70,98,82,65,61,95,92,4,2,71,8,77,77,45,89,68,35,88,69,62,70,10,40,32,57,57,42,16,37,29,56,74,46,63,9,34,65,40,11,34,22,79,85,18,25,28,80,63,46,8,48,20,59,14,96,77,14,41,73,43,92,80,68,50,33,56,71,25,62
32,91,27,54,3,0,7,52,76,58,75,25,54,95,11,86,88,85,20,98,95,7,76,0,27,8,7,7,68,85,0,53,38,17,80,58,60,15,5,2,82,98,8,35,75,40,11,50,69,58,9,19,52,76,35,0,70,10,24,4,29,78,87,70,40,29,53,90,31,30,46,86,50,78,29,45,17,94,52,41,21,42,91,99,53,87,44,61,39,85,8,56,94,99,24,89,66,51,98,14
50,37,12,29,15,48,0,68,89,22,35,32,59,82,71,77,0,44,20,79,49,24,90,84,3,47,5,5,49,47,79,46,87,73,79,27,58,2,15,21,68,44,95,2,72,31,13,57,19,56,46,70,30,60,23,34,68,6,77,50,12,61,31,39,68,74,61,83,6,14,23,83,76,66,12,80,59,71,49,67,40,70,42,85,86,34,67,24,45,73,13,2,96,80,71,80,67,11,0,18
55,90,3,2,90,38,27,38,53,55,90,84,5,54,84,93,26,88,65,45,22,7,67,71,41,50,63,93,38,60,87,3,3,32,25,22,31,88,35,95,97,19,74,90,96,9,25,9,10,99,98,97,31,49,29,21,34,45,7,66,31,73,87,20,91,17,55,23,53,38,96,68,80,55,31,3,19,3,28,50,85,27,11,5,56,10,3,78,3,47,38,67,89,35,82,43,10,41,14,25
14,63,34,37,17,15,89,1,37,74,94,40,71,32,82,11,93,15,55,28,65,38,33,32,19,2,90,52,58,68,22,17,92,96,86,17,17,27,34,18,41,76,93,86,9,98,59,93,10,22,43,36,36,35,96,6,15,33,83,4,79,53,78,82,93,99,91,69,39,82,56,5,21,1,67,13,79,81,8,62,11,66,14,13,83,50,27,44,0,80,31,47,90,26,16,3,80,84,85,93
56,50,29,99,32,48,99,61,44,96,95,81,52,96,0,20,3,47,82,17,54,76,68,5,34,82,54,86,20,34,33,4,87,45,91,58,50,65,30,93,81,21,5,33,53,50,58,88,79,2,80,95,72,8,9,69,40,40,93,27,91,37,77,23,49,32,34,4,34,89,35,18,13,70,38,23,70,88,59,39,64,79,86,54,72,8,43,92,44,26,13,20,0,66,55,78,78,92,84,47
26,11,94,64,81,61,77,12,72,41,51,3,57,18,32,80,49,65,84,81,65,90,93,62,78,68,39,96,57,59,31,89,45,84,31,86,32,96,72,85,97,33,91,72,91,6,86,54,63,18,2,85,55,77,62,86,79,47,3,74,26,26,24,21,39,7,83,13,39,64,49,20,38,5,50,4,17,89,91,61,62,12,0,92,55,71,96,91,86,24,61,80,51,69,43,80,60,8,52,73
33,89,69,23,63,76,16,68,60,9,69,48,18,34,79,10,53,36,11,61,51,22,17,25,57,48,44,84,56,96,29,61,19,79,92,49,1,6,41,75,3,32,30,3,83,16,98,14,12,96,95,76,86,82,5,86,38,71,30,34,51,66,51,50,52,66,1,95,54,76,42,63,3,36,42,26,89,23,9,24,13,43,39,56,19,55,35,98,82,29,59,99,17,71,80,76,13,78,41,19
48,94,66,25,48,66,83,77,60,43,16,62,47,49,16,5,65,82,18,66,0,0,49,46,46,46,27,66,74,15,33,46,45,6,29,61,65,90,79,16,36,18,32,18,35,58,90,92,18,46,18,30,45,26,92,71,62,55,24,61,10,20,42,41,46,90,35,50,46,4,28,68,1,46,20,1,84,61,29,8,49,43,8,98,28,13,70,34,89,35,12,60,85,27,7,11,64,90,33,53
24,16,8,32,23,43,84,70,31,24,13,89,18,18,27,1,18,27,49,19,51,53,66,61,0,18,6,96,69,45,14,53,91,2,95,4,42,44,89,70,83,41,85,59,54,26,27,4,42,53,10,15,29,38,98,89,63,14,13,68,71,19,30,95,90,21,83,16,31,57,85,21,21,29,34,66,3,28,69,18,21,84,45,24,5,1,28,11,9,12,70,27,69,1,18,71,53,75,26,28
4,23,58,46,16,72,96,70,34,66,23,21,55,94,30,76,60,82,1,81,99,6,53,14,38,18,81,49,46,30,93,72,34,57,44,58,53,35,23,4,7,67,55,82,43,40,24,90,62,46,60,28,40,77,20,95,76,23,79,80,54,16,24,69,33,96,41,49,24,28,14,34,14,21,61,88,57,13,93,18,44,4,17,31,93,29,29,96,50,91,41,73,55,87,67,85,34,99,27,10
72,11,34,66,75,96,63,41,90,39,11,12,92,25,1,32,77,18,97,88,95,38,61,39,65,96,13,30,91,34,45,78,53,82,23,27,62,76,87,90,18,61,79,53,67,76,58,24,29,44,88,15,17,53,41,51,52,23,99,67,65,26,92,53,12,0,57,45,16,78,32,82,84,74,84,59,78,61,22,54,4,38,34,53,83,43,1,21,54,8,25,28,9,38,7,94,53,57,96,29
47,10,19,70,88,68,20,68,39,77,77,68,83,98,30,30,93,9,31,48,10,99,31,58,53,14,74,38,99,24,27,9,40,35,42,66,71,77,81,75,48,24,70,47,73,78,78,91,19,66,93,89,70,88,89,75,11,59,97,33,79,7,59,55,32,85,55,57,25,79,96,8,75,80,36,30,63,84,36,79,68,54,78,28,50,87,6,1,89,25,93,70,60,12,48,5,33,48,30,80
13,32,28,23,86,95,22,10,65,54,20,50,98,98,71,93,47,28,39,26,45,35,32,58,10,84,30,1,1,81,77,91,24,49,95,60,19,65,61,95,62,17,36,15,64,37,86,67,52,42,24,12,21,21,73,4,99,99,84,2,78,52,54,58,65,46,23,76,48,61,7,73,18,65,30,53,94,84,57,26,82,79,21,86,71,91,89,46,36,65,55,49,46,64,80,84,61,39,25,6
7,23,19,91,10,70,79,9,44,78,28,52,85,9,17,36,54,6,74,14,92,66,7,64,99,5,32,61,79,40,49,81,86,0,93,49,22,60,15,68,18,23,13,99,52,45,85,95,25,50,3,72,5,74,72,37,11,40,8,67,12,40,55,87,4,83,14,57,49,79,22,3,36,48,74,35,76,15,33,89,6,54,76,93,27,69,54,54,4,4,74,16,31,93,18,67,88,48,33,45
23,71,76,53,2,44,30,62,68,0,21,0,32,6,6,21,15,87,16,33,40,5,10,20,13,46,3,30,48,64,30,97,22,95,8,30,73,80,61,86,28,14,37,31,91,75,95,60,28,7,11,57,9,36,2,65,30,54,70,46,87,63,62,87,35,57,47,6,39,23,40,63,26,61,56,70,86,64,49,41,51,39,15,46,9,76,44,12,1,6,51,89,17,12,55,81,69,71,5,9
37,22,50,23,75,35,23,93,99,29,44,45,72,69,96,85,11,62,63,96,22,19,46,85,70,59,31,55,25,55,29,79,39,80,87,44,74,83,38,40,5,83,67,27,62,43,25,64,59,53,63,39,54,67,6,44,94,24,54,15,86,39,97,77,21,5,52,54,0,17,77,76,8,57,14,92,33,31,52,85,72,2,57,6,37,59,44,97,60,60,90,35,45,8,39,22,0,82,16,62
96,52,47,95,24,96,17,12,46,82,39,35,28,35,44,37,58,51,92,21,2,23,49,15,45,18,92,18,54,38,79,28,32,78,78,51,81,71,68,99,33,76,71,73,82,83,36,55,53,23,30,22,59,99,74,81,0,89,36,49,76,9,13,84,52,5,52,11,71,74,32,20,73,97,47,42,78,11,90,13,16,27,37,5,7,95,90,63,34,21,2,63,87,96,35,93,89,14,30,23
54,66,96,28,99,21,61,15,8,62,64,63,76,98,22,95,46,92,16,33,0,42,87,12,37,90,72,60,82,57,51,36,42,23,25,74,90,4,83,1,44,45,49,68,96,6,33,99,68,48,4,52,57,80,15,93,88,84,96,25,92,66,85,20,15,31,33,23,47,5,34,29,82,86,26,29,29,37,70,69,94,27,18,68,50,50,14,4,58,77,15,51,31,85,6,17,9,24,70,31
13,6,2,66,90,80,84,5,62,49,9,61,18,19,26,57,83,38,0,79,9,14,26,67,90,78,63,77,8,30,35,53,17,49,58,43,88,44,20,9,52,88,65,39,97,99,37,86,35,90,0,49,43,70,72,84,73,33,99,70,4,52,85,22,66,88,51,98,84,73,10,85,50,27,59,24,39,56,98,68,83,44,64,38,50,29,73,79,94,34,32,47,97,2,79,46,69,61,17,87
14,60,44,61,74,91,39,42,68,28,82,23,78,74,46,30,52,60,90,96,6,72,96,64,64,93,77,48,41,57,72,0,18,60,48,48,20,10,93,67,68,55,4,34,52,17,22,62,7,14,78,59,75,1,60,14,87,8,59,61,55,72,40,54,60,61,57,47,77,45,64,66,36,76,59,86,47,85,50,4,2,84,77,19,57,39,40,19,39,88,10,5,67,2,44,98,76,12,35,5
56,43,33,19,6,63,94,58,68,74,84,98,12,93,80,1,83,96,84,77,65,52,64,43,88,23,78,27,22,48,47,95,2,82,64,70,7,28,6,27,6,88,5,7,7,89,89,40,2,54,19,71,47,24,28,0,90,67,24,65,11,82,8,29,55,73,97,92,28,93,17,33,94,59,49,47,98,61,54,5,17,94,15,37,46,9,51,76,86,22,14,68,29,85,10,38,94,47,96,67
3,99,26,56,23,2,96,42,57,12,55,76,93,92,46,91,83,54,83,54,72,35,98,80,49,85,21,68,84,46,76,57,34,4,98,59,3,3,13,73,67,67,98,60,58,68,84,57,44,75,87,11,19,52,26,70,40,7,50,0,8,48,74,69,99,23,71,38,62,20,62,18,94,25,77,50,6,38,99,71,79,17,51,39,92,27,59,12,44,74,76,17,98,47,70,19,80,85,47,39
17,27,97,23,85,54,87,22,72,81,1,78,82,16,8,93,18,54,97,12,66,67,79,93,3,69,96,43,15,45,9,80,15,14,82,95,52,27,97,39,42,59,31,37,43,19,73,10,22,55,76,13,43,81,56,57,43,87,12,53,54,11,22,42,49,26,67,18,23,35,89,30,76,95,89,48,96,86,86,62,63,23,23,47,93,32,90,0,21,89,29,38,3,88,49,12,7,83,58,60
18,75,53,79,95,56,83,83,47,93,91,20,2,50,48,74,74,33,69,51,22,15,24,13,32,60,10,7,20,1,52,93,17,94,45,98,3,91,84,14,27,5,57,9,10,96,93,23,16,55,41,42,94,77,61,61,8,9,61,35,16,76,25,2,88,48,35,90,87,49,10,17,39,54,87,64,96,41,3,96,93,63,83,0,83,78,7,84,26,81,7,39,20,8,81,61,3,42,5,15
47,56,3,29,33,63,17,46,47,33,65,47,99,32,94,22,4,76,16,77,60,56,35,88,48,73,55,0,14,11,10,47,9,5,31,97,8,24,72,87,32,59,69,71,88,94,66,72,67,50,34,73,69,93,81,94,59,19,21,34,85,0,38,64,6,64,0,16,63,62,75,99,58,33,85,48,35,66,24,29,68,31,78,66,36,80,77,72,86,77,53,31,24,84,2,38,20,9,24,60
12,68,50,37,90,90,58,74,51,92,18,34,56,28,56,38,31,86,76,83,0,57,52,55,4,19,1,86,51,52,72,9,2,42,17,42,96,37,75,37,74,90,86,58,67,46,87,87,25,34,45,27,82,21,73,83,51,98,47,68,26,48,4,57,85,41,53,5,71,95,2,22,11,54,28,55,64,87,73,43,94,81,0,47,31,70,62,49,78,41,1,84,42,79,40,21,61,60,41,64
19,64,33,63,58,56,55,87,11,28,72,29,42,6,66,48,84,32,93,31,77,34,94,69,7,24,88,58,74,12,61,8,45,1,65,90,74,51,70,54,97,45,68,26,29,9,6,82,76,92,67,84,93,95,54,60,67,10,75,79,0,76,54,36,1,48,42,54,77,87,8,18,46,86,95,32,87,79,44,84,60,75,67,36,80,4,89,93,53,2,50,0,75,16,58,46,62,46,60,99
