8,97,52,46,39,86,33,3,39,26,10,36,75,60,80,36,54,40,15,40,69,46,91,58,57,15,44,97,61,36,12,29,93,89,6,43,58,32,12,84,98,55,86,27,68,28,38,32,17,67,9,86,26,6,24,57,54,22,60,79,88,86,24,6,82,65,60,48,2,44,20,65,34,38,63,33,19,69,98,22,30,77,1,85,94,91,88,47,3,25,20,94,80,46,8,18,37,58,67,38
52,51,76,56,29,14,42,46,45,65,11,50,19,42,36,25,26,10,30,20,8,39,70,99,33,27,60,55,25,27,26,84,27,29,2,60,9,63,2,20,73,45,3,85,70,1,88,70,2,85,8,72,17,17,8,50,90,51,92,92,69,41,58,44,12,62,32,18,27,6,67,61,0,13,80,1,69,42,95,19,25,25,48,71,22,34,26,34,43,52,95,54,11,27,10,63,34,98,67,52
88,70,53,6,89,0,75,16,71,50,29,16,99,22,27,2,71,30,54,12,81,88,42,7,73,13,54,65,54,45,19,51,3,0,57,74,17,76,75,13,31,48,36,79,81,36,56,31,80,94,38,72,48,13,13,53,93,60,78,97,15,43,43,4,11,15,58,58,11,44,62,72,75,37,78,22,3,90,77,56,97,81,93,21,47,48,28,18,94,55,14,28,58,44,41,38,54,47,56,37
20,47,78,33,6,96,71,9,8,62,96,76,10,72,44,68,19,25,3,32,32,35,59,85,90,11,15,57,66,49,64,17,0,95,32,73,80,85,21,18,37,74,46,51,23,90,57,5,95,64,1,26,98,31,40,1,28,74,62,97,93,33,84,76,54,62,16,14,45,33,38,47,9,84,43,69,68,84,50,75,88,81,71,28,74,36,62,8,36,55,22,47,54,45,51,2,18,5,45,34
56,47,25,12,93,46,3,71,34,76,42,35,5,35,17,91,43,40,3,74,85,0,46,41,33,67,54,49,81,53,40,24,63,79,38,83,44,34,9,11,19,85,30,25,7,56,19,33,65,54,1,94,71,83,47,97,81,91,11,95,95,0,17,40,65,58,90,42,31,6,50,43,80,52,57,0,21,42,20,52,12,79,76,37,51,65,53,97,80,24,57,0,91,3,60,2,82,68,16,49
57,87,50,42,37,55,55,41,52,59,74,82,48,86,46,26,17,74,40,11,17,82,44,81,73,13,21,43,58,99,32,78,79,37,5,84,19,54,48,80,79,53,71,17,41,16,37,42,16,90,24,94,36,6,24,82,70,96,35,45,73,14,62,55,45,80,90,25,68,48,1,88,59,13,92,40,51,27,24,93,45,53,84,47,45,95,58,59,58,15,28,78,79,54,99,8,54,71,7,46
46,57,85,98,84,0,68,64,58,26,27,70,95,78,94,96,32,49,29,51,44,90,78,85,64,81,86,94,26,88,2,73,51,50,64,61,45,20,61,23,18,54,83,75,15,87,32,79,5,53,49,95,37,72,25,18,76,7,39,17,78,38,72,84,9,22,14,75,54,22,49,43,59,86,75,53,24,95,98,62,96,27,19,51,8,35,35,53,71,94,83,69,86,56,52,93,2,2,36,65
20,29,33,38,5,95,79,99,59,81,14,47,69,21,74,18,94,41,46,74,33,77,29,37,45,24,36,42,16,5,97,50,71,59,36,54,80,99,84,67,47,95,26,73,56,70,98,81,98,31,56,33,19,65,25,10,51,4,66,7,21,83,54,20,90,19,0,42,5,25,64,21,33,51,43,1,49,51,52,43,73,65,2,27,11,88,27,64,93,69,79,86,23,61,17,16,10,81,59,94
62,3,82,27,24,70,33,1,52,94,82,21,7,63,99,47,2,30,68,82,83,87,99,12,40,62,96,69,46,96,2,59,60,21,95,59,81,48,44,62,61,50,10,43,99,81,86,97,44,34,31,25,52,51,97,54,70,34,78,5,50,41,29,87,23,67,80,66,48,65,83,61,96,52,64,60,69,39,38,89,30,56,68,28,69,66,58,75,64,6,96,65,72,97,84,60,60,30,42,75
8,45,83,53,1,51,66,2,26,45,36,51,18,53,92,76,41,87,95,86,41,94,80,56,97,90,38,9,69,38,1,51,85,88,76,18,65,84,26,2,58,51,24,75,13,0,45,45,29,53,21,70,31,97,32,0,32,61,9,54,32,53,35,1,72,50,30,84,86,58,51,55,36,72,17,2,36,93,54,39,92,20,87,36,81,87,8,26,54,58,3,51,83,53,58,31,9,54,21,51
37,37,94,67,92,34,73,67,37,93,40,61,51,55,20,45,95,28,58,57,98,65,12,92,11,30,89,51,79,58,56,0,51,86,58,71,51,27,50,38,14,3,97,23,25,28,15,74,65,57,76,30,70,26,94,70,53,11,60,81,15,80,88,89,58,4,79,26,5,48,17,91,13,76,52,83,59,41,33,93,51,90,61,29,98,69,35,91,59,52,72,7,8,42,21,96,63,88,89,57
17,41,69,42,88,15,97,91,41,84,70,36,8,26,34,81,99,5,52,21,3,10,24,27,39,38,55,0,55,13,88,72,36,79,48,75,89,1,12,96,26,63,9,34,38,41,73,87,85,68,89,55,60,28,64,65,19,37,49,45,56,15,93,38,37,36,88,59,22,68,46,5,70,3,43,39,56,75,96,99,7,20,94,81,85,51,92,62,85,35,88,3,72,27,59,80,69,24,50,12
70,99,54,83,78,40,13,64,2,18,63,80,5,15,34,71,12,10,93,94,60,40,40,27,13,17,79,66,27,1,18,76,44,63,85,22,98,66,21,11,60,63,24,79,16,63,3,13,35,89,74,53,25,44,57,35,17,31,91,11,44,82,76,62,50,3,13,13,65,21,39,66,71,32,5,72,36,57,7,68,92,93,23,62,3,83,75,41,66,39,21,80,84,3,11,22,27,68,96,1
88,96,97,79,53,76,17,26,36,9,54,63,94,18,93,70,3,96,97,80,18,45,45,41,77,63,92,36,62,40,13,74,46,33,33,24,27,64,5,18,37,79,70,78,85,66,18,56,72,57,36,60,16,32,61,45,54,88,15,73,5,86,69,87,71,11,60,76,89,23,35,96,78,39,93,49,88,3,49,74,59,52,40,17,43,80,59,85,49,44,88,79,39,39,98,33,93,61,74,72
27,65,5,79,8,9,80,20,69,81,95,49,0,99,57,3,5,30,78,81,30,8,79,24,28,90,67,40,61,12,78,54,5,63,58,56,66,81,31,23,19,79,90,80,50,56,63,71,81,45,22,56,90,64,95,83,80,32,45,59,46,41,18,28,44,44,11,71,73,34,54,42,14,81,17,89,85,52,61,35,10,41,20,35,5,9,85,24,91,72,57,39,54,74,52,64,38,17,31,7
24,10,81,54,74,11,0,5,11,88,92,41,90,59,19,74,54,49,69,87,41,94,12,92,81,0,9,12,52,41,38,61,0,95,51,22,43,99,27,31,33,30,28,8,88,94,99,76,78,76,91,65,33,99,14,41,72,63,77,99,95,81,52,9,60,67,53,2,49,70,3,16,45,95,16,24,8,39,17,30,76,80,38,16,29,78,37,99,10,27,59,61,9,76,62,26,17,76,31,42
12,6,11,72,19,82,66,73,46,5,0,43,44,96,15,98,33,84,15,6,44,80,80,91,55,10,91,29,34,75,56,22,68,74,12,47,6,65,76,8,18,89,40,84,64,4,54,14,63,16,3,73,14,41,17,71,2,68,35,37,16,56,58,15,93,35,12,40,15,7,55,59,12,98,89,73,21,27,75,96,76,66,77,89,71,20,51,31,20,97,54,51,15,39,67,31,39,76,13,75
25,35,47,84,32,16,40,2,38,18,18,96,36,83,14,98,7,32,25,86,15,45,17,47,78,84,76,72,26,6,58,10,85,35,87,10,30,0,16,18,64,90,90,46,79,18,80,79,27,48,1,0,81,93,75,93,66,91,5,73,2,87,52,63,54,37,56,65,86,41,89,22,50,49,56,62,17,28,34,41,67,13,29,69,44,41,17,84,58,67,41,26,36,22,54,19,73,3,87,37
60,31,31,97,22,64,84,37,94,88,13,75,58,12,23,53,6,11,57,89,34,54,77,55,2,41,24,57,78,83,97,59,4,31,71,29,92,79,78,82,87,62,43,82,57,27,39,60,93,30,33,23,87,58,26,88,45,76,42,6,31,82,85,77,38,85,72,43,17,42,33,21,46,35,35,94,3,3,23,31,16,59,40,83,65,25,81,6,21,39,45,14,75,88,6,73,54,52,2,82
88,41,66,70,44,58,49,79,84,24,81,25,10,52,47,57,87,61,21,87,27,11,68,56,28,65,47,70,9,84,6,68,34,68,26,29,58,52,45,76,10,58,10,18,5,81,12,93,6,3,28,73,17,96,19,9,58,25,5,16,1,13,55,74,39,14,62,50,42,20,12,82,10,48,74,90,64,20,69,90,85,11,20,75,92,60,6,53,54,23,36,43,59,84,29,3,30,57,45,18
21,23,17,64,3,20,97,73,3,60,2,16,5,1,59,9,85,45,82,43,68,25,71,15,35,49,96,28,80,51,85,64,52,7,89,63,11,97,2,7,50,18,5,81,10,49,45,76,62,35,10,64,15,69,63,20,74,14,49,29,36,54,3,96,45,15,38,35,6,26,19,77,0,88,80,31,83,51,0,54,25,73,90,91,28,17,37,3,86,90,31,85,50,4,91,46,30,20,82,19
29,60,34,30,87,38,2,67,88,23,46,53,32,79,59,58,38,87,18,79,96,94,54,85,96,38,93,46,9,17,29,61,35,56,7,25,46,38,4,76,58,89,60,75,69,2,92,11,6,32,81,4,45,16,79,77,79,12,17,20,16,15,5,58,57,72,0,44,21,47,4,31,52,88,18,86,74,89,33,66,63,65,9,70,59,64,21,85,50,54,6,93,17,12,52,1,3,25,35,50
0,14,4,12,51,34,96,93,81,37,90,28,14,88,25,97,44,57,84,80,34,68,9,91,6,55,57,88,60,31,49,60,71,5,48,42,23,81,69,77,21,45,88,81,66,62,54,13,22,15,4,98,90,38,2,32,42,25,4,0,88,14,14,0,2,44,18,94,75,98,47,44,61,26,94,21,40,59,80,83,55,15,18,77,71,16,52,71,88,41,18,84,85,54,50,32,61,6,88,12
36,58,4,83,39,46,52,83,23,10,50,2,70,92,21,87,72,22,1,80,50,88,10,1,12,95,65,75,96,7,29,3,17,3,76,23,62,88,51,76,56,33,70,13,46,46,17,24,19,3,19,43,43,57,44,87,59,40,18,25,59,20,18,0,98,26,77,55,2,81,78,67,10,3,94,46,29,10,71,62,48,93,87,77,23,48,28,21,78,23,86,86,35,4,29,39,57,91,69,75
22,3,21,6,42,67,63,41,97,55,6,94,48,54,17,12,97,18,87,60,80,46,89,46,22,51,64,99,51,65,50,55,28,26,60,2,92,31,24,24,48,78,94,55,51,67,16,66,51,14,72,84,78,3,10,65,17,2,98,25,23,26,6,63,11,49,44,66,67,57,63,68,45,54,11,19,76,32,22,2,96,84,72,52,27,72,35,0,0,20,36,61,86,93,17,4,23,44,20,28
51,30,62,46,32,35,10,39,99,77,1,64,32,41,93,73,60,42,90,50,20,90,81,38,83,97,89,45,80,28,80,61,78,26,18,21,12,22,66,51,77,58,98,16,43,41,77,35,32,9,0,90,75,87,53,61,40,92,88,81,6,64,89,28,45,57,35,73,39,7,7,74,62,15,88,71,49,3,79,45,52,97,25,70,18,44,36,77,81,76,35,90,41,76,1,82,14,67,85,30
28,0,93,85,49,92,57,71,42,31,0,40,72,58,40,50,34,7,55,52,91,66,86,51,69,45,75,71,61,8,91,16,63,55,97,16,35,49,19,66,78,97,62,47,63,52,34,52,37,99,49,71,93,42,32,9,38,14,16,83,25,8,66,72,96,32,78,98,47,65,99,31,57,70,11,20,9,47,99,65,20,42,14,49,20,84,63,82,84,36,74,49,51,70,90,72,35,26,96,72
82,90,89,86,3,38,39,65,75,90,47,86,96,4,98,76,48,28,49,84,91,82,27,46,50,76,43,30,20,61,44,89,31,42,92,11,88,0,88,10,1,23,58,34,99,69,66,5,36,14,67,97,79,17,98,89,67,61,9,53,35,66,45,38,39,87,78,54,96,4,96,8,66,52,7,49,35,10,1,48,56,66,21,63,64,16,28,35,65,88,47,61,60,16,83,99,73,87,61,91
0,18,98,67,78,54,36,15,79,87,0,80,10,48,34,77,23,31,23,28,9,2,42,38,27,32,3,92,22,15,78,27,6,87,23,87,90,18,87,56,86,2,97,30,3,55,44,39,70,7,54,43,35,91,10,24,84,29,67,80,33,95,12,49,71,71,5,59,30,86,76,61,42,93,14,81,77,97,77,74,86,43,89,41,94,99,34,92,83,59,13,40,63,47,61,57,55,25,50,76
17,3,13,0,73,16,18,90,4,36,18,48,59,47,81,54,94,78,12,28,85,35,1,75,88,27,15,83,59,5,86,13,96,17,68,95,1,10,30,65,3,50,2,47,34,8,73,89,24,76,70,86,56,24,65,90,95,11,31,3,73,24,39,55,38,68,62,85,9,31,4,33,71,29,75,78,13,34,17,71,63,57,61,41,69,31,55,25,76,70,5,85,62,77,99,98,80,43,99,58
53,44,66,4,47,46,39,1,25,59,66,32,81,81,65,33,20,99,78,31,4,46,1,18,55,64,49,10,73,76,59,82,72,32,48,67,48,33,3,0,47,62,22,11,59,36,61,51,54,96,95,74,63,9,22,41,62,38,33,98,70,50,9,74,60,32,92,97,5,6,11,91,77,36,63,93,75,53,31,45,21,87,97,67,48,33,85,54,61,50,44,43,19,40,47,92,80,67,76,88
99,1,42,51,33,15,17,54,93,14,17,53,18,67,96,89,52,92,2,9,62,17,53,48,35,28,23,66,80,77,19,89,62,73,41,42,37,50,22,49,8,45,8,38,90,93,96,78,82,67,49,2,75,38,96,94,66,48,5,35,28,79,26,75,69,0,81,74,79,2,40,7,85,51,32,43,79,84,85,54,31,86,45,61,62,30,70,57,49,45,67,43,16,24,71,31,48,29,67,30
69,46,86,71,3,24,88,63,71,0,48,35,42,73,76,79,57,63,10,36,23,83,3,74,52,1,56,97,40,63,82,46,69,95,77,87,15,76,81,71,68,6,92,15,8,76,72,38,10,84,8,8,29,42,34,0,76,17,17,84,65,59,61,18,10,44,99,40,32,15,79,36,12,5,62,83,60,99,33,0,35,47,96,17,75,38,40,85,44,97,40,77,30,34,7,38,83,98,86,53
95,89,38,67,85,18,12,30,23,30,61,60,55,16,7,3,88,23,29,74,52,91,3,16,23,82,5,19,78,63,14,12,79,66,6,54,61,72,16,73,20,5,75,82,86,35,80,73,13,45,72,58,76,98,53,36,70,84,7,56,46,70,61,66,41,42,26,11,46,75,78,60,20,31,50,50,27,77,19,47,77,67,95,17,0,19,15,2,40,0,8,8,95,48,89,55,97,36,87,89
90,36,28,74,35,34,83,45,92,89,52,55,73,67,80,91,52,12,91,26,15,38,78,37,72,11,81,2,90,50,61,40,16,34,52,40,83,20,33,81,68,80,64,7,80,63,4,28,40,25,39,27,3,58,3,55,79,23,9,44,84,26,84,25,59,94,13,37,39,74,34,84,7,65,42,63,43,13,14,61,49,29,90,46,19,59,84,68,11,15,42,72,72,26,87,46,29,71,23,83
77,0,88,73,29,77,22,81,33,91,36,8,69,48,93,94,96,3,20,61,92,71,11,67,26,32,76,93,17,82,71,80,46,58,76,60,85,95,1,3,31,94,0,55,49,15,59,5,50,9,25,99,90,24,88,29,25,45,37,49,91,46,28,36,57,0,6,53,21,71,66,29,84,18,59,13,34,37,16,5,79,36,33,77,5,37,34,9,89,17,50,18,91,27,26,16,98,50,18,33
72,18,41,36,37,15,96,50,10,34,28,58,98,1,41,39,1,6,12,1,27,64,49,72,36,34,58,12,94,12,87,94,10,67,58,64,37,69,37,22,62,39,72,93,45,85,93,53,18,76,66,66,91,34,9,39,60,14,95,72,61,58,79,78,51,31,6,13,57,60,80,81,11,24,63,54,72,90,53,47,64,94,68,71,88,6,97,95,98,19,77,19,6,71,96,96,23,21,72,58
97,44,18,84,71,71,65,29,76,77,0,86,99,73,19,10,23,70,6,77,86,58,88,46,6,65,98,4,71,85,84,60,20,8,31,97,4,42,30,37,25,94,91,44,87,84,42,96,19,57,83,56,40,11,33,1,52,70,35,82,21,0,67,63,82,10,27,6,68,29,71,39,70,57,74,47,92,72,5,84,37,46,58,75,84,44,7,39,9,52,73,38,14,77,92,74,20,40,89,90
33,11,83,14,23,9,21,98,6,92,44,3,28,27,1,65,2,95,14,13,44,77,77,76,78,21,79,86,38,52,82,17,29,32,27,60,77,64,31,97,65,20,28,33,5,30,97,51,94,80,82,98,22,62,87,65,89,59,68,34,35,80,66,87,66,93,17,98,52,21,82,88,74,85,52,85,32,64,42,98,12,86,80,35,67,3,55,24,39,23,20,40,88,29,13,33,86,17,31,63
55,83,48,95,99,70,93,80,68,21,48,7,85,1,27,20,46,48,64,97,41,2,38,37,76,83,79,10,87,65,68,45,11,28,42,79,17,7,25,74,21,53,86,28,47,6,43,60,59,61,24,28,25,87,42,96,16,54,39,53,24,48,17,65,19,98,7,90,17,5,66,30,72,40,70,3,31,8,13,17,19,98,33,29,4,95,81,71,31,42,78,28,45,62,92,58,40,82,25,58
5,96,27,9,97,94,94,43,73,48,32,36,66,2,80,4,99,41,70,47,86,31,76,42,89,88,23,25,21,16,82,2,86,10,69,75,59,23,46,4,1,93,0,96,31,75,4,90,44,78,13,67,44,8,65,99,26,73,50,66,91,40,19,82,85,74,11,87,58,34,52,2,96,95,29,91,90,3,43,94,57,37,86,44,10,55,36,60,63,42,91,1,45,98,64,83,84,73,53,14
3,97,6,18,68,99,24,50,68,20,55,20,36,98,78,70,83,22,50,3,32,22,0,1,36,26,92,39,17,89,71,8,70,62,57,82,2,52,80,84,69,28,53,44,23,94,80,41,88,23,7,58,5,89,12,46,40,52,61,32,66,30,69,36,46,3,93,16,11,79,61,62,60,48,36,38,32,96,20,4,37,4,27,0,26,80,64,90,0,8,81,72,89,42,4,91,20,70,42,7
49,91,48,16,54,28,74,90,9,0,19,44,48,54,30,41,43,58,2,55,96,93,17,25,12,44,27,72,47,92,7,59,2,72,48,77,10,32,33,17,8,75,35,12,16,65,23,41,31,68,40,22,1,93,56,66,29,37,83,53,60,73,58,64,32,3,45,2,61,44,66,69,35,72,22,33,67,89,99,92,36,89,22,34,63,14,24,12,19,31,31,0,46,17,49,79,37,95,55,19
46,40,89,52,61,0,24,7,78,18,90,95,2,9,50,56,69,17,19,93,97,98,87,97,94,48,44,70,35,77,15,3,74,80,18,69,65,94,99,45,84,80,20,44,3,25,74,16,35,66,66,14,13,96,67,65,95,62,85,83,96,84,36,95,40,27,48,24,85,15,69,84,41,71,28,53,48,92,29,61,38,69,73,32,10,32,11,24,46,74,42,53,47,17,86,39,69,23,92,17
4,42,2,12,86,7,32,1,53,7,4,20,54,54,59,46,35,3,12,66,87,54,77,16,47,70,38,46,81,98,6,93,85,47,60,92,39,7,10,16,90,97,85,56,58,65,38,80,74,27,69,30,17,96,75,44,66,6,39,69,51,90,30,18,58,47,45,69,15,49,38,18,83,83,10,19,71,50,20,46,18,80,51,53,64,74,55,85,83,94,13,60,71,33,20,26,38,57,52,19
19,99,26,16,0,96,74,75,12,81,70,0,23,1,24,2,21,46,40,36,97,93,20,2,94,32,79,96,53,9,21,25,66,74,12,0,46,80,38,44,14,2,87,67,37,50,6,78,28,89,37,0,2,48,5,48,72,23,40,80,15,24,1,0,61,26,26,48,23,44,81,76,88,60,33,62,28,52,69,45,36,76,67,0,85,77,43,98,0,2,63,74,24,66,51,92,20,95,94,67
16,43,7,69,35,76,98,80,28,86,75,79,17,81,74,18,18,31,42,99,75,17,96,95,84,14,67,72,53,5,48,57,10,9,72,31,83,79,47,7,69,40,74,43,0,1,37,25,37,83,30,92,76,84,38,37,55,44,33,21,23,20,66,66,79,79,17,87,2,99,4,98,7,99,49,49,93,23,30,62,65,4,44,20,19,79,46,98,5,84,14,47,84,32,86,94,56,44,53,21
51,17,85,70,14,78,56,71,95,21,11,51,24,7,75,85,14,33,44,29,50,3,57,73,32,33,49,66,82,69,20,77,12,65,61,49,14,70,64,51,95,14,73,94,81,75,91,64,46,68,92,90,98,85,86,4,96,42,35,81,63,25,38,86,29,99,1,21,55,22,52,70,60,77,24,29,32,20,29,84,34,82,82,53,89,53,74,23,84,85,76,94,89,89,92,1,67,59,17,64
5,75,44,3,95,36,19,50,93,23,8,99,39,73,9,54,71,47,36,88,63,24,43,31,42,12,41,5,6,49,97,52,32,88,93,39,7,97,92,44,48,43,72,70,0,59,82,33,28,79,0,48,9,37,73,59,12,94,78,95,9,29,49,52,72,25,85,26,89,22,53,95,73,64,50,56,91,53,81,27,9,86,22,18,48,54,26,59,10,4,13,19,77,98,24,4,34,23,15,43
9,85,79,96,69,75,80,63,32,15,14,51,36,92,7,68,25,80,18,9,39,21,92,93,73,98,43,41,16,25,68,3,14,27,41,33,50,60,20,32,88,13,48,89,30,36,74,15,10,39,45,11,17,86,62,80,42,67,82,73,87,95,69,18,84,36,29,84,17,89,26,62,2,67,88,17,8,10,43,51,23,99,26,75,91,90,44,93,91,6,76,78,76,42,15,95,20,24,25,80
78,81,84,55,91,8,26,87,48,63,51,91,59,20,46,51,12,1,72,11,73,0,39,15,53,90,94,55,66,51,10,29,85,37,56,96,15,2,22,39,35,46,53,83,87,22,1,70,70,36,48,7,75,91,81,16,95,85,36,86,65,8,24,59,43,15,49,16,45,48,88,78,6,35,85,89,15,44,15,29,8,18,36,17,6,20,7,73,31,70,43,43,57,29,66,78,74,75,92,28
30,45,79,31,43,15,23,51,69,12,43,86,2,36,34,0,49,15,73,10,71,42,54,11,59,4,94,43,51,55,12,8,89,31,84,61,60,61,68,6,84,97,94,15,51,37,52,82,65,92,90,67,73,59,1,10,83,59,94,44,47,34,57,31,22,36,59,83,83,90,39,77,62,86,12,82,1,61,89,12,97,10,64,49,83,49,21,91,36,4,95,67,44,61,63,30,87,13,64,98
86,21,72,9,11,40,53,17,79,77,38,45,86,95,81,83,19,14,33,51,63,32,12,99,59,74,10,77,29,78,7,11,99,95,83,86,60,27,77,7,85,40,29,31,32,45,62,25,31,41,33,74,67,52,95,64,81,45,55,8,63,79,27,70,96,51,9,32,29,24,87,44,19,63,52,74,74,22,82,43,45,35,57,47,85,10,18,26,80,92,65,74,30,32,37,56,39,69,29,66
9,93,96,0,29,69,75,28,60,28,47,81,40,42,10,99,12,47,6,42,74,50,93,15,61,77,5,76,62,78,20,12,72,51,16,24,47,82,24,27,35,65,35,71,11,22,95,13,9,7,27,94,2,80,21,37,69,46,54,94,52,1,20,96,39,93,39,59,37,63,89,15,75,59,7,62,64,61,88,14,7,13,48,36,87,4,15,78,1,66,94,18,16,42,63,64,54,61,48,52
83,43,9,34,23,91,15,41,86,2,50,90,23,47,11,87,35,70,71,58,67,23,63,16,72,10,28,52,92,66,1,41,86,87,93,10,52,5,90,87,64,90,23,65,45,68,30,23,8,89,11,63,15,83,66,57,43,13,84,46,70,19,60,49,68,14,87,95,45,21,78,10,24,59,34,70,60,11,10,44,32,69,17,91,58,20,67,15,89,5,10,4,67,98,37,25,62,32,65,47
67,75,53,74,53,73,64,78,80,78,79,46,22,55,32,58,80,8,73,96,98,12,30,98,84,29,38,63,28,58,50,40,69,54,32,93,63,95,39,16,78,19,88,74,25,22,33,49,92,48,38,43,61,46,44,26,44,13,13,85,86,76,35,34,60,32,51,36,82,37,78,41,86,47,94,58,39,18,78,92,74,4,32,52,44,82,28,50,12,51,28,13,41,40,75,86,71,83,17,80
78,28,17,9,59,50,89,64,67,76,17,15,79,0,0,19,58,20,63,46,91,73,12,65,23,72,66,44,35,77,59,84,67,43,92,4,93,36,65,59,69,56,41,81,91,64,49,0,31,21,93,20,38,72,52,72,61,40,20,40,67,4,97,20,53,26,36,45,14,61,46,75,93,16,35,63,73,12,81,8,3,84,60,74,8,84,55,90,80,47,58,81,48,41,79,48,4,74,52,73
11,1,31,20,63,70,14,33,66,24,38,98,54,18,74,48,14,64,40,20,18,33,47,24,70,89,13,76,8,90,37,3,54,72,17,71,35,10,30,98,5,71,53,66,80,18,50,63,24,78,84,12,93,59,71,53,24,98,42,52,61,19,37,56,47,65,80,54,5,71,3,59,67,35,26,83,17,28,80,31,61,81,11,8,15,84,82,91,58,29,47,85,43,0,58,20,69,2,84,31
5,61,10,51,67,14,76,80,62,33,93,28,53,52,61,95,50,29,93,63,29,34,40,58,26,46,95,22,49,90,1,5,39,97,66,63,46,93,29,74,21,80,15,73,81,33,33,97,48,93,3,96,61,84,57,23,2,84,25,87,27,4,50,28,99,82,67,39,87,41,11,94,39,6,97,75,21,10,76,38,7,8,45,63,61,25,62,72,71,42,27,19,53,77,28,96,85,89,53,19
55,4,39,57,84,22,24,94,44,8,90,38,93,23,89,24,42,0,18,53,34,85,45,93,26,53,15,42,97,21,97,90,89,3,68,30,16,64,58,45,3,27,23,81,24,93,17,11,43,36,26,62,29,32,47,6,4,4,39,96,39,86,18,89,74,22,80,49,64,97,46,53,25,79,98,76,35,14,32,91,12,78,18,20,69,51,70,50,19,62,95,20,35,65,52,23,30,37,25,26
82,89,24,69,59,32,73,10,65,79,3,53,91,83,14,85,27,75,53,60,68,63,76,40,61,5,76,77,0,91,20,61,67,82,84,94,56,50,66,23,32,44,0,96,49,73,41,55,81,84,72,57,91,3,34,70,90,86,65,3,44,22,37,90,16,34,31,36,61,85,34,79,11,28,61,5,85,93,24,85,36,64,99,25,35,14,53,22,4,33,3,25,47,73,47,42,23,73,52,91
97,25,72,30,78,11,34,88,21,83,79,11,73,98,27,55,8,88,93,94,68,74,42,98,5,51,20,20,34,46,36,26,5,33,98,44,32,9,21,16,5,43,70,42,90,11,47,84,11,44,9,87,70,24,11,82,17,94,6,63,31,1,53,49,16,47,54,82,39,63,88,58,78,25,84,88,13,1,63,72,68,68,74,6,75,51,61,3,0,4,98,17,79,59,69,2,47,21,69,22
70,45,74,14,31,9,19,87,4,48,12,98,82,6,44,6,33,11,20,31,21,58,4,34,59,7,48,51,70,80,23,46,37,78,36,75,73,6,21,37,49,74,81,87,82,43,59,83,74,82,37,71,49,40,11,40,38,97,4,13,52,65,52,73,40,74,4,99,8,10,59,96,18,54,86,47,47,55,50,41,96,41,71,90,19,74,68,20,59,62,71,71,73,78,51,43,59,93,4,99
11,59,33,75,69,73,63,9,90,30,86,68,29,22,42,17,16,8,36,91,52,33,72,66,58,92,33,9,94,64,48,18,14,47,22,14,88,77,69,46,94,44,11,36,51,96,54,96,79,86,76,24,51,27,71,90,51,43,38,73,73,23,98,46,42,0,71,98,45,38,19,69,68,53,25,98,40,88,96,78,65,12,11,99,10,27,17,6,91,38,58,93,40,13,48,75,55,67,64,77
7,34,9,4,63,53,16,21,62,13,7,0,89,21,99,84,56,50,49,55,78,11,12,8,63,14,1,71,96,92,37,25,10,24,88,72,36,88,79,68,7,95,71,82,24,31,46,79,45,99,39,5,58,65,89,13,78,79,10,96,2,23,22,17,29,13,59,72,51,1,83,65,98,79,25,15,29,4,90,33,8,94,16,43,68,43,21,39,9,31,37,18,48,12,86,49,30,79,38,62
15,66,28,48,54,92,0,80,25,78,11,80,91,0,6,78,87,75,96,23,53,98,4,90,19,23,62,45,0,86,37,31,92,53,98,15,41,71,72,36,16,79,11,62,57,72,19,14,72,87,58,2,56,93,86,24,22,4,46,89,59,97,49,42,19,52,12,15,2,79,49,57,97,88,72,90,54,63,91,86,46,61,6,33,59,15,60,60,70,54,14,98,67,96,69,1,44,9,60,69
88,89,16,25,57,45,99,64,62,36,76,99,98,39,73,46,70,81,29,85,90,19,93,22,40,84,53,81,2,77,44,92,21,15,64,80,27,98,16,88,1,87,0,33,59,94,47,71,70,54,45,84,23,61,53,39,82,52,74,65,89,80,1,40,48,0,29,88,11,3,15,70,19,89,62,15,95,78,44,87,29,55,88,93,96,82,0,16,69,72,66,51,59,86,26,69,37,10,15,78
26,68,99,35,48,25,35,46,90,95,44,59,20,75,23,39,82,0,42,25,37,73,16,0,1,7,1,59,56,65,83,89,68,72,33,14,72,55,77,90,85,8,38,45,0,74,37,31,29,76,29,79,86,66,73,47,89,42,84,98,1,61,8,71,76,73,45,54,31,80,46,86,99,7,75,86,7,81,70,76,68,30,7,44,88,68,31,29,15,9,32,51,0,51,75,73,91,54,67,97
77,20,62,51,25,71,67,71,7,3,26,76,71,18,14,66,7,34,81,66,98,7,97,57,21,70,18,27,8,18,83,35,70,38,71,21,47,31,93,71,46,36,58,8,19,56,44,95,19,13,51,73,67,31,10,32,60,79,11,32,12,26,84,26,78,62,31,23,72,1,31,74,94,49,13,71,0,20,73,13,96,28,61,99,26,15,24,56,65,49,65,9,70,91,11,99,57,69,69,46
13,27,19,12,5,66,36,55,1,89,11,99,46,83,44,28,1,13,47,45,12,17,49,49,3,39,52,7,0,74,22,85,57,70,42,9,5,41,17,13,66,1,72,13,18,95,11,75,3,26,59,27,57,18,77,65,55,51,51,25,53,89,16,85,88,22,20,62,25,33,38,20,45,6,77,24,98,27,74,41,74,14,36,35,36,0,95,61,53,19,91,53,1,31,1,58,28,76,92,33
72,3,22,38,55,6,50,18,31,79,94,90,30,37,9,19,53,80,47,49,17,19,10,91,88,3,85,48,26,45,36,56,80,17,2,52,55,55,35,1,41,68,22,17,36,55,80,69,1,1,43,68,52,6,82,51,87,70,34,78,13,44,2,18,28,43,48,81,54,10,67,56,21,10,82,71,8,48,3,52,78,96,1,22,86,82,35,69,0,15,58,37,90,56,91,23,35,23,46,95
43,16,19,75,53,96,55,68,21,28,46,72,97,20,88,13,50,78,91,54,41,86,68,0,72,5,66,83,11,60,96,55,79,3,55,90,71,18,31,71,75,98,27,34,66,97,5,75,60,9,64,49,8,16,25,40,85,42,85,82,75,23,8,80,61,96,95,9,57,0,28,41,88,44,32,32,90,84,79,29,21,0,68,17,14,96,35,17,89,65,74,81,15,14,32,67,27,66,35,20
13,7,82,26,73,12,62,96,19,64,94,30,93,80,9,56,60,67,76,19,89,44,26,75,27,57,3,96,45,67,54,0,69,31,35,1,48,80,81,60,82,66,22,31,87,43,39,66,32,56,95,25,52,9,89,55,59,46,6,78,20,94,1,28,75,42,25,63,5,14,53,34,24,25,99,92,64,30,64,53,92,52,81,63,7,70,14,87,67,80,35,62,35,78,76,12,25,19,83,72
31,11,26,61,99,1,54,0,59,45,26,54,3,46,25,11,18,4,79,7,7,28,72,4,79,77,99,80,65,47,70,35,87,91,55,66,97,7,22,92,29,56,30,74,4,90,3,63,76,35,34,9,87,0,77,15,96,21,57,12,33,48,8,53,72,62,33,35,16,30,72,44,93,11,68,56,97,61,87,60,69,63,84,62,79,8,24,28,61,67,51,8,83,22,87,1,67,36,40,50
14,19,62,47,80,26,96,56,45,74,42,85,82,8,13,39,59,55,63,67,51,64,81,81,38,60,35,81,20,25,71,57,65,5,22,6,49,96,13,10,99,77,35,59,51,33,16,83,83,85,85,51,85,26,3,46,34,54,50,90,57,36,68,70,31,64,84,33,17,67,80,2,1,91,38,66,11,36,46,54,23,58,95,57,87,50,89,30,90,44,66,27,97,39,85,12,51,89,18,55
24,29,65,25,94,16,11,25,59,84,51,48,55,80,83,65,55,64,70,75,16,19,54,10,86,88,11,19,44,52,62,69,33,0,44,33,14,42,39,77,82,52,31,97,39,12,95,42,66,51,15,77,43,19,67,80,24,25,73,4,24,43,47,63,88,82,4,52,44,84,29,90,37,13,54,89,16,84,6,81,67,69,56,90,7,23,31,72,36,20,1,25,30,44,70,72,98,0,3,29
98,51,65,27,63,28,63,77,96,83,5,22,39,89,33,43,92,3,76,64,58,98,5,48,22,15,13,73,35,50,59,20,15,61,52,57,57,27,47,4,92,58,99,80,45,70,93,65,74,12,97,89,89,68,86,95,91,27,62,2,38,12,69,97,31,85,69,56,94,63,86,70,80,32,60,48,51,22,74,7,45,17,19,2,98,72,64,24,23,76,20,2,8,6,96,24,66,20,84,99
39,48,16,7,33,98,4,10,81,87,70,45,49,50,93,73,36,83,51,19,5,99,24,54,40,80,90,54,40,57,66,75,72,2,84,99,73,62,52,85,16,30,86,19,94,32,43,59,87,44,86,38,5,3,41,89,10,61,21,94,49,85,85,99,44,85,88,74,18,67,27,22,91,19,89,45,96,58,93,99,89,33,90,98,7,0,39,81,40,35,6,3,21,67,59,65,95,8,42,65
90,30,89,84,7,35,37,83,55,85,48,30,3,85,39,44,75,39,26,63,59,85,41,51,32,19,92,75,74,17,75,66,2,38,2,80,40,75,92,62,67,4,43,88,20,31,57,10,13,40,11,42,22,58,73,50,6,18,22,57,33,2,58,47,39,20,79,30,61,62,91,57,64,20,14,56,37,93,27,34,9,41,89,72,86,43,92,6,72,31,39,32,99,81,25,7,87,86,79,34
7,79,29,44,2,72,29,87,1,9,23,31,71,49,0,22,74,36,96,4,0,3,26,0,32,60,98,6,60,75,19,79,13,78,48,39,97,68,89,89,50,1,51,94,51,77,52,71,92,98,30,45,55,65,75,81,77,84,86,68,97,24,29,94,91,34,6,26,50,37,41,38,68,27,84,1,13,67,78,41,60,55,66,68,73,82,99,18,70,30,17,14,89,52,47,86,14,29,84,53
87,14,54,29,24,68,81,49,29,34,53,37,83,60,79,89,55,36,53,52,98,12,38,26,26,64,92,36,14,1,38,85,49,43,74,26,81,72,8,35,32,91,89,2,4,76,26,64,27,42,41,50,42,95,87,82,27,19,13,72,26,56,20,20,60,5,27,19,56,7,47,14,36,5,59,22,12,25,43,65,90,5,60,93,37,31,30,29,39,65,0,98,87,80,13,0,73,64,8,18
13,37,63,22,62,77,26,82,35,10,94,96,61,59,49,85,72,27,56,15,84,39,99,61,52,58,82,52,2,39,58,55,83,97,88,59,6,14,58,41,76,2,87,46,10,84,96,10,26,49,32,24,93,88,78,58,94,66,75,68,37,54,40,43,90,1,33,93,73,12,11,44,96,11,29,10,6,27,1,27,36,28,0,65,14,53,71,40,77,36,4,8,96,97,54,10,88,43,60,73
29,80,38,11,82,7,25,31,34,32,77,85,73,11,54,0,59,65,20,60,75,20,69,49,56,77,88,60,54,29,31,9,75,41,10,61,66,28,95,67,32,92,23,47,50,35,43,51,47,20,24,14,55,74,65,58,70,14,54,12,10,57,67,71,64,68,15,8,26,88,19,22,2,38,83,42,11,77,67,33,20,15,8,17,47,29,33,58,49,98,45,7,28,76,83,46,2,24,34,97
43,80,4,94,90,14,34,42,19,15,41,54,37,89,98,38,87,51,97,67,68,80,84,93,27,47,93,18,55,74,30,23,31,28,40,24,38,97,86,98,50,42,3,14,82,51,92,9,8,62,81,32,57,21,64,37,0,64,71,7,73,28,19,64,90,20,1,69,1,75,37,95,37,30,35,5,23,60,66,49,82,72,20,37,62,31,88,0,34,16,54,74,78,57,97,8,56,52,4,96
86,6,83,1,96,43,98,20,76,24,10,59,76,63,67,3,69,10,80,6,62,15,86,89,8,2,61,69,43,51,24,1,75,56,10,56,22,53,3,49,5,76,62,27,3,36,18,60,61,89,20,62,52,88,11,82,45,41,38,5,94,63,47,40,95,77,36,43,72,52,64,2,50,96,49,64,30,11,41,74,25,8,24,77,78,45,52,20,27,62,76,52,35,55,75,97,25,28,97,42
45,71,35,14,76,70,96,47,5,36,88,36,27,15,9,78,39,81,42,47,12,84,92,56,70,50,41,5,71,57,39,39,17,4,17,1,57,8,93,88,14,55,90,38,14,27,70,82,97,27,97,43,19,35,97,59,24,25,61,54,12,5,76,92,26,65,18,47,74,22,10,62,14,76,52,52,26,32,68,13,64,37,29,44,59,92,87,61,69,73,94,62,52,7,79,13,89,68,62,49
7,83,2,18,56,51,66,66,55,93,73,7,29,9,9,31,74,10,14,99,0,92,61,16,71,60,40,24,1,95,24,13,40,83,70,40,81,71,84,77,21,98,67,99,48,92,67,70,79,17,19,73,41,91,39,36,69,51,76,95,32,11,45,57,94,23,49,91,96,6,10,47,56,64,94,70,4,50,37,99,86,62,53,47,25,70,29,74,98,96,90,78,86,0,81,52,95,10,91,16
34,2,39,14,83,62,44,71,14,83,55,85,26,56,96,24,68,9,62,54,6,88,30,82,48,74,32,98,60,76,12,70,38,52,40,69,84,92,3,83,65,19,99,44,53,36,28,69,77,96,13,13,49,46,72,59,21,13,93,3,22,14,1,55,74,49,5,72,26,47,46,90,97,74,99,33,38,61,46,38,85,94,57,98,87,3,73,69,94,73,14,71,55,72,85,37,90,67,13,15
54,27,89,19,48,4,33,34,53,84,65,14,67,69,31,36,40,62,8,35,63,82,61,39,17,72,56,72,79,43,62,43,82,94,53,35,75,0,75,52,2,64,86,46,76,95,43,77,56,59,41,78,43,47,23,9,26,48,2,57,49,13,94,30,3,98,41,26,61,24,73,12,73,33,55,49,39,62,84,69,27,43,13,58,94,6,95,7,0,92,12,36,91,53,58,38,53,23,1,80
55,70,89,33,50,72,54,60,25,28,35,18,93,97,67,66,81,85,11,8,45,71,69,45,69,91,70,42,20,92,74,84,20,80,13,71,1,40,62,87,33,22,37,77,90,54,91,47,96,45,17,0,39,9,78,51,92,6,89,6,84,81,35,46,74,32,90,54,62,57,0,78,32,81,39,47,58,81,9,24,10,3,30,72,32,39,69,91,60,4,56,42,45,11,32,96,69,35,24,27
97,88,18,88,49,75,20,95,78,66,78,83,44,21,30,22,34,72,56,88,56,83,3,91,28,5,5,48,62,97,43,0,75,33,46,66,37,9,47,9,56,26,77,17,69,36,60,12,56,73,58,71,41,29,2,95,15,24,55,54,96,38,34,75,98,71,28,15,92,86,31,57,65,12,18,5,33,96,53,20,13,13,20,96,14,84,57,60,83,26,92,80,16,90,62,35,11,14,6,0
61,80,49,83,78,85,90,61,50,45,90,60,75,40,52,39,12,13,91,89,97,50,43,80,62,85,75,36,10,54,6,21,0,98,1,7,29,0,28,90,17,10,76,35,53,11,32,51,30,40,42,58,3,14,29,86,97,39,69,90,71,20,15,78,10,43,70,18,3,41,64,23,61,89,26,58,19,29,4,48,29,69,88,67,3,38,0,92,90,8,32,77,51,44,10,58,27,69,42,11
85,85,46,29,4,37,3,63,92,31,94,52,24,48,17,96,99,6,99,24,64,51,95,14,80,17,26,13,42,30,3,77,29,64,59,88,2,5,58,35,58,52,96,49,48,45,23,13,96,27,26,30,87,18,19,47,7,67,35,57,40,24,22,30,21,24,86,20,8,87,88,23,20,28,45,36,93,24,8,39,67,29,90,99,56,35,68,42,57,78,61,48,88,25,51,94,23,83,39,28
61,97,37,22,58,72,66,12,38,93,45,93,95,35,42,55,3,71,2,18,8,71,88,7,15,78,41,15,77,57,86,17,94,32,64,96,32,95,77,54,51,43,66,63,27,97,62,66,55,94,84,11,86,74,85,9,44,23,5,94,94,73,36,94,19,96,11,61,14,58,12,50,85,12,43,73,37,63,90,87,65,32,52,89,5,22,55,11,36,60,87,52,49,35,8,12,83,57,84,17
80,40,23,7,72,30,99,67,75,10,27,79,32,33,72,0,55,39,43,97,78,81,15,84,64,0,39,59,58,31,84,85,90,21,36,82,87,2,72,41,59,6,48,90,21,65,92,13,66,34,92,34,47,13,77,34,33,51,7,58,82,90,42,91,0,30,29,55,10,76,96,12,92,86,93,23,44,12,42,39,16,42,89,67,90,2,76,38,62,20,86,86,48,2,24,9,86,50,41,65
38,29,91,47,9,18,7,23,0,30,20,18,87,87,21,36,24,87,97,32,22,16,43,59,58,78,32,58,4,22,77,69,63,47,79,53,72,18,65,37,93,34,27,10,93,34,57,92,92,63,28,57,81,67,31,4,40,80,3,86,78,69,39,47,88,38,30,40,24,64,39,58,28,34,91,59,61,94,3,8,59,15,65,87,7,23,49,30,1,10,41,81,17,36,93,66,74,24,18,12
53,49,13,22,60,36,0,77,3,40,26,24,97,68,32,96,35,19,49,33,58,18,74,16,39,97,74,11,60,12,92,95,71,51,28,9,14,14,6,73,58,31,55,11,61,40,44,63,11,4,95,20,22,50,41,49,49,23,23,42,63,46,51,62,30,85,15,42,94,86,92,25,56,79,48,26,67,0,26,40,46,8,32,48,30,3,75,34,31,87,59,6,22,5,46,22,17,56,42,70
91,61,71,43,28,77,87,92,57,60,78,7,12,63,94,29,81,85,48,26,14,52,78,28,54,71,68,2,50,63,77,92,54,51,39,10,2,77,43,15,92,60,84,8,81,71,32,82,8,8,8,41,12,59,12,19,99,22,2,62,32,42,49,17,74,76,63,86,98,33,9,12,18,68,39,76,53,58,39,16,71,52,46,27,10,2,38,49,40,83,64,54,55,82,57,93,28,24,69,23
91,79,12,58,47,35,4,50,0,20,69,55,65,17,52,17,5,8,39,83,9,30,33,34,79,47,14,23,31,22,19,46,99,79,40,71,94,47,31,85,82,20,77,94,14,91,24,57,31,30,11,52,75,51,39,54,57,35,74,80,7,72,82,57,61,20,97,52,0,14,24,75,31,78,47,6,87,93,54,25,66,63,30,22,94,62,36,43,11,72,27,88,14,1,62,42,53,18,32,61
52,66,11,48,99,91,84,58,76,1,60,3,64,84,73,46,65,39,33,48,90,90,93,67,78,24,50,56,11,14,24,93,99,29,55,82,43,31,46,48,8,93,1,1,51,84,63,28,92,2,2,53,14,68,46,76,3,31,80,3,59,99,61,77,96,56,73,46,65,80,52,53,83,79,44,47,21,47,53,51,44,51,10,34,31,70,8,7,18,56,82,59,65,10,31,16,4,51,9,57
