13,91,98,64,93,13,58,30,83,21,92,46,24,78,94,24,56,28,33,93,77,2,48,35,86,37,63,21,83,25,23,14,27,33,70,57,43,51,15,63,70,78,81,70,55,96,17,94,6,17,80,78,75,6,66,97,90,86,88,43,32,11,59,47,67,65,25,55,91,37,99,23,61,49,86,15,46,92,97,24,69,5,75,22,99,16,17,20,28,93,78,8,23,6,14,55,94,92,42,69
96,9,54,90,28,37,39,21,10,42,28,78,98,54,3,24,25,42,24,76,48,46,21,61,5,96,94,77,25,12,98,84,44,70,63,56,31,71,58,70,7,86,70,65,11,28,39,65,24,26,8,5,71,91,98,10,73,87,48,77,66,72,27,12,55,51,88,22,81,65,57,40,12,88,45,75,50,50,23,36,25,90,98,72,11,91,80,18,67,9,80,7,71,57,55,52,2,33,35,3
8,63,3,20,13,44,95,90,37,84,16,79,75,68,3,60,77,15,31,14,77,59,74,15,50,78,78,18,0,77,64,26,71,67,49,37,51,6,57,36,6,23,97,60,87,85,62,1,34,57,4,42,56,49,62,57,29,20,94,31,78,33,17,9,30,72,17,68,73,9,95,59,75,66,46,23,76,82,2,23,52,53,30,30,27,79,87,46,90,61,97,58,12,30,24,99,57,75,93,49
28,7,1,6,38,18,39,5,63,93,26,86,73,34,13,57,83,73,38,44,79,36,6,37,97,44,70,5,12,42,33,11,84,10,6,50,18,94,49,30,47,23,15,10,75,56,69,75,19,47,3,69,87,18,17,37,81,19,47,53,19,5,23,99,80,91,0,1,54,79,19,86,77,92,45,64,68,28,51,42,64,41,1,28,41,26,51,53,26,7,83,61,78,99,57,29,9,87,17,0
88,19,9,12,48,79,83,51,51,77,46,8,9,59,98,5,43,49,47,54,93,88,70,8,53,60,70,40,74,12,89,92,63,73,48,25,93,66,87,82,59,51,30,1,72,56,76,48,32,42,25,36,0,49,87,6,88,41,79,53,31,35,58,88,71,14,47,52,99,40,95,51,26,87,28,39,1,14,8,98,20,69,81,90,15,20,63,35,0,77,30,96,14,4,42,56,15,68,94,15
79,72,60,30,50,16,47,7,85,11,78,61,6,67,16,1,37,99,42,67,95,56,25,48,20,74,27,4,85,59,13,51,53,48,29,25,73,51,83,44,32,92,49,91,44,7,73,77,55,92,19,38,10,7,27,14,8,19,15,84,84,42,13,51,92,62,12,53,42,39,4,36,73,81,87,95,97,81,33,13,76,85,28,9,97,45,53,42,43,58,90,97,4,53,41,33,80,39,3,79
13,64,51,96,20,38,34,9,45,90,58,58,73,91,67,71,5,15,6,39,0,82,90,10,85,85,21,70,23,3,35,18,81,59,7,36,58,3,75,57,88,38,42,0,17,74,65,7,68,52,82,30,17,9,93,78,99,25,78,69,78,70,84,10,28,60,44,3,87,56,65,4,90,56,12,98,17,94,70,75,55,13,25,98,58,5,68,87,82,33,6,47,99,44,26,47,21,25,50,54
90,93,2,16,19,4,29,5,1,39,21,55,95,64,0,89,92,15,39,36,26,26,40,60,26,41,16,25,32,8,54,13,80,26,92,59,39,22,51,8,4,65,11,45,30,64,18,36,90,3,61,98,27,47,85,72,58,61,31,57,81,81,47,59,80,98,28,40,38,59,96,37,50,88,60,10,13,23,79,50,77,37,8,71,57,49,83,86,64,83,99,57,28,59,13,85,15,27,14,63
8,27,8,30,32,11,44,35,97,1,63,33,49,49,22,57,56,63,72,63,27,29,76,23,89,34,41,50,36,99,29,0,73,65,13,47,42,40,79,83,36,38,51,98,61,31,80,82,84,18,31,54,32,70,2,10,12,15,90,11,80,64,11,43,1,13,9,33,47,97,24,42,40,59,26,21,21,63,66,40,33,9,25,16,74,17,80,42,73,13,52,68,86,20,26,28,77,39,79,96
71,87,69,0,68,88,9,5,91,73,67,30,84,68,72,41,22,71,63,59,24,93,68,17,95,32,39,12,51,92,76,40,15,79,44,93,87,99,42,63,72,28,17,68,35,24,35,12,4,24,23,65,21,62,24,57,90,68,89,2,60,48,46,64,87,55,85,30,83,54,95,10,78,14,66,47,83,12,58,2,39,92,71,5,4,80,62,5,40,8,70,22,16,74,79,81,70,0,98,1
58,41,47,47,41,77,7,5,16,92,46,67,87,43,73,93,50,20,34,60,25,68,40,80,12,54,27,90,97,14,37,60,42,39,79,34,16,31,63,16,55,1,78,86,73,57,51,11,77,65,38,31,52,92,60,36,54,81,12,0,67,93,31,82,62,48,77,2,68,66,48,71,18,3,22,68,88,82,34,30,86,92,76,66,33,23,66,2,63,38,16,99,69,36,28,99,42,33,83,25
88,3,16,74,70,56,31,85,98,66,10,34,37,72,87,80,21,31,34,63,48,65,26,43,94,97,84,75,73,85,73,60,25,82,8,61,64,99,87,20,12,97,50,12,67,61,44,63,80,74,15,10,31,67,38,35,7,83,70,87,33,1,73,6,70,83,28,4,50,13,76,10,12,58,56,22,50,64,30,4,5,70,58,55,90,47,17,16,56,1,68,49,1,80,13,37,52,66,55,92
82,8,22,87,54,91,22,70,91,72,81,70,73,89,31,66,55,38,46,97,88,21,0,11,25,34,8,90,75,58,54,59,50,27,83,70,57,38,69,35,67,2,61,83,59,16,2,11,44,55,45,75,63,69,30,88,93,12,31,36,70,73,62,39,92,31,25,60,34,72,41,40,96,25,42,63,52,43,62,94,59,39,83,50,10,42,16,0,61,1,12,56,5,98,64,95,98,91,3,24
44,69,85,64,56,73,29,32,75,58,53,96,58,92,51,1,88,8,8,19,77,38,85,46,41,24,67,51,38,32,46,40,60,21,30,20,37,31,29,88,77,85,89,91,83,45,17,37,98,63,23,61,1,82,2,33,94,68,54,51,83,13,44,85,37,28,52,69,85,34,67,92,33,56,38,85,88,96,29,98,80,39,69,86,41,62,97,14,7,3,64,83,0,15,55,74,92,38,99,24
30,35,61,3,88,95,46,77,56,61,20,72,29,12,2,47,77,92,24,9,24,83,90,20,83,64,71,93,8,67,39,83,22,53,77,14,21,34,64,43,99,36,97,66,42,66,33,95,53,43,90,33,75,65,32,65,67,27,6,3,82,23,19,76,19,96,95,13,85,24,23,31,92,58,76,64,70,96,8,30,45,88,12,39,97,81,61,53,80,25,50,4,50,93,60,22,7,73,1,15
4,47,64,94,53,42,77,16,26,80,53,60,61,69,12,27,32,23,3,18,61,68,90,39,7,95,46,5,81,27,17,49,48,21,18,78,13,21,49,48,73,80,29,21,17,22,52,72,72,43,80,4,96,68,30,25,1,3,13,62,24,99,78,42,68,47,27,41,40,86,35,56,84,62,95,26,90,14,95,67,52,32,65,53,40,20,11,33,37,15,68,91,26,16,40,72,98,53,69,42
6,66,3,78,34,64,17,89,90,17,58,39,9,56,57,98,57,20,8,80,35,1,77,22,90,71,28,61,27,79,49,45,46,76,10,0,40,3,1,92,18,24,48,86,87,90,2,52,39,25,77,14,46,62,10,46,80,23,25,81,42,13,19,6,66,16,43,22,17,47,56,54,3,54,21,10,48,57,94,66,38,22,35,38,6,46,23,23,56,24,7,29,79,67,99,70,97,11,50,21
58,80,49,55,47,47,1,59,99,46,78,48,6,91,93,2,8,37,2,37,97,83,39,81,51,53,72,43,91,0,71,53,90,74,26,63,31,60,53,46,6,62,26,38,99,69,63,31,24,95,54,40,73,51,96,73,90,39,48,43,16,64,35,82,46,5,81,62,52,1,16,59,77,43,2,32,73,99,73,12,17,19,10,32,83,88,62,76,47,72,1,57,92,38,49,55,22,25,43,33
36,36,54,34,45,38,29,35,16,94,60,15,20,79,11,86,15,19,37,39,31,34,43,29,80,2,41,65,1,29,0,30,81,23,7,98,98,39,80,5,0,85,15,85,24,90,32,9,69,0,26,14,89,79,12,27,10,21,20,88,95,39,52,83,21,6,4,24,87,66,55,60,37,33,2,17,86,23,7,44,29,77,52,24,82,1,86,7,55,94,17,27,29,61,58,67,26,72,32,63
8,66,58,7,91,13,89,84,29,16,50,22,19,16,83,42,93,2,30,29,55,78,4,71,75,77,87,10,58,25,84,81,14,73,52,2,46,25,5,18,78,47,14,28,67,81,43,71,95,43,64,66,34,56,93,11,76,1,87,68,47,38,82,83,17,2,55,53,47,38,37,38,37,89,51,87,77,55,77,88,44,16,48,61,56,24,53,77,41,22,94,46,27,58,44,40,56,32,73,0
28,23,34,77,33,50,53,24,22,30,52,77,75,73,57,22,94,35,79,70,61,76,68,19,24,82,41,86,4,29,23,80,10,56,78,11,26,98,7,17,96,95,36,93,84,94,73,29,66,56,7,81,97,67,64,2,5,53,66,94,4,67,84,79,62,50,19,31,33,49,71,40,88,77,74,2,12,99,50,26,53,84,38,0,44,7,23,53,54,67,65,51,33,35,58,11,54,93,36,78
90,47,67,92,62,37,13,5,59,55,57,5,80,70,23,92,19,40,25,19,34,5,36,26,42,21,35,39,79,35,90,8,60,36,47,77,6,22,37,45,96,44,53,55,61,63,74,96,77,21,22,48,67,18,63,79,88,69,36,23,86,71,76,72,67,75,17,63,49,20,70,92,23,36,76,83,30,90,19,69,35,8,61,61,96,47,44,62,26,43,1,8,9,62,10,91,28,34,51,87
69,16,57,51,17,57,8,5,77,39,19,59,44,31,87,48,13,87,93,22,9,91,1,40,70,26,56,25,59,27,94,95,15,5,21,69,18,61,74,61,20,3,25,26,9,44,24,3,90,42,33,31,37,77,18,17,71,59,42,5,67,40,70,81,28,16,82,99,9,21,13,99,81,73,1,77,2,37,36,29,99,29,73,83,9,9,70,25,10,55,29,92,45,95,19,56,86,72,5,25
95,49,67,83,98,65,92,77,85,95,75,14,44,51,15,48,89,78,10,18,97,37,56,13,28,49,44,60,23,21,21,30,71,73,10,62,89,84,4,49,73,70,8,6,92,49,53,67,74,14,45,3,86,10,84,26,65,42,43,73,33,68,10,31,74,53,75,34,64,65,75,62,0,26,76,41,9,98,51,43,8,27,1,41,96,0,72,33,39,18,22,48,74,52,68,68,35,41,98,97
26,61,13,52,79,75,27,20,95,46,55,9,14,34,56,14,18,3,60,66,15,97,41,3,8,38,48,40,87,89,91,58,18,3,72,30,61,17,49,37,56,2,43,21,16,63,51,83,54,53,80,42,40,79,10,92,77,53,5,16,77,44,29,33,74,60,50,37,2,80,9,22,13,41,58,50,39,94,38,73,83,89,12,41,55,39,3,66,20,94,79,20,18,4,81,38,49,75,71,21
19,68,49,70,82,40,81,69,35,79,12,43,16,52,25,23,16,63,10,29,76,11,99,11,90,99,99,86,18,84,89,61,92,44,95,81,11,2,22,33,31,46,43,49,39,52,18,91,78,65,40,33,39,75,0,30,68,31,43,27,43,84,70,30,80,38,3,7,84,88,19,40,36,83,77,83,75,17,0,10,97,99,0,58,32,23,74,37,72,50,73,27,15,62,69,28,12,68,91,45
57,25,51,12,41,6,51,89,36,98,1,79,86,55,93,41,38,86,85,23,15,33,28,57,62,42,2,26,55,19,45,77,59,57,47,81,31,63,12,84,14,19,87,91,25,54,86,29,63,89,2,57,41,0,57,65,28,41,86,29,2,55,67,77,92,53,30,17,93,57,10,87,49,25,62,2,97,13,36,49,86,34,20,7,13,27,64,51,73,15,24,29,37,48,35,60,77,76,84,94
44,73,43,1,29,23,0,40,78,62,11,39,55,64,35,4,36,10,33,44,1,3,36,9,66,98,25,86,15,82,21,96,56,60,68,68,18,33,87,76,89,54,42,38,10,0,51,17,73,9,15,2,44,93,18,54,36,9,27,71,72,80,78,36,23,76,41,19,92,84,86,82,54,44,35,55,62,17,13,33,4,60,15,47,30,29,19,92,9,69,79,39,13,97,34,46,12,34,34,91
67,83,5,8,80,78,64,88,1,36,48,98,87,98,77,54,59,4,58,70,25,14,2,43,35,34,81,66,41,6,50,94,51,27,97,16,88,3,66,75,42,8,44,93,35,69,13,23,15,86,63,17,89,23,92,22,36,58,75,35,74,92,82,6,0,23,9,27,5,26,29,42,17,69,34,5,27,39,51,66,86,82,87,60,57,86,69,23,26,42,65,14,76,32,46,93,22,24,65,0
36,17,16,31,46,80,73,52,64,90,54,15,52,76,9,89,88,81,80,20,91,1,10,10,59,94,54,33,9,61,46,16,60,78,97,77,13,80,13,67,9,24,75,14,61,28,5,61,26,14,66,84,1,95,79,40,50,46,82,97,5,78,98,79,34,23,58,76,14,49,31,85,88,46,26,60,6,31,3,87,89,43,23,8,39,13,42,36,90,59,25,41,47,92,12,24,62,38,24,33
58,20,85,48,57,64,75,32,37,21,20,53,10,9,87,38,48,10,85,50,70,3,80,66,5,38,41,80,59,76,2,6,95,85,45,89,93,50,77,90,79,5,59,92,67,36,54,52,26,59,23,89,91,48,79,6,96,76,18,75,13,97,46,49,46,22,47,51,39,40,65,86,41,51,64,16,20,40,71,88,76,87,37,14,48,83,45,75,77,67,24,44,53,97,86,29,15,70,53,40
92,77,79,8,21,36,24,72,40,85,83,80,97,10,89,60,14,93,60,12,78,43,63,40,39,64,75,38,90,46,21,97,20,3,67,88,0,47,22,44,52,55,34,3,43,93,1,16,24,64,38,1,16,18,69,91,10,33,17,56,32,92,38,73,82,45,57,75,3,8,14,82,96,57,16,6,9,19,81,34,19,53,64,82,44,3,68,96,34,34,47,39,59,0,45,49,55,90,52,0
72,48,68,32,22,93,44,51,11,89,7,93,98,44,6,35,80,23,11,40,84,9,95,4,20,52,69,29,6,16,17,42,17,98,61,31,57,14,11,20,8,70,45,59,10,81,71,12,62,68,22,55,60,48,51,5,92,75,26,24,23,5,72,24,40,91,20,66,39,95,33,3,94,78,38,9,30,95,41,38,56,58,14,0,41,69,76,0,93,70,60,55,28,10,65,75,23,10,69,94
80,93,10,98,76,62,99,50,99,96,6,68,76,43,6,44,76,93,49,48,60,87,91,94,14,11,80,24,32,72,96,27,9,24,82,72,58,17,10,72,61,70,79,86,52,58,34,51,0,57,16,65,30,10,92,25,76,24,4,7,13,44,90,65,66,21,68,57,84,52,97,95,67,75,51,48,22,20,98,36,10,87,27,95,57,37,78,63,11,89,90,97,80,98,10,63,46,10,21,17
70,86,44,29,21,17,84,46,53,39,51,68,1,20,71,47,15,27,38,60,42,70,70,45,47,51,97,41,5,24,29,97,56,3,73,28,48,2,32,8,16,47,28,22,62,92,0,3,43,77,62,94,54,91,67,19,65,78,89,17,40,86,36,96,82,80,50,60,84,24,72,43,69,54,65,31,80,82,53,25,84,1,12,83,50,19,19,87,85,87,40,45,87,66,13,77,52,64,74,99
72,32,48,98,87,39,67,83,60,32,76,48,0,95,60,27,72,88,72,37,53,99,41,21,1,19,38,90,15,0,98,7,53,94,67,24,21,87,44,22,10,65,15,16,93,74,28,56,36,20,23,6,0,90,49,95,11,92,21,34,17,31,36,80,22,70,87,55,45,80,83,95,25,40,91,61,1,54,42,12,99,97,8,48,70,90,11,53,92,19,2,38,3,13,66,76,28,80,66,87
78,30,97,55,41,83,28,7,95,0,61,63,77,17,90,53,27,53,3,43,13,30,51,84,17,99,95,73,46,55,89,74,40,64,32,57,3,32,53,39,50,7,14,58,85,97,55,56,58,79,13,51,57,38,62,34,59,81,32,47,81,25,96,73,3,54,3,98,83,40,31,35,28,51,35,85,51,85,41,1,13,87,73,79,69,12,21,10,30,65,28,71,44,68,22,69,55,1,74,30
68,95,42,65,24,53,42,96,44,37,45,84,67,73,64,99,28,58,65,34,96,37,59,17,36,22,12,73,16,60,97,89,58,53,6,48,18,65,66,34,8,81,42,77,92,10,54,77,31,53,17,1,2,89,93,49,60,93,30,21,78,7,93,50,71,30,91,36,70,41,68,0,34,73,2,53,56,1,97,71,69,17,52,31,17,44,95,10,29,38,48,93,73,27,89,70,12,18,84,53
88,99,71,62,83,53,59,43,91,27,35,41,63,49,37,53,59,30,0,1,35,90,86,21,89,23,38,28,59,9,46,8,96,91,63,71,34,0,14,19,89,59,59,76,25,19,81,93,54,40,96,58,61,39,19,85,50,40,70,29,96,18,1,59,90,16,28,32,44,64,23,40,50,17,9,76,50,34,20,85,0,81,23,56,23,38,0,82,48,77,59,89,66,3,85,56,34,62,99,36
40,67,89,25,23,26,50,93,22,85,34,4,39,74,6,84,78,95,93,91,43,11,48,23,42,11,82,46,44,18,71,40,99,26,6,39,98,25,20,94,58,86,50,22,69,78,40,37,30,85,62,12,55,41,94,4,96,13,51,37,4,75,0,60,80,42,44,15,32,99,14,84,54,47,69,71,24,33,38,64,2,18,87,97,84,71,36,84,82,98,57,33,86,98,22,12,0,5,4,82
89,67,45,75,25,73,79,31,86,12,78,57,99,13,75,2,67,98,10,50,87,66,36,27,50,86,34,67,82,84,49,19,57,25,79,50,56,4,44,6,65,94,34,80,36,69,3,95,62,33,8,55,93,9,48,25,36,51,59,2,27,19,49,86,17,58,59,94,86,92,91,25,80,7,29,48,17,63,59,73,26,44,23,19,32,27,0,61,84,86,25,24,55,46,82,75,15,6,37,82
8,9,2,7,74,32,36,98,20,44,3,26,12,60,26,1,85,36,85,49,70,54,73,18,33,76,13,70,68,91,57,47,93,23,59,80,57,73,9,33,86,26,26,88,58,73,13,2,8,64,31,91,51,7,30,96,33,19,2,99,21,11,4,29,42,2,63,48,76,45,50,6,62,10,61,10,65,33,4,46,88,87,78,43,17,46,60,94,32,98,36,83,56,86,33,20,66,98,85,63
59,36,59,37,2,40,0,76,82,95,68,72,13,93,78,7,29,91,31,95,46,8,33,37,75,11,25,83,70,2,91,49,85,78,6,25,18,84,75,3,11,8,12,61,44,53,58,40,47,93,12,31,26,75,23,52,60,90,78,30,37,80,19,75,92,80,77,19,95,10,13,65,66,10,32,89,45,13,43,15,44,20,30,12,77,5,55,46,52,56,18,63,12,78,58,91,91,42,47,7
96,26,40,20,77,17,81,91,35,87,17,55,6,32,17,4,30,27,33,39,36,12,93,68,31,13,40,51,26,63,93,72,90,27,10,38,74,95,10,68,95,76,92,84,31,15,62,52,2,85,12,37,71,38,41,82,49,26,33,6,5,99,49,72,69,47,28,9,7,75,15,52,40,40,91,90,17,66,92,79,56,23,97,61,68,95,96,68,22,75,92,28,44,54,77,28,24,16,62,36
46,50,0,6,47,99,63,49,22,87,75,74,37,9,85,20,9,2,13,3,31,45,22,66,71,57,53,43,91,84,95,51,17,30,22,91,95,21,56,77,40,85,99,45,24,19,1,77,8,16,72,71,56,40,39,70,62,48,87,75,71,33,52,87,14,59,24,14,17,58,62,83,41,13,13,63,98,41,68,72,35,24,14,31,52,47,39,50,97,38,97,92,92,72,33,54,8,91,62,5
72,58,41,90,67,30,4,45,74,6,20,29,13,95,6,32,67,24,77,65,56,75,2,92,89,21,14,38,71,69,77,37,61,77,40,29,8,8,24,43,61,28,75,64,70,96,28,2,79,18,10,18,27,36,87,69,75,52,3,82,42,90,48,77,16,70,60,90,79,48,22,92,34,73,63,50,45,63,49,40,85,12,22,20,54,28,94,43,29,1,79,58,39,24,43,99,44,87,17,41
15,85,61,65,14,91,32,1,76,37,15,35,8,88,29,84,50,19,93,7,76,20,55,22,25,43,62,72,93,74,39,12,34,72,41,77,81,76,92,39,42,53,84,15,25,76,35,87,97,62,95,37,43,53,7,46,84,14,66,91,16,5,25,40,7,44,66,10,38,81,61,19,95,0,28,55,19,74,83,78,8,12,93,29,91,51,51,43,60,89,42,98,5,70,73,46,49,6,5,10
66,26,56,89,43,33,13,96,11,40,34,35,95,38,34,94,79,16,54,59,1,37,30,14,23,14,73,93,22,4,9,41,20,47,53,57,74,0,13,22,0,23,76,92,71,19,50,37,12,78,42,32,59,77,15,70,70,65,82,97,53,77,58,45,56,88,68,87,80,78,99,12,4,55,61,40,22,96,81,78,9,55,21,93,98,69,23,76,44,55,3,78,10,83,32,35,75,9,16,24
17,62,56,75,83,80,41,12,17,36,80,28,71,41,23,82,70,74,61,53,6,8,42,36,1,50,48,94,89,93,6,19,29,32,78,99,42,53,55,42,41,79,10,44,98,85,54,32,23,7,34,8,26,95,81,39,38,82,69,12,85,10,86,47,92,61,95,87,40,16,32,99,40,42,59,29,13,95,0,1,9,85,72,2,32,10,69,80,53,52,44,46,32,59,92,38,78,97,27,92
98,52,92,56,72,32,67,89,56,19,63,15,52,19,82,91,7,44,34,42,90,11,63,32,33,15,92,24,99,95,56,82,96,56,14,32,55,41,55,69,56,25,97,68,68,22,92,74,76,24,15,85,9,56,28,89,17,71,45,59,55,23,48,80,89,58,96,59,7,94,14,84,37,1,2,50,53,45,54,48,19,36,9,41,2,90,62,10,71,24,88,76,18,10,30,67,98,84,80,29
66,31,65,96,94,34,4,40,19,64,53,49,22,86,40,86,17,42,26,10,20,96,41,88,21,23,63,50,62,23,87,70,30,78,14,42,19,38,61,10,3,80,52,48,84,87,44,60,66,91,66,38,92,12,4,86,86,86,33,26,97,55,9,55,18,14,75,33,82,87,70,5,51,48,31,10,67,7,29,20,25,45,76,38,30,72,52,90,10,36,26,31,33,65,33,14,73,84,99,75
64,67,63,31,64,60,59,67,39,38,42,88,14,77,40,18,2,60,47,84,25,48,22,77,63,70,65,65,29,94,71,53,4,68,20,74,90,41,67,94,49,60,77,90,26,50,40,73,41,3,15,60,20,71,87,71,42,89,67,79,13,56,45,90,35,95,44,61,34,63,51,20,77,41,20,85,39,69,90,63,83,71,72,98,1,72,67,34,23,17,84,52,12,64,19,68,96,97,64,24
18,81,88,1,42,33,95,69,78,13,89,54,55,27,52,3,62,43,33,85,13,98,51,96,36,77,93,68,76,8,72,99,52,59,48,44,72,35,8,99,95,46,98,4,89,22,21,22,17,17,42,41,98,59,86,51,40,76,5,85,38,17,0,46,70,45,61,62,45,89,69,81,19,65,44,10,46,25,69,78,71,89,28,22,94,26,47,38,28,83,13,96,12,19,92,69,62,96,3,7
58,49,79,5,56,53,79,63,70,61,14,33,53,12,77,24,82,61,99,20,92,98,96,65,42,88,99,13,70,36,92,74,57,9,90,77,71,39,87,56,88,80,96,11,5,81,24,42,89,34,82,64,8,99,55,51,41,59,30,33,96,35,18,76,30,55,74,87,29,70,36,93,9,83,45,98,29,61,26,28,40,55,87,12,88,21,40,99,28,99,73,69,10,24,48,1,96,64,79,10
32,74,79,17,96,42,11,11,8,71,78,40,19,9,44,88,32,29,69,73,12,62,64,37,22,96,63,84,36,40,36,7,2,36,95,73,14,49,75,3,33,51,88,8,73,84,3,82,68,33,14,96,33,78,94,9,58,37,29,70,93,31,98,12,97,71,89,53,26,80,5,9,34,22,92,61,30,96,89,7,68,53,97,69,54,12,96,37,96,67,68,78,72,97,33,63,71,60,79,16
81,39,97,89,90,95,51,34,39,41,42,92,44,4,48,40,64,81,30,94,15,9,68,10,81,2,56,58,18,82,87,99,42,61,82,91,96,26,56,52,84,14,45,96,68,50,14,8,22,15,0,51,35,35,71,19,34,13,65,27,60,57,25,46,10,92,81,15,22,0,39,59,80,49,67,91,8,27,40,42,28,39,50,59,43,77,83,72,22,16,42,17,20,34,63,24,41,78,54,74
15,81,96,90,36,57,56,1,64,25,44,10,88,13,71,36,41,68,27,51,91,89,96,40,89,41,31,78,94,45,97,54,55,35,36,10,83,17,96,34,12,89,68,31,67,12,20,58,48,52,44,29,77,98,98,37,77,40,76,96,45,15,53,61,89,57,18,67,50,54,59,66,77,97,75,54,80,38,97,15,4,16,80,21,65,97,54,62,7,81,47,25,11,33,64,38,35,44,54,56
32,41,84,94,89,88,18,31,60,62,42,32,89,0,9,93,43,7,34,25,47,56,2,6,52,79,16,85,64,6,65,42,10,28,40,61,69,63,0,45,98,51,34,90,99,21,6,26,30,81,79,48,32,20,47,99,83,17,50,30,24,62,26,49,79,44,3,67,77,13,25,65,76,79,27,96,30,30,8,71,7,61,77,49,76,61,25,71,5,59,61,45,31,65,81,4,0,33,1,60
46,47,13,3,62,12,55,38,14,39,58,62,13,36,48,76,66,12,97,39,1,1,7,47,33,22,55,8,85,51,45,92,98,51,77,66,61,87,3,24,71,61,52,64,52,9,55,59,14,36,86,74,59,74,50,71,30,34,62,92,45,2,89,11,79,48,64,99,64,8,42,98,21,35,22,88,66,34,43,39,16,5,48,46,53,80,79,0,38,92,32,74,16,45,71,34,15,91,86,65
60,44,70,52,36,22,53,99,48,22,80,49,88,84,11,40,36,62,46,40,57,92,77,84,63,38,32,87,15,63,39,25,93,36,17,99,80,21,4,61,53,36,18,7,14,65,80,75,75,95,82,47,59,95,15,86,50,27,39,36,84,97,4,63,86,63,72,62,73,53,3,1,74,94,96,51,46,66,38,17,15,48,41,19,5,64,4,45,40,54,98,80,56,59,88,47,8,60,58,65
91,29,54,64,34,78,32,44,32,78,29,59,7,1,69,97,81,44,15,57,5,97,39,31,85,48,32,92,6,47,37,84,10,81,62,10,27,14,0,91,52,6,61,8,53,7,43,94,44,70,72,46,94,33,51,25,22,21,26,51,36,19,55,11,63,22,70,23,81,16,25,34,22,40,87,18,65,44,91,61,58,19,92,67,71,27,86,51,54,77,52,75,95,82,21,18,92,79,67,10
33,37,50,38,54,51,42,34,56,17,32,90,28,37,22,77,31,37,91,15,99,49,45,33,23,10,47,94,38,44,59,55,98,41,57,80,49,8,26,99,73,49,47,13,24,71,86,67,55,76,28,27,36,36,14,9,43,45,77,65,5,94,4,76,25,80,24,47,17,46,76,47,81,30,20,90,11,2,29,46,94,4,79,18,52,30,29,7,60,21,58,65,2,57,13,15,94,46,40,15
15,42,7,27,16,87,55,61,62,0,26,2,45,92,77,80,37,72,0,38,29,27,11,17,87,16,27,44,84,70,97,80,95,27,19,58,73,23,76,67,75,41,29,67,75,74,57,93,30,61,95,19,55,91,12,57,22,15,41,16,39,58,98,10,62,33,80,61,37,80,34,3,87,16,30,92,85,1,73,74,59,2,24,73,66,61,85,9,85,22,63,67,77,12,25,66,2,65,39,84
95,24,14,76,23,33,22,82,98,60,51,45,0,98,89,37,28,61,78,6,81,74,21,53,63,94,88,66,72,90,35,74,15,37,48,56,1,89,8,64,55,20,12,48,24,73,81,43,84,23,10,91,31,87,7,9,87,70,48,8,13,85,20,41,43,89,8,71,27,87,76,79,12,2,52,18,45,0,45,46,20,10,30,55,98,91,10,44,25,9,80,51,47,25,7,26,52,37,21,47
39,43,19,75,72,84,66,47,34,10,59,19,60,80,98,56,81,97,45,38,28,0,46,67,44,87,31,76,92,21,81,61,95,66,51,79,39,67,56,19,63,8,57,50,57,47,10,21,74,18,69,82,5,25,48,60,30,9,52,25,63,53,46,62,54,84,50,64,46,87,96,70,72,49,79,18,83,21,49,34,63,32,85,33,87,9,27,39,91,38,6,81,1,5,1,61,55,39,76,42
49,72,19,89,81,53,15,92,85,48,52,60,6,59,97,7,35,16,23,30,61,51,46,78,36,44,21,58,44,5,63,49,11,22,44,26,86,65,75,36,40,37,75,45,94,10,45,63,73,21,96,15,90,70,43,2,19,4,16,73,88,86,53,72,33,9,21,47,43,81,2,41,59,32,86,11,46,5,33,14,67,46,73,29,28,27,73,69,56,56,52,50,98,53,42,3,98,4,20,59
65,67,5,72,14,9,57,69,44,32,10,7,84,50,19,84,65,93,5,21,19,75,98,50,84,22,12,92,42,93,94,50,98,13,2,85,51,40,79,39,87,60,19,23,90,88,70,40,92,64,94,96,33,50,98,87,13,58,97,21,95,90,27,32,39,71,63,3,7,73,93,21,91,21,5,14,29,94,78,65,16,25,96,42,94,90,63,67,13,76,24,34,50,17,59,94,52,56,75,83
13,12,63,95,8,94,62,52,54,94,94,80,63,11,67,60,5,65,98,65,60,13,65,85,2,16,5,78,97,60,59,69,50,40,89,50,50,27,64,56,69,85,52,47,60,74,32,62,90,16,96,5,90,96,49,88,13,72,34,6,43,40,94,44,65,43,59,48,25,9,91,55,77,23,34,4,59,99,50,36,94,79,6,83,67,89,75,95,99,45,2,53,4,71,60,77,47,75,80,35
8,39,37,0,63,12,92,30,19,89,45,61,41,26,39,39,31,93,19,15,97,27,97,79,13,49,81,51,35,53,17,14,13,53,84,80,94,92,4,53,46,29,77,86,74,41,30,26,70,39,13,64,90,34,34,60,43,47,90,60,23,94,86,17,79,32,79,39,86,91,88,98,51,82,91,11,86,47,94,11,48,76,54,66,27,70,63,24,52,41,82,14,63,8,22,4,95,68,94,80
81,89,34,79,74,65,94,59,56,66,40,49,21,35,89,20,48,59,26,88,2,45,5,13,36,20,63,60,7,83,82,92,60,5,12,81,67,45,7,87,13,92,80,30,61,80,30,75,88,68,76,90,55,37,79,14,18,10,19,43,16,79,70,43,78,85,98,21,98,30,20,18,92,87,41,34,8,44,2,75,15,43,52,52,49,61,13,21,4,58,43,11,2,60,46,13,28,15,14,62
15,33,3,1,54,41,72,75,86,58,60,3,82,34,8,93,90,36,82,90,34,96,27,35,25,17,87,33,49,81,86,12,30,49,95,68,70,67,58,50,47,51,92,8,97,22,2,9,44,54,67,16,33,71,98,43,69,54,76,11,19,17,83,59,51,34,9,47,13,42,28,28,71,46,94,9,75,60,31,49,25,16,62,60,97,57,41,51,18,76,53,85,26,92,9,60,98,53,19,25
94,88,73,36,15,43,83,8,21,94,95,31,35,9,21,33,29,80,60,28,65,46,82,33,47,26,28,97,28,10,15,91,82,66,96,86,97,79,74,14,70,5,89,85,69,78,35,12,2,58,87,84,92,21,68,31,81,15,39,0,63,48,77,44,69,87,36,26,74,77,51,26,6,93,22,77,98,86,97,1,99,73,14,65,52,11,5,13,5,15,55,32,92,39,63,53,34,93,22,84
43,30,7,42,23,58,39,53,32,25,9,80,77,34,32,54,70,15,92,69,19,46,0,93,47,51,3,26,89,63,38,20,86,77,57,99,66,39,85,60,2,48,5,64,79,17,83,23,36,63,94,23,38,12,30,35,64,93,60,79,27,32,35,23,68,98,97,72,6,2,55,7,36,74,85,89,54,86,21,28,24,51,93,61,55,69,21,98,92,81,27,71,4,42,43,88,42,70,71,78
25,30,12,88,33,96,99,45,73,1,2,49,40,35,40,61,97,76,76,51,41,46,31,30,19,35,32,18,6,25,88,97,35,50,95,44,99,17,1,6,17,98,12,18,25,60,31,27,28,95,56,4,56,68,72,6,37,5,27,43,70,77,91,17,13,48,69,96,77,57,62,53,50,73,29,28,16,94,95,64,61,16,61,99,58,31,74,97,93,90,72,59,56,8,80,53,62,30,78,11
27,57,87,81,11,62,86,70,48,8,87,12,84,80,15,27,37,64,17,20,16,39,42,40,42,10,47,34,55,45,9,33,73,64,90,11,4,0,99,20,96,2,27,71,52,35,77,60,23,19,30,2,1,60,54,75,59,42,93,95,32,1,68,14,19,35,41,43,50,17,12,82,42,88,19,24,86,89,13,54,58,47,20,60,25,29,84,21,34,92,81,29,40,78,53,98,17,53,8,44
33,43,96,48,80,3,12,24,29,38,93,5,96,4,64,94,59,14,28,73,21,61,4,60,91,12,37,54,31,2,17,87,8,47,21,66,52,87,9,11,22,90,61,30,7,83,65,39,60,82,22,79,30,32,88,63,87,3,59,64,97,23,18,32,19,85,89,57,61,7,14,40,37,85,15,4,97,63,6,24,71,19,97,83,7,41,83,71,25,95,73,62,55,71,14,94,59,6,60,52
30,59,16,12,13,39,5,75,0,64,46,69,49,12,50,89,51,61,64,4,31,91,45,35,13,11,98,18,40,24,80,78,37,51,6,94,70,31,64,79,70,3,62,13,49,12,57,58,38,84,72,61,97,45,12,55,19,54,44,80,25,79,31,69,73,57,20,91,21,95,40,84,2,3,48,81,88,68,90,48,76,88,78,75,74,7,10,42,42,25,70,91,11,33,23,9,58,22,70,71
49,13,61,86,56,53,87,61,10,13,21,9,16,40,34,66,51,35,27,53,88,94,99,0,57,85,73,16,60,36,65,94,95,95,59,34,55,36,60,36,86,49,57,20,8,69,88,81,91,39,46,38,86,40,84,23,32,87,32,55,23,26,88,19,11,99,73,2,85,92,53,27,20,17,35,25,95,5,97,69,23,84,24,3,20,36,40,27,3,70,31,87,10,17,35,47,60,30,12,52
25,98,16,81,74,69,55,56,61,24,39,38,58,2,85,55,55,61,95,13,3,32,29,43,91,36,82,21,3,4,36,75,27,2,60,76,65,37,77,73,22,40,97,11,33,37,69,74,69,72,89,72,64,71,47,99,5,55,54,62,67,53,68,43,15,50,2,21,23,37,8,21,6,35,16,9,32,5,83,72,43,95,35,10,93,40,85,23,12,99,22,82,53,77,14,32,52,32,77,75
76,24,49,11,93,73,42,24,14,54,13,10,54,85,44,88,34,47,26,99,68,32,3,0,76,27,4,43,24,24,9,52,35,44,76,78,31,93,98,23,99,16,41,62,92,83,60,85,36,68,84,59,54,4,87,69,44,29,3,62,70,77,74,13,21,79,97,0,20,99,72,7,24,22,19,42,27,32,47,23,31,67,89,20,4,45,80,93,27,2,91,15,46,79,65,18,81,27,72,49
64,20,49,79,89,58,5,76,33,57,46,67,62,20,98,25,11,7,2,84,51,97,67,49,48,7,97,34,52,46,32,95,52,20,3,81,57,74,38,74,40,57,24,89,69,55,15,58,63,89,7,41,92,0,57,24,48,28,18,58,13,25,94,15,2,33,97,86,92,56,37,64,74,80,66,48,85,84,67,47,16,83,25,60,91,49,59,72,86,75,12,73,29,60,26,82,75,97,16,53
23,18,51,16,17,95,30,49,14,62,15,4,54,2,59,59,23,9,94,17,91,7,44,92,40,67,72,59,67,52,38,52,6,93,67,35,84,45,54,47,99,31,52,33,14,69,57,28,85,20,37,20,9,28,65,67,89,54,59,94,58,88,18,36,44,77,15,90,2,59,1,55,69,89,63,47,26,29,40,51,84,46,2,20,45,27,51,98,52,13,25,47,57,32,8,93,62,50,45,56
85,84,16,81,95,13,87,92,95,45,7,30,93,99,63,64,63,87,99,60,90,36,28,78,74,9,8,90,55,48,42,48,64,80,41,12,58,28,87,82,14,53,46,31,72,23,77,86,19,37,60,62,23,51,24,75,70,97,47,47,60,79,22,33,70,40,6,6,25,44,70,88,53,54,69,54,40,34,44,54,38,76,34,43,62,73,31,79,70,52,72,14,16,78,5,48,13,11,99,96
5,6,9,38,45,63,9,57,70,87,15,30,66,76,93,40,67,76,91,49,44,1,0,9,72,55,22,82,72,1,74,73,1,78,27,36,91,48,25,42,77,44,43,3,80,26,18,93,71,38,2,84,70,76,13,21,48,32,55,48,27,39,9,31,70,12,42,11,57,30,93,45,93,15,29,86,29,77,72,81,14,56,25,90,46,78,13,73,87,95,6,52,54,53,63,30,36,99,76,69
1,1,38,24,84,2,11,66,3,98,75,77,3,75,15,31,14,86,24,98,69,46,47,0,53,22,65,40,9,57,34,8,29,40,55,32,75,71,89,27,67,40,80,57,35,41,75,93,40,40,0,84,7,82,8,51,52,34,33,67,60,89,32,27,47,63,28,20,56,19,65,1,10,43,30,12,41,19,92,29,38,69,47,7,4,75,83,81,95,70,33,0,95,82,46,18,26,90,69,98
31,78,5,56,94,4,37,19,42,97,95,68,99,45,20,62,5,45,82,99,42,5,77,78,38,89,27,41,21,98,43,43,88,4,50,72,41,98,37,10,29,31,84,97,90,82,63,69,46,76,58,59,53,7,39,10,87,91,69,81,54,15,17,11,17,57,88,26,61,58,47,52,51,40,43,8,93,66,61,26,2,12,10,87,8,41,25,88,19,86,50,40,48,80,67,29,69,25,38,84
68,43,26,98,35,50,11,93,31,69,37,39,38,21,33,89,35,86,14,83,36,75,75,20,78,89,26,74,82,19,18,76,77,29,82,52,50,63,61,16,43,94,3,96,49,31,26,95,34,27,43,0,22,10,95,72,18,91,9,57,8,37,62,61,59,49,12,41,72,49,57,46,75,73,24,75,60,53,10,68,9,63,58,71,88,39,20,48,59,81,92,47,80,25,75,27,68,22,59,2
80,14,43,89,22,27,22,42,70,29,97,89,44,66,41,79,55,34,68,76,21,43,27,60,97,73,44,3,63,65,55,51,46,16,42,55,20,79,91,25,40,89,70,92,0,41,59,41,46,86,56,72,40,42,99,24,69,7,31,79,19,77,8,35,31,21,0,79,81,42,71,50,85,62,19,99,27,56,17,32,38,5,15,33,44,9,15,26,13,52,10,93,86,55,51,15,51,26,87,85
17,3,52,79,14,36,30,96,66,29,30,90,54,26,67,69,56,25,3,67,87,5,6,88,15,42,15,31,57,43,92,49,80,74,68,64,70,63,32,41,89,10,38,25,87,20,54,18,38,61,32,66,3,84,83,32,2,46,72,38,89,56,66,7,9,52,10,27,62,27,53,89,25,47,1,21,92,76,53,79,57,53,85,60,72,14,93,97,99,0,14,45,93,56,75,56,34,44,59,18
1,48,32,44,12,79,40,27,70,19,24,64,93,34,18,57,59,58,71,63,18,39,26,99,98,33,97,59,95,47,18,33,88,58,30,7,40,14,38,43,77,51,95,89,30,12,11,33,31,86,74,74,91,67,11,42,35,98,61,35,86,80,11,45,95,97,16,72,39,41,55,49,12,97,45,95,72,85,9,83,41,77,2,35,94,89,70,63,37,66,11,62,80,3,50,82,89,0,23,29
83,87,7,28,35,97,59,8,52,35,55,27,8,62,31,29,27,97,53,1,43,19,82,56,57,65,55,96,74,89,66,25,86,29,35,29,71,75,93,22,64,78,61,95,13,63,21,52,34,45,46,66,42,75,24,11,17,81,31,14,7,66,59,8,50,65,62,79,32,42,91,84,37,89,31,41,99,2,39,20,47,3,16,63,49,95,75,80,48,68,77,21,88,53,24,2,69,22,37,84
77,28,84,90,91,24,54,77,47,20,50,65,90,43,28,56,42,91,32,60,90,37,38,49,20,40,99,59,85,54,94,17,59,8,90,40,14,24,5,85,44,26,86,43,7,92,4,12,69,67,78,50,32,92,60,65,48,28,96,76,88,85,83,69,81,37,23,51,95,40,84,95,83,70,71,91,30,26,23,87,27,71,55,90,20,2,53,2,23,73,21,11,80,43,39,18,0,45,76,77
56,25,44,96,52,33,16,75,47,94,18,11,47,27,37,64,55,66,53,67,26,91,0,66,28,81,79,9,11,38,12,40,10,14,96,71,58,79,2,33,50,63,38,50,6,19,57,72,82,61,86,29,88,90,6,84,27,51,49,73,43,9,57,27,66,55,40,5,37,16,5,84,28,94,28,49,0,71,27,86,23,70,46,80,62,90,3,97,15,99,83,35,55,98,29,26,30,85,49,13
94,23,57,20,35,98,75,47,92,66,67,59,75,49,60,72,83,54,87,97,35,80,81,67,56,73,49,89,43,15,9,45,1,46,78,38,20,27,56,45,19,66,80,65,23,95,69,8,92,52,37,56,47,31,61,37,93,50,5,52,2,89,14,23,45,99,55,56,35,86,10,27,24,25,23,18,25,64,3,64,44,51,23,27,55,26,85,96,39,37,28,55,49,24,76,87,2,28,73,40
21,26,85,81,47,40,36,49,79,58,28,42,28,82,19,61,19,25,20,68,45,78,31,71,18,12,37,35,66,51,88,36,4,20,57,46,97,56,67,55,83,27,11,68,72,82,69,57,30,63,79,71,28,52,75,59,35,56,87,65,26,45,28,30,66,11,66,30,66,59,47,82,55,27,85,19,58,3,75,97,30,40,48,87,36,37,65,7,38,60,93,13,33,15,68,17,9,47,37,31
45,74,66,15,33,81,65,50,81,22,19,37,46,32,5,24,56,15,0,47,90,24,48,0,0,47,65,86,63,93,1,59,79,41,98,55,31,57,71,38,55,85,58,63,98,24,22,32,20,12,51,15,6,81,30,10,86,14,71,63,26,64,11,14,52,51,80,41,84,20,11,39,21,32,12,20,50,96,81,81,89,14,21,39,96,67,41,91,12,16,2,85,96,49,18,34,34,18,87,73
39,57,42,96,2,93,33,33,70,47,12,28,15,62,59,20,47,21,49,82,29,36,98,29,43,7,69,69,8,5,9,91,98,12,67,82,54,99,93,45,79,5,78,84,21,96,97,24,42,99,40,64,99,28,22,2,21,99,31,95,88,23,76,75,52,30,62,77,74,2,67,80,19,95,28,54,48,4,82,45,51,18,64,84,38,99,7,48,69,80,89,62,90,62,37,70,53,63,71,24
46,73,40,98,3,76,48,97,75,90,96,6,65,65,60,48,75,60,1,35,46,2,53,0,39,24,39,30,0,30,35,0,41,26,0,55,87,36,88,7,31,30,53,91,60,80,77,53,50,1,92,35,66,65,10,81,59,34,0,37,3,99,53,37,68,75,10,19,75,80,35,6,75,4,2,65,88,24,89,86,62,56,99,29,60,67,69,55,77,81,42,34,45,70,17,10,70,1,4,87
0,91,2,54,68,19,2,22,64,52,46,33,83,14,36,84,35,21,8,51,97,99,14,41,54,16,24,32,68,65,36,94,12,6,68,93,17,13,47,28,74,25,71,39,30,11,77,79,73,65,21,88,88,13,72,78,54,53,69,79,58,81,79,95,84,64,49,28,3,28,59,26,69,74,37,75,51,11,71,16,17,82,47,84,90,3,8,69,17,87,68,54,46,26,93,80,4,14,49,66
29,86,51,56,49,19,3,82,65,78,49,74,39,17,67,72,82,80,77,19,59,65,50,26,55,59,85,57,17,95,97,85,16,81,43,78,18,25,21,92,25,84,61,98,11,65,28,80,37,14,29,51,92,84,45,75,47,50,32,20,77,75,24,54,60,6,87,52,80,8,99,73,26,13,29,34,57,35,82,3,66,76,82,28,4,70,31,56,74,90,18,42,6,67,10,93,84,25,22,78
