25,14,40,24,59,49,91,12,39,93,10,49,51,19,52,16,25,37,50,29,1,54,63,62,71,82,91,37,35,74,34,34,77,57,97,85,8,25,22,99,95,69,8,91,18,67,95,46,75,71,93,95,92,52,27,97,54,40,63,3,17,46,86,37,63,27,19,87,3,58,67,71,22,25,44,63,40,30,52,20,62,78,8,1,36,30,42,58,90,83,84,94,48,80,14,67,43,83,54,26
84,9,8,97,20,17,50,34,14,51,64,3,59,86,24,74,84,58,56,16,71,88,40,13,33,94,31,76,40,59,86,50,76,73,64,28,92,48,66,26,50,30,74,42,53,90,44,58,36,75,37,92,35,11,16,76,42,80,64,95,34,98,35,95,9,78,16,38,94,36,19,5,57,24,23,90,97,16,99,38,47,22,46,49,29,20,28,19,69,18,37,61,74,59,72,49,28,45,2,68
79,15,94,90,64,85,1,91,34,2,96,28,55,89,85,40,27,83,19,31,88,65,50,14,84,80,26,25,82,33,1,81,19,54,71,85,37,31,14,68,6,78,96,6,91,72,81,85,85,12,99,22,89,1,75,41,55,67,9,54,21,59,5,70,41,54,82,30,6,68,46,90,65,94,71,95,7,49,55,43,40,66,98,38,26,25,85,67,68,81,29,80,10,2,11,27,90,89,51,85
9,24,55,85,92,47,88,59,91,87,29,99,63,3,21,42,45,37,19,92,62,7,57,91,58,90,25,91,93,56,65,67,64,78,23,69,47,17,84,46,59,39,62,53,19,9,99,86,44,89,50,83,82,11,58,95,99,4,6,55,55,99,1,66,10,30,97,45,77,40,72,84,59,83,26,48,36,58,62,18,93,62,29,65,7,38,64,80,63,15,67,71,15,53,51,44,10,1,89,53
78,4,14,74,67,11,9,5,13,52,4,79,43,48,28,61,38,7,87,15,88,12,50,98,70,4,46,36,42,22,84,43,51,17,90,90,7,42,12,72,59,52,38,63,89,46,35,20,34,24,27,43,48,94,38,41,67,23,96,82,93,45,37,89,44,55,58,94,91,96,30,52,9,34,0,36,5,20,58,70,76,0,23,63,14,42,11,4,67,17,95,39,27,15,44,0,20,86,52,25
43,50,48,94,67,26,57,73,22,50,10,47,32,55,4,53,57,38,53,78,66,96,68,85,39,48,98,7,48,21,25,67,96,35,52,6,95,76,51,82,24,90,94,78,81,4,82,37,31,37,65,72,43,26,87,38,7,18,5,31,51,38,61,60,64,23,56,19,98,24,28,15,98,97,23,72,59,40,73,25,11,92,54,58,70,24,51,0,78,12,63,16,18,31,15,5,96,71,68,50
83,14,57,60,46,5,27,8,7,0,41,18,96,37,41,7,0,59,70,17,24,91,24,53,32,33,61,88,12,74,30,3,51,81,86,70,99,93,68,11,85,66,61,85,84,68,92,0,93,29,30,68,61,5,26,47,78,84,25,95,89,1,68,5,73,99,34,63,85,94,26,97,88,67,38,89,58,36,85,76,60,99,32,5,97,82,75,17,39,45,56,33,9,39,49,57,83,2,78,81
80,27,23,46,89,55,68,42,18,41,20,49,9,84,67,53,48,12,70,73,76,6,66,54,13,97,41,58,13,16,62,55,28,36,25,41,79,30,90,16,68,24,79,77,30,10,93,34,74,58,52,5,33,71,18,78,38,90,49,26,56,99,62,77,9,74,35,99,22,44,38,31,20,20,48,32,32,92,64,62,27,61,27,25,16,70,86,21,66,78,84,19,95,64,26,83,27,97,57,7
84,61,30,40,53,22,98,83,94,82,65,48,91,15,29,35,96,22,36,36,82,30,26,93,95,55,13,98,46,19,48,90,90,80,99,1,53,72,17,78,57,91,76,56,66,4,50,36,27,71,64,30,31,1,68,61,28,80,96,32,90,78,55,64,87,67,37,88,95,97,82,85,0,33,20,42,92,38,48,75,49,92,96,62,7,75,76,35,25,95,99,91,47,74,86,92,28,68,55,48
19,55,28,39,12,62,27,42,89,16,97,82,16,83,66,78,72,25,28,59,14,8,54,50,38,82,98,79,96,9,58,37,29,26,75,49,72,27,75,77,65,79,96,30,73,18,52,53,9,91,32,60,37,70,69,65,25,34,89,45,17,88,7,63,62,74,35,94,78,0,61,13,84,49,26,3,2,94,4,80,89,67,70,7,91,51,75,32,65,31,14,57,51,54,19,50,0,32,81,95
82,57,36,16,87,98,13,80,91,39,90,73,22,27,60,87,6,93,49,7,22,72,18,52,35,75,73,3,28,40,4,88,5,50,34,57,36,56,99,22,15,53,60,62,78,35,57,17,46,2,95,27,85,58,82,66,40,91,4,64,78,76,73,85,86,83,53,56,84,10,8,36,19,24,24,89,51,94,86,53,94,60,49,59,4,68,31,14,91,58,31,55,50,3,34,65,58,16,86,29
8,25,14,83,34,68,43,76,76,64,58,31,71,32,74,34,16,54,13,61,88,88,99,7,0,14,17,57,17,36,45,29,58,11,31,15,21,5,25,66,45,26,21,18,76,55,43,66,54,29,50,99,58,9,4,84,81,79,29,84,78,1,5,82,3,24,26,4,71,35,26,40,81,31,59,86,58,43,68,95,84,32,36,23,93,88,53,3,63,14,59,51,42,90,76,70,12,43,67,61
45,29,97,76,62,12,97,5,77,49,1,79,35,83,70,6,27,67,39,26,47,13,57,14,80,2,84,12,27,4,99,83,34,5,64,16,87,60,77,97,27,28,33,59,0,43,40,68,41,56,91,15,22,91,33,24,84,86,58,92,54,40,37,45,39,21,85,26,8,7,30,71,67,78,34,20,73,96,95,0,17,9,74,4,58,29,43,46,91,78,54,22,71,82,13,24,80,46,80,20
61,54,65,6,95,54,70,5,84,73,98,47,19,32,95,35,29,57,65,84,61,27,47,74,56,78,64,16,16,9,67,81,38,80,24,75,83,19,62,14,88,22,25,13,6,90,77,55,41,19,45,49,41,15,54,33,40,61,85,80,11,80,96,85,19,94,82,78,32,91,41,83,12,83,72,45,99,3,3,37,43,13,6,94,28,78,28,17,70,43,40,77,2,60,1,76,60,91,15,30
94,44,29,84,86,49,20,96,65,7,90,11,76,18,37,3,62,66,18,28,20,90,53,95,1,17,91,47,25,80,27,88,0,75,8,93,77,32,20,53,41,42,10,3,3,83,60,28,81,46,31,5,72,4,33,5,67,30,25,65,66,23,43,84,90,65,43,99,92,31,52,46,59,96,50,7,95,18,49,43,48,54,93,36,32,9,71,16,61,77,14,69,79,3,94,85,94,12,18,32
45,38,85,28,85,53,32,49,2,91,47,43,37,41,46,34,51,56,71,52,6,29,93,93,16,37,77,4,81,65,29,50,59,50,61,86,62,76,6,88,50,21,27,10,44,69,12,49,77,77,61,24,42,37,59,64,9,27,22,53,45,12,55,80,50,74,51,62,80,79,1,20,93,96,8,21,62,32,55,95,22,17,22,97,87,87,96,39,34,21,63,39,62,24,25,22,5,30,12,65
83,32,12,42,90,17,50,72,27,55,89,38,49,55,1,19,82,85,15,48,28,30,72,55,91,71,63,13,78,59,26,98,68,20,93,48,41,67,77,6,70,98,76,32,40,52,58,69,10,8,14,1,69,26,59,61,85,24,73,91,28,68,40,63,7,72,74,28,93,74,62,96,7,94,5,92,70,3,38,64,28,45,11,24,42,50,14,12,56,30,70,34,83,78,78,81,71,82,96,73
92,35,32,26,27,93,32,62,55,92,8,20,35,2,75,19,72,85,80,21,94,87,87,81,51,28,76,63,33,35,11,79,77,89,15,95,54,91,1,51,79,80,96,48,9,44,30,69,89,55,21,27,42,81,85,47,44,6,75,11,4,3,67,18,64,41,84,8,79,22,47,85,34,26,90,77,62,7,79,38,26,77,50,56,78,73,21,71,6,49,22,90,56,30,83,70,61,98,33,85
11,9,67,30,32,83,79,71,83,26,39,91,80,83,26,45,90,51,50,74,5,33,58,95,91,75,24,35,28,13,88,17,81,48,61,41,37,2,2,89,32,63,22,46,5,23,9,17,79,32,10,89,73,4,1,51,78,16,22,90,85,57,69,41,90,62,65,26,21,7,0,16,84,89,84,93,47,63,56,38,89,81,3,45,66,72,5,38,52,16,81,22,36,86,82,0,93,24,39,97
32,99,27,0,79,99,61,67,24,19,5,13,19,29,55,97,72,41,93,95,58,10,41,26,61,73,45,35,79,31,2,10,99,61,1,60,50,63,84,4,70,86,50,94,13,43,14,36,39,30,26,31,39,99,13,72,68,69,13,54,91,81,63,22,84,90,29,33,69,83,99,28,67,60,79,4,84,23,2,92,40,67,31,86,1,56,38,72,13,59,99,29,46,39,18,67,24,65,59,26
87,92,60,63,97,58,22,88,64,36,73,53,69,57,52,95,4,3,60,76,36,22,94,39,87,45,23,59,91,98,60,24,69,78,27,21,74,3,13,69,80,68,48,85,35,59,53,39,77,45,22,30,1,46,30,73,79,75,89,9,9,26,91,19,26,25,38,79,44,92,59,84,25,77,95,73,62,6,7,58,59,70,74,48,12,4,55,74,62,85,22,17,11,36,72,91,2,81,99,56
38,64,9,29,34,61,94,66,95,29,73,60,99,10,6,96,89,63,30,71,67,63,44,39,95,21,24,55,11,18,71,48,0,39,2,35,76,78,36,19,80,72,23,23,17,73,51,97,57,31,41,76,62,64,47,68,70,28,42,32,58,44,30,79,13,90,54,44,30,21,70,12,75,8,1,10,64,79,1,91,42,17,55,68,4,98,77,42,65,89,30,9,30,11,68,73,31,48,73,13
33,58,24,17,98,52,80,15,25,11,43,34,57,41,25,73,61,7,12,19,2,33,56,79,65,86,4,62,97,6,20,97,32,69,26,78,10,80,51,75,39,91,27,67,71,50,29,36,56,93,10,26,99,44,73,86,87,7,64,15,31,75,81,30,32,50,52,96,72,77,10,26,30,45,75,12,54,32,78,80,74,30,37,27,42,36,28,78,73,52,98,54,57,51,63,28,1,69,73,25
98,51,34,99,43,18,92,15,99,99,44,79,38,91,65,26,69,91,9,34,38,6,58,89,95,67,75,37,38,81,26,31,74,89,50,87,50,63,70,15,39,0,16,29,49,88,60,3,90,1,97,42,3,82,10,27,84,42,43,47,39,44,43,97,31,55,82,34,10,70,28,88,92,71,77,48,50,41,56,83,59,17,18,92,12,26,44,80,86,9,18,35,13,8,92,3,28,93,66,95
96,48,55,70,56,51,43,78,54,18,66,52,35,83,10,30,60,7,13,17,4,51,0,72,24,39,72,5,95,84,23,39,83,77,39,46,41,88,34,72,88,79,46,72,41,84,81,29,7,13,13,28,94,12,21,91,99,71,52,76,74,28,48,49,80,65,4,6,37,67,19,53,49,16,60,94,27,59,21,16,99,44,16,87,45,77,42,40,42,5,24,98,35,48,77,67,63,24,18,4
18,27,77,2,48,81,91,2,64,29,76,64,81,19,25,13,27,97,98,22,6,61,72,29,85,76,51,55,63,57,16,47,10,88,28,87,42,13,12,85,39,64,74,45,15,60,70,46,81,61,10,6,95,47,48,64,32,5,13,33,20,18,59,39,44,39,96,11,62,66,95,65,58,47,89,38,41,6,29,10,35,60,60,88,20,83,71,11,39,58,59,90,19,57,87,96,23,63,82,99
33,66,24,64,20,0,83,24,42,96,23,89,77,83,26,87,98,29,30,74,84,95,13,70,79,80,12,22,53,29,21,62,35,30,18,68,57,19,31,3,51,91,59,51,83,21,8,0,72,17,1,45,30,81,60,33,33,5,13,2,77,44,98,94,59,66,39,95,13,36,5,6,11,56,47,85,2,90,88,30,67,46,76,61,61,23,3,86,45,1,20,54,95,85,99,93,97,26,9,4
64,8,22,10,87,25,89,65,64,23,44,39,66,42,62,4,9,98,78,49,38,32,91,16,18,66,82,19,43,50,77,43,94,55,77,59,70,51,62,1,94,27,55,37,94,55,37,36,66,37,46,32,9,55,87,15,28,34,3,41,14,58,86,61,3,67,90,92,29,66,85,56,17,2,89,40,79,78,11,56,64,36,29,49,65,59,83,87,48,78,88,43,32,34,34,44,71,75,65,58
24,22,52,7,11,89,95,53,8,20,17,52,63,48,98,93,14,79,93,29,38,53,19,73,77,54,95,18,66,64,79,16,94,23,5,12,81,15,36,40,5,91,50,92,43,81,78,99,74,62,7,95,42,84,27,82,64,5,82,38,88,16,43,56,27,52,93,72,16,81,12,9,79,24,28,81,8,37,23,24,82,12,50,31,12,97,32,27,78,73,71,72,29,7,13,88,44,67,64,20
2,82,16,23,30,91,53,13,98,70,8,0,29,80,21,7,36,47,39,12,26,76,49,84,49,55,50,32,5,18,14,63,93,35,66,59,45,32,10,58,5,48,77,66,92,44,30,21,30,39,3,56,21,56,10,70,84,99,37,37,1,99,54,45,35,35,88,56,64,83,42,83,1,14,18,28,46,14,83,60,14,68,32,60,58,51,40,19,6,60,46,39,8,76,37,90,74,2,18,72
96,79,27,92,71,60,96,71,49,91,97,96,64,59,54,67,34,14,16,53,27,92,61,46,23,26,59,18,92,37,42,60,81,82,31,25,53,67,62,86,45,60,24,74,24,59,42,98,21,1,42,78,52,71,55,85,14,34,16,98,19,95,30,7,26,62,7,18,96,70,8,27,71,15,64,28,94,24,87,73,50,48,45,17,63,8,63,5,4,14,24,0,22,17,97,7,76,85,75,68
16,10,15,70,26,81,68,8,50,39,78,59,85,67,22,46,77,11,29,45,18,19,14,82,68,50,40,29,98,53,51,50,54,34,42,53,95,18,42,29,81,51,1,10,39,62,25,29,67,72,70,63,19,76,95,83,71,2,82,80,29,15,94,7,60,50,97,50,50,69,36,15,81,97,66,3,76,4,10,99,51,49,85,28,44,75,95,3,2,98,75,5,60,63,13,97,28,67,13,69
94,44,34,90,11,52,64,17,19,3,77,18,14,63,30,23,44,15,34,74,45,21,15,40,40,65,96,79,24,92,4,48,80,38,94,54,23,4,24,62,32,5,17,72,93,20,29,58,16,51,91,80,12,52,59,1,36,25,83,90,93,73,16,64,83,94,54,40,98,78,68,75,16,64,3,60,26,15,63,50,36,37,23,90,94,34,57,11,25,23,74,96,20,95,17,4,87,58,27,30
98,49,18,19,23,26,87,86,35,73,75,14,46,23,66,79,41,51,4,94,78,95,80,35,31,62,77,70,86,56,41,46,37,38,34,19,92,88,41,94,18,89,21,55,25,51,48,59,56,40,69,24,12,89,6,46,80,29,2,87,29,77,68,87,13,32,22,95,40,78,56,92,69,71,93,41,27,59,9,78,31,28,82,55,75,4,72,56,69,52,27,71,58,90,55,1,95,27,24,46
38,96,82,89,14,64,60,71,60,72,84,84,54,40,30,19,66,18,26,52,92,55,93,21,21,89,40,56,96,20,3,97,35,86,73,11,23,8,1,66,53,14,22,85,33,23,5,30,77,81,39,75,32,19,22,50,78,91,73,49,38,2,32,48,18,68,34,28,31,77,13,10,90,97,99,73,68,25,27,74,70,18,96,2,8,52,20,70,39,11,62,86,47,66,89,74,80,2,20,11
97,74,42,75,78,33,35,33,27,67,61,95,30,33,65,70,50,73,95,72,43,91,49,93,46,99,72,48,48,0,25,56,11,80,98,24,78,77,25,28,18,96,2,79,59,71,62,73,61,78,69,5,20,94,24,17,82,97,92,46,95,85,79,27,4,13,44,13,65,99,23,58,17,93,71,20,81,94,39,49,45,20,4,60,38,4,49,58,57,81,38,19,9,50,95,81,84,12,21,24
4,70,27,3,49,53,10,38,43,2,91,45,49,66,35,54,38,64,57,24,17,3,57,32,77,44,65,0,38,62,84,83,70,25,90,83,68,80,49,91,86,29,55,73,3,80,63,47,55,47,19,67,16,73,69,33,47,77,8,6,72,38,93,22,60,82,3,62,39,15,88,21,5,22,99,98,26,23,42,39,30,14,82,80,93,37,90,5,92,46,65,34,89,69,8,71,65,79,24,61
78,90,97,4,81,5,47,2,34,22,98,77,43,11,9,69,0,47,37,1,16,71,93,48,29,38,22,84,26,53,27,67,74,99,46,34,45,25,30,95,11,34,42,58,97,19,69,72,21,2,97,1,42,72,13,52,32,21,77,69,54,88,93,96,93,40,74,8,74,80,62,48,85,46,67,33,41,14,62,4,23,74,34,12,54,45,12,95,26,67,52,32,38,32,21,12,8,65,17,1
67,64,45,64,8,90,56,51,6,96,0,25,48,16,89,35,78,62,85,31,71,39,72,74,57,53,29,99,48,57,64,31,97,82,72,42,56,95,97,20,57,33,6,3,51,87,84,81,51,55,27,10,51,30,71,26,36,63,31,25,79,8,54,19,92,6,70,51,29,81,30,99,57,9,49,11,68,67,33,95,92,43,51,87,50,19,48,46,11,69,52,83,15,87,91,45,7,88,73,16
99,22,4,57,86,47,29,71,31,1,16,81,98,16,57,50,32,10,35,99,73,1,16,95,46,45,64,96,62,44,31,22,98,84,26,14,78,37,86,89,60,65,91,91,56,44,8,75,21,4,69,69,30,18,71,63,9,67,39,5,18,78,65,47,14,75,28,94,55,37,35,72,19,13,28,8,75,45,5,50,9,64,4,55,15,27,0,86,65,16,38,87,83,34,11,45,51,82,90,20
53,69,18,40,80,12,98,1,34,53,53,12,37,59,47,30,28,9,96,4,21,8,5,59,40,76,84,55,6,25,77,72,65,3,61,29,99,91,6,73,35,53,97,71,31,92,79,85,40,77,43,85,16,52,2,21,18,59,57,30,13,85,60,64,90,84,21,83,72,84,71,14,50,57,80,93,88,15,42,74,48,5,5,6,44,47,43,5,24,85,2,28,13,93,24,18,9,88,37,87
35,42,9,17,64,61,33,5,0,89,19,86,15,38,62,57,43,9,19,94,31,68,83,10,14,70,27,26,90,27,59,32,41,26,60,97,80,25,87,35,72,13,26,52,70,32,25,28,27,3,35,65,18,61,88,97,53,51,83,82,47,77,37,89,48,39,5,16,79,69,3,47,94,48,51,2,4,7,75,58,19,1,18,29,66,49,84,76,96,72,55,96,71,70,36,44,73,62,39,59
41,24,97,82,3,77,59,89,14,82,40,91,87,2,68,75,6,22,29,31,8,2,80,56,0,42,72,13,8,6,38,69,85,40,60,30,44,45,21,20,39,51,4,15,42,62,29,43,27,89,9,78,18,8,77,16,75,0,0,46,50,55,26,95,43,19,90,13,63,86,86,65,64,1,38,35,26,57,74,44,32,26,64,93,0,87,10,38,39,58,2,72,41,22,32,33,77,7,61,62
74,95,20,41,44,95,83,13,94,0,29,31,62,89,12,29,16,38,31,82,60,18,8,52,38,2,3,78,80,70,50,25,83,65,29,59,4,3,39,43,74,75,37,56,4,81,91,4,56,29,72,61,56,38,67,81,30,32,47,83,82,77,65,46,52,82,57,37,23,67,2,4,6,41,99,15,79,36,58,40,46,13,26,11,36,92,62,75,75,63,9,24,43,12,17,65,59,38,58,56
18,0,28,28,86,58,53,51,59,41,17,72,4,1,56,56,95,65,15,70,3,71,96,73,86,3,51,43,58,88,66,7,25,98,80,19,78,10,46,88,7,43,32,92,68,18,23,19,34,85,96,22,88,33,36,57,28,66,63,42,27,92,64,63,43,85,51,73,2,79,18,64,75,79,34,40,69,63,66,93,28,48,58,39,68,57,21,64,44,25,41,56,64,87,4,12,53,93,25,99
94,90,97,1,32,2,69,5,10,28,13,2,58,82,37,66,1,53,96,8,91,52,25,32,40,4,51,93,2,90,22,95,14,17,60,27,78,74,63,89,29,46,52,13,11,43,80,93,13,83,48,31,49,18,42,30,71,56,92,51,38,16,5,31,98,79,86,84,36,0,52,22,81,48,67,51,37,99,77,78,34,91,89,45,73,73,37,6,20,82,91,54,30,30,48,70,66,9,96,82
23,48,86,51,58,15,35,7,4,69,70,68,74,44,39,44,91,43,94,5,61,46,13,69,94,78,61,56,90,34,68,93,2,38,15,12,3,82,51,58,49,79,40,20,32,90,55,1,24,50,9,77,69,13,80,53,25,98,12,57,43,46,48,51,14,30,25,93,94,85,60,68,40,63,95,44,7,50,8,99,19,88,82,32,72,66,98,6,12,96,67,90,27,50,40,18,34,27,1,26
62,97,48,5,52,18,90,49,89,27,7,32,62,38,28,41,38,37,23,27,62,94,20,13,79,65,74,82,23,75,46,12,51,45,77,44,57,21,14,88,33,17,10,49,82,36,20,24,15,71,97,93,76,61,61,84,95,68,28,4,40,37,7,29,1,74,95,86,72,58,83,0,47,73,7,22,17,78,2,1,58,64,70,4,10,69,8,86,92,18,5,0,90,48,63,31,76,11,96,58
17,70,29,57,83,22,74,38,95,24,82,29,65,38,85,15,98,70,81,87,36,40,29,82,16,9,55,77,52,85,78,77,27,65,80,91,4,89,85,98,23,90,95,86,43,68,67,63,19,0,14,91,8,29,49,17,3,13,75,79,77,74,24,51,51,91,71,6,16,65,22,58,66,0,54,54,28,67,62,32,7,67,29,34,37,61,84,62,67,38,70,69,11,33,46,91,76,11,79,42
90,3,84,81,23,9,99,48,0,37,24,85,18,3,63,53,17,45,62,57,75,97,74,8,58,71,97,67,95,67,24,68,46,38,31,12,87,47,6,80,92,78,77,67,97,51,12,22,94,56,32,93,55,50,29,62,30,95,40,12,63,78,70,71,40,34,96,74,45,88,39,2,42,96,91,13,80,77,64,91,82,18,68,47,64,57,32,93,75,66,3,73,77,27,85,87,28,20,66,4
38,22,5,94,55,50,12,61,6,47,6,27,67,84,56,34,2,65,99,92,77,38,23,76,60,95,24,64,42,99,93,22,89,19,13,57,35,21,43,44,31,2,71,90,11,38,60,71,52,16,73,87,93,34,79,69,65,19,20,22,14,79,73,72,99,44,67,89,82,83,77,29,81,83,59,5,68,10,82,30,58,57,71,54,57,99,27,34,75,97,21,53,48,1,39,93,59,9,35,28
33,92,36,70,5,4,46,70,97,75,96,79,10,7,74,85,54,32,59,81,83,34,47,6,17,81,90,38,78,22,96,17,38,23,66,32,81,86,72,91,57,30,81,17,81,28,79,65,32,2,72,10,65,70,29,67,99,26,87,50,40,27,48,32,94,84,75,75,73,25,52,58,6,93,18,61,42,22,33,9,84,56,52,3,84,97,60,26,75,60,12,86,4,7,9,57,65,80,33,26
24,85,91,17,83,60,46,14,90,50,50,8,32,82,34,34,28,27,52,86,89,87,15,62,2,52,31,89,4,38,82,62,15,62,49,55,55,73,81,41,24,48,80,40,25,21,63,7,90,24,41,7,13,72,23,85,23,49,0,10,61,90,73,46,5,31,13,37,64,87,79,62,45,16,93,20,96,24,33,24,38,47,27,54,88,63,17,9,99,45,46,38,6,85,43,83,39,18,45,85
21,47,89,76,84,38,73,89,59,60,39,15,99,26,13,61,76,30,95,79,21,30,95,36,65,22,62,81,29,37,95,20,10,47,81,40,3,50,90,73,96,56,33,0,9,15,96,18,74,8,91,54,54,78,76,60,96,42,8,79,62,18,76,63,83,47,62,22,98,60,46,98,73,20,76,29,34,99,24,55,47,26,85,96,93,78,84,10,13,36,76,90,90,3,36,57,20,97,21,69
6,87,46,67,76,21,55,88,15,87,41,18,69,18,11,25,22,22,30,18,90,5,55,38,18,73,39,38,21,8,32,2,11,53,10,31,55,46,82,33,79,17,26,34,82,56,15,11,91,50,1,97,1,83,0,91,46,40,12,66,30,1,2,65,64,68,62,0,80,36,93,1,11,54,24,52,16,71,4,76,10,54,70,13,92,21,15,12,9,80,32,37,23,54,39,2,1,50,81,66
42,90,65,96,22,18,27,6,37,51,47,73,19,54,93,84,22,36,72,13,63,81,87,32,88,43,91,8,75,25,9,87,24,96,9,38,45,89,91,78,79,56,26,33,67,82,86,93,74,11,64,96,77,15,21,77,13,19,15,23,26,58,24,89,28,23,13,2,39,83,56,94,28,88,79,5,5,5,8,76,90,11,74,11,11,6,69,94,26,34,86,29,29,13,75,50,5,2,26,21
50,79,45,12,43,52,33,73,62,5,44,81,77,62,78,27,52,93,8,78,35,53,89,36,17,6,85,24,46,26,67,70,26,63,83,51,95,94,1,48,69,84,46,53,67,31,84,75,97,50,50,97,12,3,2,52,97,25,11,58,85,54,48,71,20,93,74,11,38,17,70,7,19,28,50,22,23,27,89,32,33,51,63,64,1,28,47,66,33,98,18,60,1,66,69,17,64,67,10,33
71,78,68,37,28,63,79,42,3,9,64,90,69,94,31,5,94,25,56,2,67,33,12,51,38,31,19,35,45,7,42,39,29,8,63,88,67,2,7,72,34,46,21,56,8,25,25,37,52,17,23,32,57,89,45,89,72,28,5,55,7,62,20,35,82,15,24,26,76,89,68,48,32,49,69,11,83,97,86,37,25,33,50,23,15,40,79,0,51,26,27,70,47,24,2,75,1,32,54,3
32,40,59,18,65,10,23,78,25,10,6,64,82,68,76,88,6,12,0,62,23,52,93,11,89,46,37,45,38,3,53,72,75,79,7,99,57,98,67,99,39,20,73,2,88,35,21,11,45,99,21,53,44,55,36,99,48,37,56,57,21,98,98,61,28,10,78,9,52,64,74,24,28,19,19,27,25,60,54,43,1,27,22,60,26,85,95,74,81,68,1,5,5,15,35,6,12,41,30,62
2,73,78,25,61,63,67,56,38,82,94,61,5,81,15,84,5,97,15,84,27,30,46,62,8,46,74,78,82,59,28,41,23,8,49,4,2,0,6,19,4,63,5,40,18,29,71,75,57,12,70,76,23,75,60,89,29,38,63,34,47,86,8,98,27,89,63,70,10,89,40,62,17,75,60,70,96,19,7,47,30,41,42,86,16,98,83,24,68,63,20,62,78,84,29,9,18,49,42,38
81,88,84,84,35,54,57,40,18,67,91,90,84,25,18,64,7,9,14,81,73,46,71,25,64,18,93,62,60,11,84,70,44,75,24,76,56,9,58,9,57,9,3,50,31,6,7,20,31,86,70,51,84,42,11,36,16,41,94,70,25,44,56,43,35,40,14,85,62,59,15,23,24,20,10,54,91,19,68,59,29,26,27,91,70,16,89,50,91,39,45,87,90,7,75,25,53,53,67,36
64,37,26,11,51,22,10,55,57,5,5,4,92,34,57,51,85,31,64,56,89,69,73,23,77,28,11,63,31,59,59,18,85,98,45,4,35,58,77,83,99,99,30,48,5,80,8,48,90,83,88,34,17,43,92,49,55,20,82,30,92,50,21,8,67,59,3,4,84,31,84,55,14,86,44,71,80,85,79,79,49,57,49,0,11,97,56,49,61,26,51,85,57,62,27,53,9,95,69,4
25,82,26,44,95,45,70,80,48,49,40,51,62,12,56,29,92,10,34,79,81,7,91,5,49,95,79,61,66,2,62,79,11,51,57,5,80,36,72,96,77,7,93,96,1,49,20,57,15,32,54,8,84,10,77,6,9,69,14,28,56,93,70,47,77,11,99,54,98,96,78,75,44,49,34,78,19,99,81,82,22,30,28,10,87,24,9,52,44,39,67,90,2,31,33,53,20,92,53,31
38,28,65,44,61,34,45,33,54,50,43,2,14,43,63,7,20,76,75,10,83,55,16,7,92,9,88,4,12,95,83,28,6,89,24,36,23,45,92,10,87,55,39,42,89,45,72,54,41,98,64,13,73,83,75,12,34,66,61,53,28,67,44,26,12,66,75,62,59,96,24,31,63,1,8,53,63,74,83,23,44,42,39,8,43,9,97,55,7,6,87,60,36,82,53,47,86,15,59,96
4,37,33,26,20,33,54,0,27,27,56,78,11,34,60,88,41,23,78,14,81,50,63,64,29,79,43,45,38,97,87,52,18,49,55,22,0,82,78,67,58,44,50,51,4,91,64,5,86,62,73,24,67,25,51,86,18,57,95,39,46,43,23,58,83,85,74,95,53,44,19,61,59,89,31,15,25,59,93,34,66,6,72,17,37,8,94,82,76,42,28,65,16,86,51,43,88,31,89,97
32,72,81,83,15,58,81,96,32,93,33,60,86,23,65,46,27,46,28,83,47,76,61,75,47,89,40,55,12,76,29,97,14,5,24,81,5,71,25,44,99,14,96,59,2,5,37,69,21,84,37,34,46,5,69,62,58,56,57,90,69,3,2,73,26,24,33,86,94,60,34,90,81,73,12,18,77,76,0,92,99,20,66,27,26,87,69,68,11,16,2,67,11,34,35,87,3,32,3,39
41,96,94,50,41,63,23,82,59,84,89,61,21,65,2,17,38,95,65,39,13,24,0,11,11,96,26,66,91,29,98,28,11,73,19,24,25,63,89,3,86,49,29,50,40,28,14,41,66,37,96,94,95,93,74,13,20,97,61,98,76,52,39,16,28,21,14,61,84,13,68,8,3,10,24,58,30,63,84,31,88,13,8,41,43,86,72,71,35,68,65,95,68,84,48,60,71,86,94,31
22,90,94,74,76,81,82,58,4,34,38,62,13,66,87,72,32,51,14,42,80,10,1,73,10,34,35,40,56,70,97,88,67,97,70,21,5,44,91,44,50,48,84,99,72,2,94,47,74,61,53,41,78,24,3,37,94,33,36,87,72,62,49,91,70,6,84,48,70,64,90,42,48,5,8,86,50,92,32,3,77,27,4,42,73,28,77,49,43,26,93,78,43,62,23,48,57,22,17,72
5,73,8,6,63,10,44,26,46,67,3,6,97,58,87,6,18,59,4,39,59,36,88,73,4,2,71,91,15,53,20,21,49,96,5,38,61,2,27,12,54,85,49,30,22,49,91,60,69,29,44,58,33,51,13,23,95,62,69,9,92,30,25,2,0,83,21,85,59,13,93,36,38,80,39,70,36,97,87,53,45,42,73,58,13,60,2,17,78,78,52,12,76,57,76,68,66,34,76,11
94,24,43,13,79,57,81,50,71,88,87,41,43,42,22,39,59,30,93,50,50,45,18,6,31,58,2,11,76,47,33,13,24,95,64,20,0,53,87,94,83,97,39,96,74,37,0,2,79,17,57,36,53,69,45,54,17,82,2,50,21,29,21,85,11,68,12,60,30,86,60,51,28,33,52,73,47,38,27,17,13,94,2,80,91,13,65,48,70,33,24,98,66,0,96,41,57,33,56,86
81,37,81,43,42,27,33,40,29,15,43,78,97,73,45,61,43,24,76,52,67,94,53,27,83,7,85,40,52,54,78,6,32,17,78,48,41,24,54,39,1,90,75,36,79,88,13,61,78,35,4,18,30,17,8,4,67,35,10,62,18,70,29,88,3,64,83,69,77,14,99,96,90,45,93,79,59,69,6,57,12,75,34,31,48,82,25,38,11,69,93,31,53,57,10,47,63,13,23,86
30,28,77,48,97,78,47,59,85,52,96,12,91,98,10,5,77,6,12,32,70,51,43,51,79,16,42,48,8,67,16,95,93,15,99,54,97,38,30,1,73,48,28,32,98,57,16,34,33,61,6,55,36,6,24,95,38,58,62,70,17,84,76,20,40,18,69,59,51,69,97,91,23,5,21,70,67,60,36,69,97,62,54,19,47,90,55,77,49,32,70,54,7,54,84,22,12,62,48,19
71,59,66,87,79,52,60,85,10,71,29,14,47,57,96,76,60,23,42,3,55,49,36,96,45,55,23,31,50,22,15,41,92,64,15,36,69,8,83,15,36,77,88,5,0,87,9,17,58,41,39,56,86,25,22,28,4,45,75,73,60,2,78,30,38,92,33,46,90,82,84,45,57,20,65,35,89,39,32,99,18,76,95,44,5,57,7,57,47,33,78,23,7,11,10,18,94,95,56,49
28,1,82,94,80,95,87,34,48,81,69,53,19,64,77,39,20,44,75,28,79,79,49,89,88,68,33,4,44,80,91,57,24,61,66,87,13,81,32,36,23,34,24,52,50,72,75,37,46,87,19,0,51,39,68,36,97,90,1,45,27,89,60,86,27,63,14,12,90,83,78,96,52,33,66,32,26,66,99,99,69,53,29,42,72,73,74,42,24,40,62,33,40,24,93,9,27,74,84,52
96,94,46,58,17,71,62,37,85,32,86,60,48,6,36,2,14,5,33,45,19,6,6,43,70,7,75,9,41,19,80,92,97,68,3,6,16,63,96,66,51,99,68,83,43,55,57,31,96,98,39,51,68,97,31,56,13,84,69,98,30,53,68,32,89,38,95,80,59,82,24,35,89,64,84,74,74,15,10,94,34,30,81,10,21,64,16,99,87,16,97,64,60,12,6,88,63,28,96,25
64,87,35,58,47,13,64,33,45,39,34,83,97,23,58,37,28,52,6,30,65,7,65,71,45,89,53,71,92,98,3,31,21,70,64,73,76,51,62,30,56,14,61,5,21,99,20,9,48,56,31,18,66,65,18,23,83,99,26,9,79,4,84,92,60,20,68,5,8,74,43,58,35,24,68,89,1,12,61,48,32,24,21,26,12,62,8,57,44,7,23,24,33,78,15,87,55,32,37,57
80,1,26,22,6,38,61,55,37,67,34,40,62,5,4,48,75,26,39,32,18,0,70,70,90,83,87,76,49,38,37,58,56,98,45,33,65,87,98,14,35,36,27,87,93,6,46,77,80,29,66,96,83,35,22,23,85,29,89,67,30,99,63,16,91,64,50,63,60,56,43,71,48,11,39,43,56,24,93,61,62,94,86,17,94,6,76,89,54,14,69,73,61,98,52,46,22,98,78,92
19,36,59,6,98,56,96,27,33,54,88,47,90,67,27,75,14,8,7,82,98,92,63,60,44,96,39,1,4,98,21,16,27,88,21,18,29,75,40,31,55,24,36,52,48,10,65,70,41,10,11,58,4,85,55,90,34,64,64,13,10,78,55,3,66,95,44,44,76,60,80,8,46,87,63,3,79,84,55,46,18,23,16,14,53,54,60,78,99,95,7,9,23,11,79,46,41,9,57,32
92,46,4,80,2,6,15,49,47,26,95,84,80,40,47,70,33,99,91,64,79,60,37,22,64,62,50,92,76,23,98,57,21,59,99,65,87,94,91,62,45,14,83,91,1,55,27,78,67,64,32,72,30,47,56,20,40,17,32,76,96,4,62,72,73,89,94,33,33,46,72,33,81,65,75,43,20,67,56,65,68,81,7,71,80,29,7,6,84,73,57,81,11,12,61,12,87,58,61,14
48,67,89,36,10,75,37,48,57,97,91,16,7,62,3,67,57,25,19,73,24,82,72,60,22,52,48,35,33,44,24,71,40,4,90,68,41,48,19,2,76,60,70,23,97,86,97,22,45,96,30,56,82,75,23,50,2,83,34,7,51,76,83,9,85,73,83,8,37,67,15,58,29,41,99,69,37,23,73,83,44,73,35,37,53,66,64,16,93,98,39,84,14,70,57,86,19,39,81,6
55,90,75,46,92,18,54,43,48,71,47,90,22,64,10,2,79,30,40,96,61,16,36,75,70,90,39,84,70,21,83,47,10,4,35,76,97,50,13,0,49,60,39,3,67,70,76,71,40,2,34,72,80,10,7,28,18,36,45,81,66,39,49,34,35,48,85,91,36,7,22,17,13,32,0,46,75,50,27,1,74,16,92,63,48,11,59,59,10,84,7,47,39,58,16,4,25,91,35,39
77,65,1,22,87,36,31,32,50,9,94,64,2,98,40,89,75,75,57,83,43,37,1,25,41,21,94,57,21,86,54,72,96,52,52,71,88,1,56,47,29,94,38,76,66,9,75,82,51,91,98,89,1,65,50,55,17,5,29,68,14,23,42,90,21,45,77,67,55,9,51,21,18,37,65,64,90,97,85,11,87,50,79,32,79,42,47,66,37,81,69,74,53,7,59,18,44,68,23,19
21,61,63,1,14,35,30,61,57,78,69,78,82,1,76,25,78,38,72,64,90,30,56,75,90,94,12,31,93,7,86,62,10,52,37,11,41,56,5,94,88,52,4,65,26,7,75,0,29,63,88,55,24,55,84,78,88,40,94,64,21,17,51,29,41,64,89,79,96,90,42,9,46,35,87,83,70,80,98,81,9,90,89,42,60,16,72,92,99,69,57,19,50,35,5,88,54,28,79,30
29,35,98,71,28,19,11,8,73,21,76,91,21,7,69,9,48,10,1,17,44,96,25,51,9,55,60,63,58,67,91,6,90,7,52,79,53,12,19,60,37,81,53,66,70,2,1,92,98,52,6,96,7,71,66,53,38,49,52,37,41,95,0,61,93,97,37,31,10,97,54,28,53,45,38,92,51,27,73,91,44,87,63,54,95,33,43,23,6,87,78,46,90,38,7,58,7,9,19,8
42,32,7,54,33,72,57,47,41,54,44,91,4,74,64,91,5,73,17,35,99,36,73,32,50,90,56,69,9,92,76,73,86,3,91,72,69,62,93,88,36,55,12,46,56,45,65,70,44,76,92,80,18,21,97,93,28,9,63,10,61,33,92,75,14,67,10,37,65,28,55,70,11,58,35,78,54,37,59,64,81,59,56,73,92,92,59,14,72,16,40,85,65,68,89,18,9,33,75,29
49,97,73,30,66,58,34,22,32,41,57,40,87,24,8,21,51,97,90,14,32,95,74,67,28,50,81,45,63,83,4,80,9,14,98,32,94,37,40,34,80,30,80,60,3,44,94,97,25,86,70,94,53,6,2,18,45,22,7,77,93,10,47,30,61,30,74,35,39,73,63,14,16,55,31,58,12,35,68,10,92,74,91,94,34,93,32,36,74,17,39,18,91,6,85,72,29,89,86,88
16,87,13,86,82,24,22,34,15,65,14,57,2,78,78,5,1,83,79,8,54,86,42,28,84,79,41,52,81,96,12,27,89,72,11,23,21,82,65,45,39,6,98,0,62,88,94,88,98,74,37,38,56,82,15,90,37,12,77,24,5,30,98,99,47,90,77,56,97,0,92,39,37,17,82,21,79,88,11,87,6,89,52,58,14,8,10,12,1,71,67,99,89,16,20,57,90,22,51,65
41,91,24,96,48,88,7,27,79,9,54,69,4,39,53,97,11,60,48,24,68,19,68,61,21,53,73,65,17,32,28,54,79,90,68,7,41,77,41,18,84,11,69,55,81,77,36,77,39,59,27,40,24,27,40,74,5,69,8,78,69,27,1,59,2,85,29,17,92,42,12,43,44,11,62,57,33,48,72,76,34,60,1,40,34,88,43,43,26,1,8,85,29,45,10,40,98,73,25,57
36,57,88,36,54,56,5,18,3,26,59,25,31,4,46,58,61,35,20,86,10,13,58,26,26,69,71,13,51,41,38,84,85,23,96,3,66,18,72,79,67,8,83,52,92,89,88,20,38,46,92,45,46,11,64,76,39,70,43,3,85,82,16,6,0,4,93,95,75,78,97,19,18,42,1,77,92,62,89,26,76,78,75,11,10,61,97,84,21,66,87,89,72,51,41,23,17,64,71,16
71,11,96,32,68,60,20,9,87,1,72,58,53,67,25,92,71,71,57,9,52,55,7,87,8,37,75,58,99,39,13,30,45,50,67,75,72,98,26,62,1,18,62,21,57,57,13,0,31,92,9,37,26,38,87,57,69,19,57,83,47,41,93,5,69,22,64,19,83,55,9,58,30,25,70,94,77,12,97,67,88,96,8,1,22,87,55,99,59,25,27,16,56,18,21,89,39,64,82,50
88,21,46,88,78,7,52,31,85,47,99,34,16,0,54,96,90,6,38,86,90,88,10,39,51,22,14,87,75,27,85,29,4,66,29,44,85,48,80,45,80,40,95,27,40,79,32,24,30,83,21,16,38,51,65,29,23,4,0,26,45,39,82,60,10,4,93,94,15,35,18,32,74,53,59,4,77,22,40,46,51,10,8,27,87,66,8,97,37,62,18,54,97,25,92,58,11,29,44,90
77,4,7,15,72,20,6,32,50,36,5,22,5,91,11,6,61,98,84,8,36,54,6,35,11,32,23,80,66,62,96,80,49,59,78,11,10,51,47,31,34,21,20,39,91,94,46,77,24,70,80,18,69,25,42,81,47,45,75,1,36,36,38,81,92,42,12,39,31,19,59,26,35,74,78,42,18,54,84,24,33,59,76,98,19,56,71,72,45,79,17,66,41,21,29,16,62,74,3,65
76,45,49,83,35,86,88,54,65,53,34,91,54,84,36,5,11,9,92,81,45,50,40,63,43,54,67,85,76,41,73,26,48,47,27,8,64,25,26,36,45,85,12,95,76,10,97,79,53,1,3,6,0,31,61,48,1,54,22,44,0,62,42,5,3,2,35,7,65,36,58,40,29,92,2,66,3,20,33,43,16,36,90,85,48,25,30,20,73,43,71,13,7,46,0,32,23,1,46,30
5,87,22,13,74,4,99,42,76,18,39,2,52,97,62,65,42,72,41,15,3,92,74,16,26,68,89,76,85,90,96,36,2,53,25,36,55,38,44,78,29,53,60,56,2,58,19,30,94,1,61,95,81,40,55,62,19,60,24,20,92,96,37,89,91,62,27,9,97,46,49,50,36,56,66,28,74,54,80,69,1,80,91,90,44,81,37,78,23,59,34,82,90,14,48,90,96,54,69,32
23,80,6,91,75,16,20,39,71,68,34,60,49,20,53,9,22,13,21,96,87,60,37,11,95,90,51,13,57,98,29,68,46,64,27,51,44,64,66,29,10,82,18,45,79,5,81,39,83,74,19,24,81,84,51,86,8,98,72,0,49,50,10,25,69,13,35,68,93,48,93,81,54,34,90,82,72,35,3,25,58,70,79,70,39,10,7,73,80,32,20,10,70,97,13,93,45,21,39,80
56,1,56,0,12,49,54,89,78,23,81,71,76,10,28,6,59,59,26,61,40,90,74,99,63,99,8,58,42,47,39,65,95,70,7,21,43,32,24,49,43,97,89,76,64,74,47,41,23,46,95,93,96,61,71,39,48,16,22,93,43,14,75,78,96,32,58,94,76,9,74,11,65,44,42,17,23,30,57,73,6,91,30,62,63,13,52,2,57,81,15,45,36,67,62,8,37,62,54,97
86,5,57,41,98,84,17,34,68,94,91,4,23,79,31,84,13,82,54,37,18,66,52,15,74,35,65,25,48,44,46,6,86,71,81,52,32,18,28,62,28,37,0,37,44,53,47,2,48,64,40,90,87,34,95,31,69,36,64,7,44,99,50,22,79,77,13,25,37,57,49,2,26,89,54,84,16,45,77,97,1,94,93,59,97,85,42,64,16,27,39,64,93,26,23,29,66,66,55,27
3,29,71,2,15,29,11,5,19,28,97,53,50,14,96,63,82,48,41,47,92,16,74,70,74,74,80,71,82,30,33,58,32,19,23,29,43,80,65,5,4,30,71,45,75,35,62,38,87,58,91,60,92,19,68,60,17,42,5,15,60,40,96,6,99,34,80,32,17,39,56,14,61,49,32,90,7,52,67,28,92,27,31,46,41,44,2,82,65,42,62,22,48,93,64,15,59,51,66,63
13,15,90,42,57,47,99,40,91,30,34,86,25,64,68,34,34,10,40,61,82,43,28,7,1,30,56,78,18,77,17,53,68,90,81,36,0,80,20,18,90,6,97,6,98,68,67,83,64,95,58,55,32,24,90,67,7,49,69,82,87,81,26,91,26,5,26,24,66,51,88,89,25,26,82,90,60,32,62,55,66,70,31,62,59,22,48,30,16,55,3,22,42,97,92,69,66,12,49,82
3,28,90,57,39,51,38,81,93,31,60,76,61,14,37,72,27,32,14,36,73,48,26,96,67,8,15,22,80,35,26,63,47,68,90,13,85,5,37,87,18,98,69,58,52,4,10,99,12,91,29,88,28,52,34,83,81,67,0,23,90,74,80,49,22,94,25,66,87,20,62,24,4,0,30,54,32,61,22,10,66,82,52,75,45,35,58,20,66,93,73,47,5,4,57,26,92,95,45,12
