65,58,89,78,1,52,37,24,64,87,84,93,80,24,86,51,95,30,3,43,12,34,11,71,10,85,82,11,57,61,80,55,97,63,25,80,71,40,51,45,35,45,28,37,76,78,64,40,0,48,76,50,56,80,72,23,40,16,84,43,67,43,61,1,41,60,16,34,26,47,80,25,31,54,17,27,57,5,25,35,67,85,58,22,22,30,11,90,47,67,36,54,8,47,45,8,12,70,78,26
88,42,97,81,56,69,93,56,4,59,76,78,83,29,61,99,42,54,83,21,14,66,61,43,44,21,14,43,50,49,99,13,79,80,45,20,77,89,9,53,39,58,10,55,73,85,13,66,88,16,4,60,71,65,65,86,96,38,42,39,16,41,99,0,18,26,96,76,11,40,37,11,67,58,80,66,25,83,81,46,76,46,42,51,82,96,58,71,70,41,69,11,86,2,93,78,32,27,6,10
1,76,57,36,64,30,11,81,62,7,58,26,14,74,62,61,96,19,61,34,3,47,93,89,31,16,18,18,59,63,32,85,68,26,4,66,31,78,99,58,48,15,24,44,75,64,58,54,61,25,94,35,40,59,48,98,64,11,22,22,98,15,13,66,91,6,27,80,90,23,6,57,76,94,59,75,29,43,1,68,24,20,25,79,59,45,61,33,77,27,93,2,72,38,53,73,67,32,58,22
67,64,2,52,90,60,51,52,53,59,8,93,21,18,53,88,53,14,36,44,4,87,54,48,43,17,73,6,55,52,97,88,52,98,74,85,49,92,47,97,83,61,81,30,66,13,67,28,87,22,10,48,96,69,22,62,10,19,64,0,52,14,12,27,83,88,62,40,34,68,56,52,48,60,35,10,68,63,23,6,15,63,94,80,55,23,61,78,37,36,58,83,30,66,94,29,90,22,47,42
16,54,18,56,10,29,62,78,13,53,53,91,47,3,0,33,5,50,39,2,4,77,47,69,32,43,88,0,43,81,64,31,43,27,9,48,75,63,15,22,17,63,48,17,90,38,21,87,43,23,8,41,39,81,24,88,26,83,18,67,44,40,81,99,41,7,0,23,5,43,16,1,83,29,18,37,11,91,20,6,41,52,27,91,22,93,24,29,49,64,40,74,63,32,30,21,47,82,41,18
18,47,32,60,48,43,13,68,72,6,73,9,94,78,97,21,17,24,31,11,73,48,53,1,38,0,32,50,8,76,62,54,68,26,24,7,19,57,46,37,83,4,8,36,26,85,46,29,88,51,94,99,9,81,18,29,75,52,2,86,74,9,99,92,29,81,66,37,9,67,60,76,74,0,10,89,42,33,30,17,19,48,96,17,37,44,55,76,61,57,4,16,17,85,78,54,51,82,1,27
54,16,53,5,96,86,10,22,58,29,32,55,54,98,85,96,70,77,28,76,36,46,47,37,62,76,73,22,24,17,41,69,36,62,95,16,77,59,48,59,21,27,26,13,57,86,81,37,36,40,61,44,75,64,53,0,4,41,42,79,67,61,70,22,38,67,95,57,12,79,76,58,36,30,34,34,4,42,61,84,6,45,69,56,68,54,9,78,32,90,66,89,63,30,41,59,94,17,85,53
75,24,23,49,18,93,56,15,8,82,28,16,89,44,33,96,18,4,52,7,58,21,68,17,82,73,69,36,80,30,76,83,89,9,96,72,76,93,94,34,51,25,86,74,16,17,61,48,41,39,96,95,17,24,95,45,35,73,83,44,9,83,41,95,22,11,63,97,17,75,42,45,70,19,20,81,48,75,45,57,89,7,20,81,17,33,78,19,85,94,41,40,49,8,28,25,58,20,13,26
70,17,66,50,97,37,76,3,12,20,76,97,42,62,4,34,59,5,46,94,38,49,1,60,47,45,89,57,89,32,85,39,38,36,16,55,45,46,33,58,77,2,56,42,20,2,16,97,15,68,75,10,9,53,23,63,92,42,96,79,15,5,87,78,74,8,16,95,36,26,84,62,55,99,71,51,35,47,73,7,64,6,88,19,6,95,13,6,67,95,68,92,32,89,39,53,69,21,88,94
63,82,35,76,17,33,22,64,55,20,2,80,47,43,55,41,29,2,53,0,53,28,43,2,72,52,94,56,88,95,54,53,19,86,8,40,67,73,92,1,92,73,96,67,71,55,62,24,18,71,14,91,13,28,95,75,87,73,83,0,3,33,79,50,94,24,2,50,74,67,95,75,26,11,45,58,41,29,54,21,45,37,88,32,23,25,60,78,77,44,98,45,21,13,31,95,26,34,22,81
46,95,57,56,45,17,39,22,84,55,11,43,82,16,8,74,5,97,68,11,54,30,96,63,62,17,30,87,97,20,2,58,70,77,3,54,57,23,65,66,53,11,48,53,73,37,97,99,37,53,49,3,34,47,36,41,47,35,83,62,81,29,9,4,98,41,64,4,34,74,40,80,71,79,51,58,34,79,3,76,59,30,21,88,73,89,34,64,64,57,91,12,48,1,79,5,3,38,30,58
84,50,59,76,63,53,58,83,45,70,38,96,88,94,1,36,56,74,14,0,96,56,50,45,72,77,49,90,25,78,95,0,28,73,94,4,68,50,30,33,42,35,3,1,95,2,96,18,73,50,17,56,52,97,12,97,80,32,58,34,23,64,24,99,72,29,21,26,39,74,78,61,73,50,77,24,57,38,9,45,53,51,62,29,31,74,5,1,59,15,94,23,38,87,73,29,57,18,69,26
44,13,12,53,78,94,29,80,78,94,23,16,32,36,53,38,2,60,12,60,23,69,65,42,17,76,42,60,51,67,57,58,66,87,66,75,74,15,1,63,5,17,71,44,15,6,55,8,16,2,42,62,15,2,24,90,21,60,66,42,59,32,81,76,41,56,73,38,3,45,79,6,58,77,17,6,48,11,11,19,30,82,83,15,74,39,2,32,9,73,39,5,27,62,1,40,78,8,37,78
10,65,54,40,18,93,24,11,72,55,5,6,71,47,31,63,98,23,99,64,62,40,31,9,81,32,34,12,13,86,97,99,59,87,39,54,89,96,82,85,28,5,57,95,60,76,1,78,62,11,40,53,23,49,90,68,83,7,83,34,13,12,83,42,43,14,28,80,30,48,29,90,50,73,40,75,12,23,78,33,86,50,40,81,41,91,42,75,95,34,12,38,39,84,61,90,28,98,59,53
41,39,38,49,76,0,69,49,16,26,90,94,94,56,71,73,4,8,53,31,7,85,62,26,78,24,36,26,43,99,72,11,44,98,25,50,16,5,32,35,32,7,65,3,6,78,97,32,46,83,60,35,45,53,44,11,34,10,43,28,53,42,89,15,88,33,41,82,12,40,38,98,63,24,15,71,42,55,23,48,10,11,15,95,83,41,50,20,73,95,20,43,72,59,4,68,76,72,35,59
95,58,1,61,9,86,71,66,6,64,76,69,38,62,86,79,71,50,76,67,89,71,41,67,70,73,36,92,1,99,95,59,36,39,47,21,75,53,70,21,62,16,92,9,2,50,72,83,91,15,51,57,26,14,39,53,65,72,58,43,6,38,9,53,49,37,56,30,25,41,48,62,10,79,64,86,20,17,43,67,25,88,58,66,9,20,62,63,3,97,60,75,61,21,45,13,21,62,70,83
98,90,93,27,14,62,35,24,73,73,69,84,68,26,89,29,97,77,41,63,86,59,12,54,94,59,38,47,15,62,43,81,94,11,12,59,46,24,29,85,95,87,26,28,96,12,97,35,79,84,42,52,76,58,25,80,70,14,57,51,45,64,63,32,47,62,34,62,2,82,10,99,98,39,32,81,24,91,77,59,46,99,3,86,96,43,56,67,52,0,82,85,14,84,48,95,2,46,92,12
2,63,83,34,65,37,1,90,26,34,61,51,71,85,85,93,73,37,12,25,53,87,37,10,74,39,32,51,90,30,43,21,18,88,15,12,45,73,54,71,1,77,73,12,50,77,0,69,69,21,53,2,93,53,62,13,12,72,18,76,56,8,58,37,18,8,6,19,49,2,15,57,69,81,58,49,42,60,95,31,87,6,39,27,39,75,96,94,58,40,14,29,71,66,11,25,55,79,93,99
54,30,92,66,2,50,19,88,43,71,19,34,91,16,27,16,79,21,48,13,51,6,1,55,64,45,76,24,7,78,74,61,63,87,41,72,36,6,72,74,58,92,44,61,96,40,8,69,18,23,82,42,87,2,14,42,26,61,82,73,75,48,88,5,17,87,21,42,15,47,78,98,27,84,70,70,60,62,50,45,80,17,94,45,34,85,29,97,99,70,76,86,84,61,60,7,16,24,49,60
18,13,11,81,25,59,33,12,94,64,94,69,28,55,83,15,20,82,50,41,67,88,81,71,60,2,44,94,34,31,21,54,80,47,90,3,21,84,52,8,94,77,62,61,63,76,42,58,85,54,42,86,51,55,76,14,60,98,42,63,10,5,84,24,22,97,68,48,38,41,72,40,84,82,68,12,24,70,23,20,9,16,32,15,86,66,30,60,45,46,69,34,70,72,96,78,37,84,95,11
93,97,49,26,64,29,72,27,72,80,30,60,60,28,48,45,73,83,79,90,49,73,34,62,18,73,67,53,5,87,93,52,73,47,79,80,86,93,20,5,26,1,39,70,14,27,27,59,8,61,19,19,30,92,71,76,31,55,42,96,22,70,53,21,3,61,74,12,30,91,6,91,83,86,77,99,84,96,8,3,10,71,13,67,78,10,55,75,1,16,25,2,88,10,36,72,34,45,81,77
16,58,45,81,86,24,9,1,36,8,99,47,68,26,42,18,67,47,90,60,99,55,31,89,19,7,96,14,95,33,37,47,96,23,90,71,28,85,59,62,23,74,32,95,61,51,62,52,24,44,41,55,14,39,37,77,27,67,36,22,53,7,34,51,50,33,44,28,52,90,3,41,69,6,72,28,45,68,85,98,32,60,3,32,85,62,64,32,5,17,32,73,21,76,60,71,18,44,15,5
3,51,76,33,7,29,90,90,82,14,34,26,1,56,96,66,1,30,93,27,83,18,41,27,11,24,54,9,0,61,83,17,53,72,83,57,55,78,30,93,61,73,99,2,30,87,48,6,37,89,31,47,70,80,6,39,54,3,77,64,85,15,97,25,29,76,53,58,86,66,81,32,85,9,2,41,70,5,20,3,70,61,0,15,75,30,31,54,22,73,61,84,83,79,79,9,91,61,35,97
9,56,6,24,39,89,56,19,51,51,47,22,19,99,30,11,72,57,85,12,84,65,74,73,11,56,20,81,88,50,20,87,62,60,17,84,62,71,8,16,0,84,37,7,73,83,19,79,35,40,98,92,84,49,88,67,26,42,77,8,64,42,34,18,98,23,62,89,76,34,52,97,5,96,39,29,39,33,3,55,58,32,48,23,73,28,50,75,78,22,68,34,50,6,54,8,70,37,62,39
53,53,82,60,2,89,0,45,90,85,52,36,22,80,99,16,72,73,89,83,72,99,8,33,19,67,4,52,48,52,48,33,82,98,27,67,90,16,52,15,9,7,44,84,28,64,1,77,60,1,5,29,9,46,45,15,94,39,76,66,98,18,4,53,42,55,63,93,19,95,95,63,1,34,52,13,63,9,72,92,66,89,30,36,55,90,96,61,96,51,70,47,94,59,14,76,22,25,6,22
8,29,54,20,2,64,44,54,74,14,79,85,37,23,7,60,36,75,27,34,92,71,69,33,86,30,63,73,70,0,43,98,85,51,68,78,39,99,36,67,87,68,99,57,86,40,29,13,74,2,37,71,23,71,26,22,5,19,86,42,29,4,35,69,66,36,33,27,68,5,75,20,40,22,86,36,44,12,12,40,99,54,67,64,80,43,45,29,66,27,80,87,83,33,18,3,87,76,6,21
78,16,15,62,35,92,2,66,28,55,64,59,89,92,39,52,24,43,17,30,19,89,7,30,29,3,56,37,0,72,50,20,89,61,22,31,23,91,35,10,65,88,61,88,90,35,12,76,50,58,48,29,95,17,61,97,27,22,60,34,49,87,81,94,24,36,33,93,27,74,91,85,80,89,38,54,88,15,14,28,87,90,44,34,41,52,37,65,20,1,11,98,67,38,75,89,12,93,31,11
1,6,4,66,92,53,60,41,69,73,33,7,99,49,46,69,63,26,40,77,33,34,85,45,68,68,73,29,72,72,29,49,4,14,17,15,34,91,59,53,52,17,50,94,57,41,58,47,52,22,21,50,29,99,90,55,85,21,18,64,69,53,24,23,28,95,7,37,54,21,23,22,92,69,80,13,97,96,39,67,8,76,40,72,69,50,50,57,74,10,26,99,18,16,98,13,1,59,56,59
23,21,39,53,35,95,88,63,68,87,35,85,75,96,61,82,12,13,64,85,51,15,98,45,96,96,59,80,19,53,14,87,49,24,61,76,48,51,24,1,62,10,56,1,41,39,16,93,63,33,49,69,1,78,48,76,50,7,69,94,22,74,40,74,61,82,95,5,11,68,94,26,14,89,15,75,18,49,62,89,81,74,9,0,14,1,91,61,77,67,38,81,81,48,3,35,99,87,50,27
63,70,38,28,8,92,15,7,90,44,99,29,23,60,40,62,3,64,44,68,84,38,51,8,50,3,6,63,10,23,17,94,34,54,78,28,61,71,34,94,69,55,29,66,45,87,66,19,53,50,77,28,36,2,32,43,72,70,13,38,67,98,58,86,15,23,64,97,77,29,50,94,99,99,94,23,42,59,58,43,66,67,36,18,21,32,84,22,35,69,60,48,37,88,59,40,10,21,51,49
43,0,92,93,0,54,81,86,98,8,29,55,36,32,12,25,54,24,53,22,52,45,60,40,73,93,25,82,3,21,83,25,84,35,12,54,52,64,66,57,30,25,19,65,93,92,82,7,59,82,13,33,77,61,48,42,2,0,16,46,74,83,41,53,91,45,25,17,95,63,82,68,82,36,47,59,75,88,0,90,85,70,77,9,15,21,16,72,89,23,19,87,47,81,92,80,61,67,45,51
93,62,15,4,9,31,15,56,32,98,61,74,40,4,57,69,42,58,92,96,53,40,87,73,38,81,44,51,10,93,22,98,30,46,28,53,67,0,21,84,50,57,45,8,11,75,32,89,74,8,5,87,43,8,96,32,31,75,97,57,32,88,77,64,70,29,70,39,13,13,78,55,7,15,17,96,23,49,56,89,23,41,46,40,82,87,6,73,2,10,20,19,30,38,89,52,78,15,99,1
27,39,86,50,49,92,40,42,67,64,35,97,22,36,60,80,23,22,25,10,24,42,72,49,82,24,76,97,36,35,2,8,4,58,12,27,55,76,78,93,55,82,74,34,85,42,45,63,50,91,52,73,19,64,54,95,60,5,92,2,53,21,75,99,41,62,38,32,8,52,91,37,69,9,16,11,17,65,79,92,62,74,73,53,96,67,80,56,97,31,54,52,70,17,94,75,9,19,38,60
78,0,16,72,78,14,71,27,87,76,93,24,55,29,2,41,31,36,80,4,21,69,34,92,1,77,60,72,53,89,89,11,32,86,4,32,37,53,33,84,93,80,24,71,70,75,7,20,72,66,53,9,71,42,0,3,95,34,72,66,96,27,30,13,74,5,91,54,19,10,75,6,60,24,35,60,43,56,42,59,16,53,24,49,59,16,39,47,17,82,75,72,95,7,67,79,63,10,6,89
75,89,57,59,17,69,42,88,37,43,9,99,25,38,35,21,22,9,64,2,85,12,99,79,97,27,50,43,1,71,96,54,27,6,78,52,62,38,65,75,5,34,77,37,40,44,52,56,16,75,91,95,5,61,58,66,27,29,92,15,63,8,17,77,27,57,75,22,61,35,40,20,46,83,42,20,34,28,43,35,12,60,20,30,99,72,44,62,5,63,61,18,81,20,65,33,76,26,93,48
16,89,92,56,97,59,68,24,85,37,30,26,63,9,42,16,29,65,79,39,26,10,60,60,23,95,53,31,86,52,1,49,45,15,88,50,1,78,94,25,23,3,75,48,92,78,63,23,61,65,33,96,22,94,79,73,93,45,0,91,96,73,58,32,3,10,97,12,79,20,18,55,74,71,9,26,44,19,93,29,89,92,17,22,46,51,92,29,59,35,18,52,14,43,43,38,81,57,10,79
14,93,78,10,92,92,61,76,54,36,92,1,84,12,55,53,30,57,16,49,1,41,44,47,33,39,35,72,9,64,35,98,51,85,87,27,75,11,97,5,91,60,58,27,5,3,48,64,53,88,31,59,99,78,81,52,37,6,39,15,46,68,64,39,53,44,40,77,25,79,87,62,51,45,58,11,54,21,43,49,68,0,96,21,33,90,45,74,65,62,35,5,59,12,81,31,17,6,51,23
0,33,78,11,88,78,75,85,14,29,52,29,50,0,32,86,15,6,36,66,38,68,66,48,42,9,63,34,58,62,38,43,98,76,63,71,57,14,98,93,97,99,84,19,23,74,95,70,61,61,3,36,39,48,82,39,42,2,81,51,49,14,46,13,34,64,57,75,60,38,6,8,78,56,17,49,21,0,81,77,68,95,25,87,25,65,89,42,51,24,80,27,70,4,26,15,55,93,44,7
77,23,13,97,31,91,93,59,89,92,14,28,26,45,98,92,95,69,24,50,49,65,94,41,24,6,44,2,55,45,0,70,65,91,57,84,55,93,84,47,54,56,53,33,68,86,51,47,98,19,34,13,16,16,29,10,63,38,2,83,5,77,50,93,44,59,39,13,54,25,96,75,26,41,95,22,82,7,26,83,53,10,17,69,35,34,61,82,65,69,77,13,49,39,65,8,5,87,15,44
40,63,63,59,5,51,56,86,57,75,82,17,37,60,83,1,20,37,72,24,95,67,29,64,15,62,21,66,73,67,85,17,25,16,28,40,40,26,28,5,47,3,92,45,97,87,65,68,38,13,60,90,99,32,38,0,47,79,51,24,47,3,36,89,53,75,56,90,82,38,70,39,33,98,2,26,6,24,63,41,53,1,0,85,81,60,47,17,28,85,25,77,51,54,34,86,80,97,81,73
32,51,84,16,32,60,66,13,36,11,73,1,61,9,72,40,28,71,77,55,8,53,65,3,59,38,61,34,54,37,61,60,98,21,68,85,58,58,19,81,65,68,62,85,51,90,21,33,57,84,20,71,94,58,67,7,72,21,57,60,83,43,88,24,43,75,3,45,97,67,22,84,68,47,67,18,9,43,54,45,59,81,36,16,54,56,97,28,97,13,24,8,63,64,48,25,31,43,20,11
63,79,57,15,35,32,48,55,44,44,83,95,23,60,84,58,48,60,25,0,92,92,44,31,18,67,95,22,75,43,49,53,78,27,55,21,15,47,69,91,56,98,65,40,0,19,6,25,4,73,6,4,25,95,98,59,45,13,56,52,39,77,96,58,76,63,88,28,47,24,61,32,73,5,14,56,47,36,52,65,22,83,53,4,33,71,34,82,22,89,16,94,70,55,18,79,99,25,33,49
63,22,42,54,51,55,29,38,68,36,47,18,39,99,69,11,83,18,32,50,54,15,37,78,57,98,95,94,2,64,33,3,81,15,2,43,63,11,83,35,73,99,50,1,5,49,70,69,28,85,76,5,85,44,37,77,51,14,26,25,36,61,68,96,66,21,46,36,15,74,85,95,53,49,67,16,73,87,48,0,64,31,9,78,4,31,76,46,80,3,73,90,27,62,38,37,32,50,1,74
8,26,60,45,2,86,44,65,67,36,96,78,2,26,28,62,25,21,84,71,22,85,98,35,54,78,68,49,19,60,97,96,19,90,72,86,60,6,18,35,83,57,17,96,66,53,69,91,73,69,11,89,95,52,38,31,28,38,45,22,90,12,88,22,74,63,51,34,72,17,97,38,2,8,79,57,65,35,3,71,57,12,12,71,91,7,56,19,31,33,93,69,34,86,59,20,50,32,3,48
94,22,0,95,58,65,86,94,55,86,36,92,51,56,88,2,75,12,66,65,46,0,37,53,67,10,78,46,12,82,95,25,21,75,77,36,32,30,27,31,99,84,94,4,45,16,45,94,46,77,6,94,41,50,36,35,88,84,20,29,78,88,71,81,22,78,30,19,53,30,25,0,73,99,22,74,81,29,41,39,41,72,21,75,16,84,34,39,49,23,15,87,30,90,60,87,40,25,80,14
63,18,88,72,11,5,27,46,41,9,39,96,95,51,51,87,39,52,43,80,71,53,17,18,86,49,65,60,44,74,22,55,7,36,57,95,86,11,75,53,19,40,24,66,93,71,31,22,30,13,20,75,13,57,91,97,84,64,14,35,53,10,74,49,18,24,47,71,93,53,28,9,9,37,3,56,23,84,87,52,69,60,28,0,8,94,76,20,67,60,79,66,16,57,82,5,86,85,38,54
69,11,51,20,62,68,32,27,28,86,97,85,32,71,19,38,44,9,18,27,26,24,57,43,4,55,95,77,77,63,66,4,9,97,48,69,57,46,27,83,56,17,54,98,87,82,66,74,96,67,19,23,19,72,67,30,58,52,13,75,21,10,4,91,71,62,7,64,20,50,89,87,57,21,41,26,50,44,76,32,29,18,4,94,65,33,65,4,61,72,4,37,20,27,87,97,23,16,99,17
70,53,29,76,88,90,0,24,29,45,81,47,34,3,85,14,31,70,76,29,2,62,83,69,13,26,59,42,86,82,77,36,26,13,99,58,95,32,81,2,32,53,21,52,47,86,9,82,47,4,39,33,77,0,71,94,3,90,24,4,67,7,13,53,62,65,71,44,30,54,65,35,15,14,13,27,90,71,98,30,56,70,66,99,64,73,8,76,60,99,95,93,83,44,99,49,37,87,70,19
12,46,72,64,42,29,88,67,92,2,10,86,90,5,77,88,10,92,54,4,75,86,91,41,82,14,43,23,99,59,19,99,54,62,10,99,46,84,38,33,60,34,22,54,97,47,85,23,77,74,40,84,87,22,21,82,55,75,68,23,8,57,26,75,79,99,90,90,25,70,28,97,91,61,62,95,28,55,57,5,78,16,55,10,22,91,31,9,78,12,3,41,76,78,84,48,20,93,33,75
72,40,0,26,56,90,53,59,77,66,45,10,80,52,84,37,43,26,87,9,76,65,84,49,78,54,12,42,56,37,3,56,71,97,65,73,37,36,40,52,87,58,21,50,39,71,28,32,18,87,61,36,41,2,47,87,48,95,14,64,48,37,76,56,75,61,16,38,46,28,99,29,50,99,34,8,32,29,98,26,55,64,51,59,24,19,31,28,69,32,30,91,20,77,83,51,62,29,95,0
44,39,90,22,94,60,39,60,71,61,8,44,38,63,27,86,58,23,21,66,1,74,1,3,7,83,2,26,62,65,76,64,10,23,45,63,35,57,73,56,35,69,48,35,51,8,32,84,14,72,49,39,37,27,70,99,65,34,99,15,65,7,98,25,61,65,87,21,81,15,70,42,85,0,88,88,33,94,26,14,17,80,87,34,51,67,58,96,27,78,91,68,12,86,22,16,53,65,9,38
9,97,80,79,52,13,28,38,42,49,86,55,42,13,47,11,0,24,75,21,61,2,53,84,96,15,74,89,41,67,55,0,73,20,98,26,25,94,34,64,78,34,87,9,54,25,84,67,24,93,95,44,62,43,87,47,4,88,81,56,45,6,81,30,6,26,21,8,15,97,80,24,71,72,49,25,48,45,35,28,75,27,33,74,22,14,99,53,87,8,75,12,27,92,59,16,0,2,68,41
11,76,31,34,6,60,64,74,17,5,76,20,61,64,69,82,14,61,22,2,39,72,9,62,56,32,60,46,55,85,3,52,25,61,63,80,67,89,33,90,80,14,19,53,71,4,84,70,2,45,60,90,78,71,70,21,54,73,93,36,36,30,46,50,56,17,76,31,94,83,91,90,90,25,55,29,55,46,41,7,33,6,28,98,34,14,62,34,17,37,6,35,89,22,82,99,20,0,21,80
63,27,39,89,39,53,61,75,46,38,80,32,36,92,7,37,18,16,97,17,64,34,2,26,67,27,38,86,86,34,95,86,70,40,55,76,46,73,45,36,25,41,50,11,66,71,46,43,25,49,0,2,32,57,67,40,55,4,90,96,70,47,94,45,36,38,33,43,11,85,99,54,34,42,62,9,48,63,70,84,65,14,6,68,72,14,3,83,7,54,14,25,91,26,6,13,15,10,76,70
83,0,91,59,38,37,36,77,21,64,14,8,45,78,39,31,13,81,91,18,8,72,23,48,1,37,59,58,44,24,37,16,90,40,76,37,78,31,0,1,30,69,33,51,21,78,40,57,14,2,59,2,7,99,4,46,9,51,32,13,11,79,54,69,99,71,87,10,12,71,47,50,55,4,94,86,37,85,92,24,28,57,90,37,94,66,37,63,23,79,54,56,93,11,77,43,35,86,88,93
74,22,96,11,19,95,10,95,12,55,39,45,31,26,42,33,19,37,7,74,54,98,61,89,4,53,66,40,17,82,31,30,54,35,47,53,6,7,37,24,4,65,25,51,90,20,73,69,16,9,61,12,83,97,17,59,2,96,95,61,66,25,92,38,86,78,1,44,57,69,26,52,40,46,67,3,97,13,36,20,47,93,51,20,33,82,57,10,77,20,98,77,77,72,38,27,84,28,76,32
99,51,35,55,24,11,32,17,45,84,78,48,91,14,17,72,9,58,10,86,83,54,74,53,55,83,70,47,62,25,34,32,85,54,78,82,36,67,72,96,82,60,61,37,47,31,76,90,38,45,33,64,98,9,20,85,31,18,72,49,63,35,47,44,67,34,16,19,44,26,72,17,87,86,43,1,97,36,67,50,93,3,99,26,92,10,78,72,30,92,71,17,22,29,29,6,32,42,72,76
96,97,99,84,92,70,9,94,76,30,34,57,97,67,35,42,15,76,26,23,67,75,77,79,33,4,26,84,77,8,16,4,37,84,17,40,11,64,99,78,95,5,50,47,63,99,99,11,37,15,55,98,55,69,48,87,55,38,38,98,89,23,10,34,57,13,70,30,21,88,44,55,80,11,30,52,35,2,4,17,20,16,54,8,82,0,81,53,68,42,59,46,69,78,99,5,17,58,55,42
12,18,82,52,62,50,94,15,88,47,74,64,90,94,42,82,6,46,20,38,23,29,83,90,60,55,71,98,97,7,23,43,12,18,11,69,77,86,2,97,98,64,69,56,82,98,91,28,22,9,8,73,90,26,77,14,67,56,5,78,17,15,70,18,56,56,36,35,33,18,51,41,66,99,21,10,84,59,97,97,28,35,39,38,44,78,49,36,25,2,3,90,2,6,21,47,25,39,53,64
9,50,44,76,52,29,93,16,75,2,9,70,85,25,59,37,5,80,36,22,83,22,47,36,94,65,74,17,63,97,5,94,55,62,21,34,75,46,70,88,93,14,38,86,24,91,25,58,17,36,17,88,8,90,38,38,30,11,56,45,80,36,9,47,2,68,55,99,19,54,88,93,45,59,68,75,81,69,48,41,80,87,12,96,13,67,28,71,58,80,0,22,91,82,21,41,66,85,60,26
65,69,18,87,3,50,32,51,97,46,10,43,18,68,9,52,17,5,60,32,59,37,0,26,62,1,53,76,39,83,35,88,5,3,38,27,55,74,8,18,24,76,53,86,55,16,13,92,13,75,20,23,71,78,70,47,57,2,5,38,9,13,37,92,94,36,50,87,21,79,26,21,73,46,94,16,19,2,19,21,37,83,90,21,72,33,17,41,13,33,56,32,56,36,12,75,9,84,39,41
29,2,78,4,53,19,25,48,10,98,39,39,64,44,2,31,48,52,62,45,86,86,83,43,93,55,55,73,49,86,33,67,67,6,10,71,99,5,69,14,0,97,70,18,90,93,26,52,29,43,43,51,79,13,14,25,82,39,14,9,79,8,43,63,83,28,20,21,48,34,76,7,37,82,27,17,76,36,69,80,21,37,95,27,56,98,77,48,36,2,41,16,46,8,19,76,17,79,55,59
99,23,44,9,90,22,70,61,18,83,22,35,86,54,78,16,82,37,76,91,7,23,69,26,51,3,75,94,77,80,0,96,37,32,6,46,37,28,91,90,35,19,86,21,26,63,77,43,89,13,78,59,43,16,49,82,86,33,75,10,55,34,18,17,54,73,49,40,7,96,3,11,52,92,80,59,27,79,43,59,28,8,48,54,57,45,57,37,18,91,5,2,27,77,29,46,29,54,59,13
16,43,81,69,76,66,78,43,40,99,68,77,48,32,66,45,87,50,62,7,15,59,0,12,1,38,53,79,74,31,86,40,81,32,53,75,72,81,14,83,72,30,88,5,8,98,0,13,82,52,23,19,98,77,91,63,41,16,27,95,98,92,91,86,8,60,4,50,47,49,9,74,85,76,44,10,65,27,25,97,43,15,76,74,79,51,27,19,92,92,38,75,1,41,54,1,54,10,73,30
14,18,23,32,30,82,31,54,86,65,90,89,4,9,18,80,37,52,68,36,44,9,98,2,46,77,34,55,48,75,8,75,76,64,44,21,51,59,41,30,12,33,63,9,2,72,27,16,92,44,77,94,22,51,59,1,65,70,25,78,88,5,77,0,90,18,63,1,23,64,39,41,74,87,56,69,78,4,77,75,45,62,67,26,91,79,86,4,3,78,53,24,64,67,25,21,95,10,14,5
16,4,0,73,57,79,13,58,94,28,96,61,16,76,27,94,61,60,18,86,60,54,95,20,46,66,43,48,76,26,67,36,29,51,84,51,89,0,1,78,72,88,42,41,16,84,94,36,77,23,75,16,19,15,27,62,36,17,31,99,37,31,30,9,54,82,71,10,9,48,29,51,62,1,65,44,10,59,39,75,60,43,34,30,21,27,88,63,56,85,77,31,9,22,69,6,75,28,14,83
61,73,65,64,2,2,60,98,53,17,9,47,12,44,10,3,41,23,79,81,48,84,70,23,80,85,46,11,24,34,44,10,82,77,17,93,54,84,0,90,30,90,55,40,99,11,79,44,76,27,77,22,38,93,41,76,95,17,19,70,41,59,81,54,4,62,40,78,80,2,79,49,60,30,74,54,67,35,69,61,73,50,91,61,32,61,83,22,30,90,41,92,90,59,26,8,94,98,95,8
39,0,27,2,64,45,58,18,70,89,13,25,97,66,68,18,29,55,42,0,88,56,23,62,51,75,74,92,64,95,66,97,31,11,84,10,85,87,78,23,14,80,30,49,92,46,50,97,96,76,52,39,81,74,48,91,8,46,41,41,87,66,5,67,15,31,88,17,36,68,80,81,97,85,84,65,32,65,91,94,35,43,32,11,67,22,31,83,45,25,31,48,7,75,20,25,61,62,49,39
89,67,46,40,98,62,3,52,20,81,49,17,89,16,67,23,23,63,21,50,19,87,93,33,55,18,98,3,48,42,2,15,87,82,89,4,44,94,88,91,78,84,12,59,46,52,24,8,39,16,6,28,28,25,54,75,84,31,76,77,8,27,16,86,70,7,40,97,17,50,66,94,70,59,94,43,2,58,35,46,35,30,33,89,89,33,86,63,41,29,18,7,60,4,81,99,47,16,85,60
8,0,50,68,33,83,1,89,45,6,68,8,50,98,32,30,90,90,30,16,7,90,84,30,74,37,7,43,2,59,98,83,1,28,86,18,91,66,86,69,6,69,24,67,57,26,33,26,91,33,60,28,33,52,69,60,97,74,77,38,86,29,4,44,7,1,56,4,55,93,13,43,99,43,45,15,0,75,17,77,73,17,35,9,88,61,3,15,1,33,36,28,87,94,3,70,72,99,72,25
38,56,10,71,99,63,98,39,61,5,44,19,34,67,32,27,52,35,64,18,78,51,27,68,63,22,79,53,91,83,12,74,31,34,84,38,18,45,16,72,91,76,65,24,56,81,73,39,80,75,48,97,40,70,2,11,15,97,3,89,4,96,74,34,98,69,80,6,40,69,37,86,12,60,61,72,45,10,64,57,4,50,73,8,43,37,5,4,53,79,80,79,67,22,45,55,57,24,42,37
37,96,28,64,60,72,16,44,54,95,4,77,97,54,57,44,95,81,57,12,93,39,50,97,0,10,5,95,33,6,66,34,86,70,1,79,92,94,26,2,32,31,34,22,50,76,50,39,44,5,17,19,82,51,57,69,23,36,39,22,45,65,72,5,69,50,9,34,4,60,83,52,37,83,68,13,37,16,50,79,63,10,97,56,81,97,53,74,32,78,78,65,30,55,3,51,99,40,62,7
95,80,42,65,99,42,17,97,43,57,49,31,94,43,13,40,10,91,93,44,75,55,66,16,19,73,48,70,60,96,39,20,90,20,69,41,40,16,25,56,10,69,29,75,2,4,86,55,95,59,82,7,44,36,43,7,58,55,91,36,8,15,5,13,40,89,26,96,26,22,81,15,10,67,80,47,39,94,7,92,95,90,68,71,83,3,94,61,99,5,84,99,11,65,70,87,97,68,81,79
8,59,60,45,2,50,19,31,9,20,81,28,68,0,55,25,12,72,94,87,63,87,94,53,94,53,29,90,66,43,52,12,65,87,6,8,67,75,98,88,97,34,74,67,66,49,50,72,15,97,40,96,69,93,35,89,71,67,70,46,67,91,25,61,47,31,95,85,24,91,81,1,53,89,84,60,78,85,10,55,29,12,42,45,38,67,5,36,71,20,73,10,87,11,25,85,33,39,96,19
30,96,35,17,90,73,78,4,48,92,79,68,76,45,54,30,90,13,21,20,67,63,71,15,51,73,40,52,23,26,80,75,96,79,33,26,29,4,33,3,87,58,21,19,29,59,99,26,92,66,66,55,49,92,55,16,59,88,98,58,92,60,19,21,51,36,19,15,60,65,12,72,59,50,84,6,12,74,2,98,97,88,9,19,35,92,94,98,49,59,66,92,46,97,66,69,22,91,89,57
65,1,87,96,33,14,91,78,54,31,61,62,8,21,15,18,87,6,50,45,52,16,82,48,76,90,8,94,6,12,23,34,82,86,42,31,73,68,35,84,13,57,18,90,21,26,6,35,67,7,53,32,86,57,64,68,58,11,25,72,54,47,0,4,49,75,33,8,62,30,96,59,63,41,77,89,66,84,78,86,41,34,19,53,55,36,64,43,24,99,9,25,7,15,57,81,92,65,73,40
29,50,90,3,86,10,68,23,80,61,65,28,75,32,78,41,8,63,92,9,66,2,1,39,41,6,22,27,73,43,13,75,85,1,12,8,51,61,61,54,42,54,97,87,79,15,12,87,69,87,18,66,0,73,16,63,11,70,3,93,94,42,70,92,19,91,79,14,31,44,75,8,69,3,15,21,3,26,32,61,49,52,15,70,74,91,54,0,9,45,91,80,21,77,87,64,22,40,15,1
52,10,79,97,0,11,87,45,62,59,14,56,24,30,87,58,96,32,48,91,60,17,79,2,53,65,92,46,35,8,16,94,48,92,55,43,68,8,77,19,71,54,3,51,47,77,58,0,38,81,41,8,48,91,47,57,45,40,37,92,9,3,42,27,30,12,85,96,68,61,44,83,80,39,38,71,66,24,64,70,68,85,1,6,68,35,91,67,19,29,94,83,73,84,60,26,81,34,16,92
70,13,25,29,24,35,63,64,84,33,68,11,14,45,20,62,61,61,43,14,82,53,72,58,7,57,71,58,95,57,37,17,10,98,32,77,10,77,75,41,38,31,7,11,84,60,3,63,78,21,78,37,58,54,42,27,98,37,51,39,3,93,83,29,53,66,33,52,24,90,24,79,35,77,65,66,50,42,73,79,24,71,1,0,87,52,93,51,74,27,8,74,36,19,10,32,11,82,52,85
33,73,76,90,40,53,89,17,17,0,38,88,82,71,36,52,0,42,79,61,84,72,5,25,36,98,50,20,39,95,48,40,45,7,19,33,68,69,25,66,3,38,23,82,13,60,87,51,95,20,18,87,60,96,24,98,98,54,80,99,89,19,70,13,4,99,27,69,48,18,47,75,69,14,38,91,96,84,97,15,35,23,18,74,9,40,15,92,54,44,99,97,94,7,78,48,90,65,86,98
27,24,0,27,4,86,38,53,36,21,44,90,28,86,41,5,3,74,39,3,95,95,15,51,54,58,3,25,51,54,99,19,86,3,95,26,50,42,16,96,60,81,18,34,42,45,33,18,52,67,71,11,39,80,69,21,52,86,75,73,47,85,31,17,20,67,26,32,0,33,26,89,89,94,92,98,13,29,65,82,49,70,25,12,73,18,91,3,85,14,72,98,74,47,60,83,70,28,59,1
23,35,91,0,39,25,33,71,65,57,33,60,24,17,43,46,1,54,39,80,0,78,3,90,92,15,33,75,0,13,71,82,5,69,51,41,61,26,39,39,34,38,90,85,65,87,10,42,27,15,49,17,22,21,64,40,57,17,31,11,17,64,10,5,0,46,46,15,43,65,76,96,8,51,23,73,91,71,73,79,11,61,51,69,22,85,6,96,73,62,23,3,45,8,76,84,54,10,69,91
14,90,1,12,20,49,76,39,91,75,14,73,49,33,83,34,21,88,7,23,12,89,38,36,1,4,16,26,17,34,27,44,6,81,61,69,44,83,98,20,77,53,83,56,97,74,41,17,6,3,85,91,74,7,27,14,17,69,7,67,79,30,60,11,66,69,94,98,9,41,48,36,35,91,21,4,79,28,35,9,10,34,65,82,96,23,47,13,96,36,13,96,66,33,77,64,31,4,62,72
23,84,38,6,12,75,88,89,47,72,95,52,68,81,99,82,36,49,16,52,3,59,90,47,96,99,89,19,92,96,74,77,34,79,0,20,34,38,52,28,65,74,4,23,29,4,82,17,35,46,20,72,5,91,86,78,79,72,8,71,41,91,86,6,75,66,71,43,9,8,80,35,42,81,58,33,89,27,19,94,45,9,67,84,11,44,32,15,10,9,14,61,84,75,54,12,96,46,1,90
34,93,98,88,44,89,2,47,7,94,98,74,27,27,47,65,16,54,45,40,84,82,64,84,54,13,69,10,26,3,1,30,97,93,24,62,20,82,15,9,3,8,3,59,19,91,46,83,81,0,77,36,55,85,73,97,30,82,72,44,70,67,40,6,25,67,70,77,26,21,1,71,22,31,30,15,27,26,15,66,29,76,40,84,34,29,58,68,10,56,23,70,78,49,84,92,6,77,10,66
39,34,72,20,12,14,18,36,85,63,91,49,61,5,61,58,97,23,73,56,94,11,34,84,20,98,12,61,97,21,18,39,53,8,73,37,16,76,52,72,83,50,16,25,68,58,73,79,16,97,24,63,11,33,21,23,14,68,88,85,82,65,75,46,25,51,15,21,3,38,48,34,75,92,72,5,83,41,84,28,95,87,86,42,68,21,55,1,22,87,69,59,96,43,49,21,4,79,42,61
72,84,54,6,43,28,98,50,38,44,78,80,61,15,72,84,82,19,45,40,38,61,98,4,56,73,32,10,96,49,63,73,84,79,41,53,93,50,47,56,72,36,95,87,12,72,24,67,37,82,67,79,52,41,47,72,57,33,63,60,79,93,9,84,98,77,51,69,67,95,42,46,21,25,2,25,95,35,8,23,84,76,65,2,10,20,40,66,24,52,60,20,95,58,52,35,83,78,86,84
79,30,47,97,42,91,84,10,74,74,67,82,99,55,6,77,34,52,86,87,36,14,13,64,38,60,24,10,38,28,63,49,11,28,34,53,43,10,21,23,49,5,30,22,99,68,59,9,59,41,72,2,94,75,14,65,30,28,66,24,48,54,41,32,46,68,56,61,39,34,97,18,41,27,48,39,56,20,81,28,56,49,82,89,65,42,49,12,93,9,93,94,32,12,46,5,7,71,76,71
2,11,95,49,48,64,13,51,21,69,61,76,95,43,77,54,86,77,96,0,89,71,45,44,27,13,80,76,80,36,78,44,6,76,9,95,43,93,61,44,7,20,86,4,39,40,36,33,17,43,13,77,84,35,31,45,40,63,4,77,32,39,26,75,16,75,53,36,42,45,73,10,9,37,10,28,56,58,27,95,13,75,30,27,61,60,89,18,0,64,50,29,43,93,81,74,91,98,48,84
37,32,80,39,12,79,98,96,34,45,22,52,70,35,15,35,3,95,21,95,95,53,97,19,57,65,42,57,68,7,77,56,76,43,90,33,11,4,18,60,76,32,6,4,5,29,58,7,56,23,43,83,68,2,90,19,1,3,41,18,58,24,98,22,4,25,76,88,75,7,62,13,64,63,22,6,18,50,29,13,75,72,13,79,88,76,66,9,85,36,43,27,78,18,9,32,91,83,49,1
39,83,58,17,69,83,2,54,56,30,45,83,68,67,77,54,22,36,66,21,56,60,79,24,55,81,15,57,30,96,73,80,68,42,69,78,39,23,10,58,96,93,66,87,23,96,51,26,46,41,73,67,94,58,17,14,35,25,15,37,18,85,20,37,61,78,88,75,26,75,47,72,29,47,52,56,71,17,41,49,5,22,66,24,95,70,2,9,50,10,83,68,49,73,91,39,35,96,55,4
34,84,68,61,11,64,94,47,14,93,89,7,3,87,4,98,27,72,76,57,25,84,13,3,60,36,89,39,18,56,25,85,59,57,34,96,28,40,9,86,95,53,78,13,3,39,0,67,94,69,29,13,31,83,10,0,24,91,66,57,57,7,64,67,69,7,47,98,13,7,17,19,6,71,12,63,94,60,34,22,24,97,77,30,53,2,10,25,51,37,62,96,76,42,46,96,92,61,89,55
33,24,14,36,3,14,40,89,35,64,81,7,94,27,62,68,71,3,73,8,75,18,78,21,24,60,20,50,68,40,44,94,81,9,39,51,74,3,13,78,55,89,42,3,90,7,54,94,44,96,14,99,22,55,17,51,65,72,78,68,62,15,58,61,36,60,38,7,43,77,47,47,69,77,54,12,85,25,84,29,37,42,70,74,94,88,91,75,70,78,59,2,68,42,49,37,24,14,17,73
66,25,86,63,82,97,19,88,87,14,17,12,85,38,37,55,33,39,85,37,23,97,36,64,95,10,4,13,53,99,93,3,4,86,63,83,34,85,81,5,4,98,47,73,84,14,99,19,29,46,14,81,74,55,89,50,39,62,55,11,48,8,37,46,11,4,89,31,76,97,98,81,41,68,8,69,52,83,84,67,17,53,70,74,0,22,26,1,33,98,23,55,0,39,63,87,32,88,25,95
60,33,16,43,44,88,95,91,6,37,43,46,40,19,1,41,72,72,31,35,31,91,19,95,30,44,53,45,59,65,9,38,7,33,88,0,50,51,73,65,81,92,33,67,20,56,68,21,23,35,11,98,30,33,63,13,62,49,44,36,68,4,15,29,73,92,10,78,20,56,97,24,42,36,6,85,56,21,46,39,32,64,64,97,67,98,35,65,55,69,36,0,4,24,90,79,93,96,85,11
24,23,39,55,16,84,46,21,96,69,4,99,84,63,48,68,56,85,64,25,45,8,8,53,41,81,43,41,51,79,3,9,15,57,19,27,45,78,32,0,96,1,64,88,86,56,39,36,7,23,1,26,66,65,82,40,48,36,84,83,48,39,66,82,14,25,74,72,53,80,33,23,3,88,20,19,24,87,19,91,70,14,2,55,39,94,64,7,78,92,55,68,52,42,11,69,67,40,47,26
21,44,77,64,59,42,51,4,86,51,98,75,75,30,92,90,30,93,95,4,9,22,60,97,62,77,42,86,72,57,78,44,28,92,72,45,79,0,6,86,93,62,93,18,44,53,58,48,23,43,90,22,18,69,89,74,87,48,42,62,32,85,36,63,31,49,86,41,71,9,95,67,13,95,68,94,95,26,4,17,69,24,19,25,50,29,56,74,46,19,68,71,14,3,15,82,62,75,14,56
67,94,44,48,17,17,39,30,66,18,34,60,57,80,32,33,59,63,56,78,76,90,8,11,4,31,89,66,44,86,41,87,95,82,56,68,97,46,93,23,91,91,73,86,82,55,86,15,67,78,38,90,28,93,74,89,0,34,46,35,89,2,71,52,55,50,20,69,82,44,12,67,89,57,44,55,29,93,53,57,84,11,24,85,3,52,66,76,56,99,56,40,62,15,80,57,55,36,59,11
64,48,18,40,99,74,15,54,66,6,80,53,40,61,16,88,76,59,51,99,75,62,17,42,27,41,35,36,91,15,1,56,74,70,79,0,99,77,59,48,51,86,53,78,86,72,17,95,32,85,51,83,81,24,77,49,7,83,54,23,75,44,94,30,73,42,33,93,96,43,87,48,59,12,18,68,49,49,72,89,67,0,51,25,13,21,78,16,27,99,67,89,32,73,55,13,32,84,98,2
58,86,79,23,92,34,52,31,75,24,88,43,52,58,46,54,45,71,46,20,70,51,66,19,24,78,39,98,35,60,40,83,32,58,3,9,86,58,23,99,99,31,17,97,31,16,3,73,52,28,44,25,69,33,21,19,48,94,70,45,72,18,8,89,32,90,88,18,98,10,34,21,20,56,79,2,61,6,97,69,26,88,48,26,63,75,26,31,24,89,29,38,41,1,21,2,81,46,13,1
