41,5,69,41,77,0,55,79,89,51,35,68,95,59,73,41,1,40,55,7,65,46,10,46,78,39,1,5,21,42,99,94,84,61,32,97,95,25,55,66,37,95,66,49,46,46,51,62,35,50,31,6,52,28,3,78,30,36,46,63,97,8,41,34,47,90,94,40,95,73,21,35,54,45,78,77,44,77,83,58,37,39,41,62,98,83,90,48,58,16,70,90,37,52,44,98,80,63,33,94
20,84,15,8,70,80,35,64,28,40,9,56,13,81,85,7,95,91,44,81,26,55,94,75,90,87,30,26,66,24,0,99,23,42,57,87,23,77,66,20,63,71,0,12,61,23,96,4,76,72,28,6,54,46,80,22,76,35,40,31,76,74,19,42,8,39,21,58,47,11,70,39,77,85,46,94,60,94,29,62,17,46,40,6,90,69,71,86,2,29,26,88,28,4,43,48,34,99,49,11
65,30,75,57,72,88,73,30,98,76,92,81,41,36,90,85,55,38,24,56,65,5,20,40,25,19,34,16,37,77,31,77,52,11,50,40,51,34,78,89,62,28,94,52,17,92,63,59,71,63,93,68,68,67,69,21,95,58,6,60,58,95,8,20,22,41,53,14,16,77,1,21,58,35,17,32,12,88,3,84,51,32,29,81,88,55,26,59,54,86,83,89,24,75,59,69,54,89,90,3
67,23,5,72,25,0,39,1,83,54,90,8,39,92,60,72,4,12,3,68,41,37,24,46,60,6,19,22,7,42,5,29,57,25,52,81,63,8,0,70,85,72,43,92,47,75,86,4,13,24,92,37,22,18,13,89,50,93,3,73,87,85,81,62,6,67,84,24,36,50,82,16,7,55,7,23,52,70,24,55,82,53,96,23,20,86,66,31,49,66,84,88,33,93,25,18,93,45,46,5
28,98,43,55,68,59,62,89,84,64,57,63,20,85,24,9,87,52,55,67,26,42,86,13,13,70,72,90,19,3,17,8,55,53,94,6,65,96,28,50,28,1,6,0,34,78,93,71,71,61,93,62,60,69,52,35,87,53,51,46,19,93,95,66,5,42,88,86,58,62,40,18,73,26,5,15,65,30,52,49,76,75,87,84,43,11,36,63,79,57,88,62,65,51,10,2,34,86,60,3
10,45,16,77,49,2,36,24,0,91,12,39,62,17,10,77,49,71,96,71,33,82,74,5,15,56,19,99,50,16,70,64,85,57,86,76,98,46,78,43,24,38,39,65,69,88,36,56,59,11,29,13,45,77,97,8,94,86,26,91,9,64,46,2,24,97,79,49,6,89,48,75,93,7,63,4,29,11,91,73,8,26,55,95,7,97,66,22,89,71,14,62,35,99,44,53,87,27,70,10
75,32,29,69,82,38,50,27,7,43,22,62,29,19,85,67,23,71,36,53,53,32,69,26,52,88,89,8,85,45,21,38,19,90,89,4,36,58,76,74,81,10,26,5,17,99,93,76,13,34,19,14,93,30,73,36,44,52,36,12,66,8,42,21,76,43,12,73,14,97,91,81,96,27,50,71,58,11,77,91,77,87,8,48,51,47,19,49,92,98,34,44,43,57,54,43,68,4,39,56
52,94,53,12,68,68,6,35,52,29,66,78,71,41,89,17,83,16,50,20,10,50,30,41,84,98,1,41,65,0,28,45,80,12,63,59,41,29,54,66,68,66,11,66,95,92,44,90,30,45,36,17,79,97,96,91,24,72,30,37,90,36,10,51,75,73,1,95,68,6,91,96,97,82,98,0,49,13,17,58,63,90,51,56,27,94,92,38,8,39,74,13,94,39,54,15,95,71,15,74
79,96,76,0,20,29,61,31,53,99,14,22,63,62,16,9,99,34,86,1,63,3,34,88,19,29,14,0,4,35,76,70,75,71,37,71,37,79,85,47,36,55,53,18,30,99,15,84,77,20,43,5,18,47,23,98,16,31,5,43,49,13,13,90,25,21,86,97,55,99,18,56,68,8,13,22,55,0,84,70,47,53,86,17,36,61,24,83,20,28,59,28,51,25,86,78,7,84,20,85
43,15,43,34,42,98,87,85,23,44,38,14,7,27,52,50,82,72,44,72,13,21,37,70,94,27,39,46,91,32,42,80,40,2,98,46,86,2,57,44,53,17,10,51,22,45,51,28,92,79,66,71,58,45,42,91,21,83,52,47,79,84,4,2,82,27,25,74,9,83,57,26,1,5,24,39,33,20,33,11,92,96,91,6,71,24,50,28,40,85,76,67,61,0,23,50,86,67,77,60
5,66,35,16,29,37,32,70,83,75,9,38,73,65,91,16,96,27,1,40,24,36,4,76,75,93,86,45,44,83,9,23,24,2,9,74,34,89,41,90,91,7,16,69,5,67,13,49,89,37,96,17,24,50,80,89,23,6,61,34,27,13,71,75,0,3,81,63,15,33,53,24,55,10,45,10,96,94,51,13,46,59,2,15,89,33,52,66,99,28,76,27,60,70,89,80,7,10,74,28
33,29,90,25,17,15,16,23,15,42,3,24,35,60,19,48,31,3,95,7,25,18,16,97,46,10,36,87,59,34,5,85,59,57,80,88,15,23,69,17,98,95,66,67,88,64,60,70,1,42,2,73,84,12,84,27,58,17,72,18,2,40,4,61,22,5,37,49,80,73,33,3,16,25,47,92,73,80,83,89,76,71,85,82,31,91,72,55,40,87,84,47,90,39,37,97,41,36,0,92
31,42,27,94,26,16,32,33,46,67,43,3,87,22,24,60,48,91,69,10,67,95,62,5,97,87,72,45,54,20,60,89,22,41,91,34,39,79,3,13,39,18,41,34,10,75,51,2,6,62,42,68,23,11,48,36,30,77,87,84,93,35,46,97,68,26,45,74,72,76,65,68,92,80,35,2,23,94,29,36,93,26,95,80,81,81,31,48,72,1,36,79,43,95,5,38,29,22,14,75
4,69,86,46,6,42,32,17,83,31,15,62,92,31,76,79,56,83,35,33,73,53,6,14,0,82,43,50,93,0,9,65,32,68,29,52,83,34,0,57,5,30,53,24,29,48,14,60,53,75,59,56,60,47,17,52,15,21,54,52,91,72,99,51,23,23,60,36,28,39,27,14,6,30,15,19,15,29,8,32,40,82,56,55,12,19,78,78,40,52,55,80,17,47,46,58,70,27,89,56
93,38,70,17,29,53,28,33,54,2,46,91,76,80,2,8,11,20,32,35,8,83,66,10,94,81,0,70,84,56,97,23,79,98,64,42,56,61,82,28,50,17,33,32,6,41,61,10,36,62,55,17,11,14,3,82,78,68,20,34,50,18,84,49,88,0,50,37,31,60,31,87,47,39,31,21,53,9,53,77,83,78,48,18,8,77,9,5,65,55,39,27,23,13,57,18,25,58,98,65
55,16,32,22,37,42,22,39,38,68,45,1,48,75,21,38,48,44,34,34,43,3,87,88,72,21,98,82,63,43,62,63,95,34,28,85,68,93,34,73,52,90,66,83,83,41,41,90,66,14,28,16,80,26,14,55,81,10,9,38,32,72,69,27,0,38,93,41,24,1,85,5,91,35,88,65,92,77,57,22,23,1,19,61,28,68,72,70,81,39,50,24,54,12,36,44,70,48,53,52
45,85,29,36,53,30,15,45,19,43,30,86,54,15,9,77,91,15,83,93,56,10,87,2,75,20,34,83,28,96,9,68,71,26,2,41,40,89,15,46,32,57,21,13,36,1,44,26,26,94,93,77,75,69,2,23,53,15,27,47,2,6,28,24,31,78,30,37,32,62,91,0,35,2,58,52,20,40,65,21,55,2,93,66,38,26,49,91,54,53,3,9,54,21,92,44,55,20,15,84
18,54,48,3,72,23,3,50,39,34,84,67,43,85,20,80,52,87,74,55,36,43,27,49,73,7,59,68,72,10,84,5,25,34,14,84,27,2,38,8,16,4,81,35,26,31,40,38,34,85,89,17,46,40,97,15,17,43,6,73,98,72,89,33,38,80,85,29,56,58,62,74,12,58,71,61,57,7,67,77,31,76,60,79,59,52,64,66,14,80,93,1,42,18,95,80,44,69,32,32
7,88,75,48,71,28,68,65,30,93,85,48,16,4,85,11,85,72,9,59,55,55,40,62,58,65,69,41,68,9,36,12,45,11,66,97,48,29,42,87,78,90,28,49,64,5,89,99,7,56,82,77,65,12,74,83,27,53,39,97,6,39,93,77,88,24,42,74,91,39,34,99,74,57,22,97,88,75,84,70,88,91,90,1,7,32,72,12,22,12,17,80,17,45,75,79,13,66,11,82
57,89,71,74,80,2,2,47,11,77,10,93,66,17,69,83,10,61,86,49,45,28,0,21,34,46,70,66,28,61,5,14,74,90,71,11,33,38,24,73,2,61,66,66,68,18,84,46,73,60,12,14,74,49,59,9,32,69,45,2,98,58,17,30,89,11,64,29,42,44,89,64,52,69,14,58,50,27,62,43,17,56,38,95,7,50,26,48,59,24,65,8,93,20,94,45,71,41,95,94
53,93,48,35,46,67,64,66,76,60,79,54,46,39,91,81,22,39,26,57,25,53,42,7,6,80,40,36,47,10,99,58,48,76,49,47,43,33,8,5,98,36,99,18,99,36,64,27,45,5,34,25,47,89,48,99,70,85,96,27,30,43,2,7,2,14,93,36,44,56,4,71,48,59,35,25,32,30,81,65,26,35,38,19,80,69,46,40,51,8,85,9,43,16,98,74,58,93,27,1
65,84,18,84,22,26,50,80,78,87,2,23,15,2,35,29,69,23,97,38,55,55,39,47,83,53,48,64,94,52,75,24,61,49,40,8,16,76,96,34,77,37,62,57,58,73,19,73,57,24,25,21,36,89,38,97,33,66,4,0,28,32,29,18,89,35,23,4,78,85,90,81,12,81,58,99,46,44,20,47,9,95,58,50,44,79,35,34,58,43,66,54,26,40,30,82,28,6,70,46
32,14,50,77,43,28,10,90,62,48,5,84,88,90,92,32,57,95,21,79,97,39,9,90,7,21,72,10,50,70,36,84,42,66,59,80,48,8,66,4,60,41,63,92,60,72,10,7,49,21,68,84,3,36,26,20,31,33,98,22,80,7,16,13,48,26,14,92,68,38,94,55,23,85,85,11,85,77,33,87,67,36,81,72,12,80,69,5,93,3,45,64,6,40,71,93,14,9,61,45
65,42,21,70,7,2,27,8,48,16,41,28,10,60,70,88,18,89,34,47,67,12,51,38,99,15,85,28,28,19,63,81,23,75,40,29,63,48,77,80,73,18,46,98,0,78,70,96,84,17,57,28,88,23,19,92,20,70,41,83,6,93,96,13,5,27,19,61,53,94,44,98,67,60,3,33,32,1,90,87,96,57,1,11,16,93,65,24,80,18,93,60,93,31,52,48,84,93,46,28
36,20,7,59,70,32,34,26,66,93,80,50,11,97,47,48,35,17,46,80,44,71,7,45,71,31,40,44,44,40,64,8,44,83,90,75,19,95,9,68,25,91,30,29,92,57,83,43,97,11,13,0,96,78,0,25,57,7,11,54,75,62,79,96,93,2,98,74,54,29,73,71,47,98,27,11,91,89,45,48,6,28,42,90,86,84,92,76,76,95,86,74,88,41,77,44,67,25,2,47
74,14,5,31,23,51,48,93,81,97,16,64,70,59,5,71,89,92,98,10,6,58,95,75,61,78,11,36,54,61,78,90,56,50,35,36,17,77,15,31,6,84,49,30,57,73,99,46,7,13,11,8,52,84,68,90,26,13,40,96,86,41,70,1,35,21,49,63,41,21,75,20,5,64,32,65,47,37,71,65,68,71,91,16,51,14,52,82,16,19,90,32,99,2,99,66,48,94,28,58
7,54,0,5,55,32,57,63,88,23,9,13,77,30,14,92,93,27,20,5,59,42,71,57,85,31,72,14,78,3,56,15,19,64,79,69,63,35,80,63,68,12,74,58,66,73,32,98,84,99,55,77,90,54,8,98,16,49,65,0,30,30,88,89,9,24,83,57,58,18,44,38,79,7,93,51,86,49,80,12,70,75,21,66,61,65,93,95,21,15,62,53,91,65,1,56,9,89,68,73
63,90,42,14,25,61,2,57,61,55,48,26,53,63,82,49,53,86,85,24,66,37,24,65,78,62,51,0,67,19,87,21,23,13,46,49,75,13,49,23,77,13,46,94,20,30,35,90,94,0,85,53,48,28,10,79,30,26,98,9,91,35,26,12,10,96,4,42,67,91,27,91,71,32,46,57,54,84,34,80,39,97,21,50,51,15,77,84,12,1,18,92,97,57,23,55,27,87,27,57
90,16,7,26,33,24,66,40,29,9,70,9,93,55,85,92,48,38,23,52,92,31,10,0,86,8,90,93,18,94,40,74,52,11,61,67,39,9,12,22,20,26,92,78,7,96,5,45,13,14,86,26,65,16,48,72,12,20,17,47,44,76,71,5,78,1,6,72,88,3,73,50,94,3,62,74,2,78,52,99,15,15,61,15,47,16,18,2,92,93,10,61,77,3,48,94,30,29,89,38
1,62,93,15,37,58,99,11,25,2,88,53,75,83,69,23,75,23,8,45,54,52,76,58,60,78,79,66,1,24,74,84,89,70,16,10,40,58,95,82,41,48,99,19,75,69,76,41,29,48,52,70,79,25,0,47,45,44,19,15,68,41,49,84,9,38,17,68,23,96,43,6,45,20,17,85,53,74,80,30,92,65,36,55,61,99,40,48,81,42,41,15,81,4,19,23,25,4,26,74
90,66,6,52,58,2,36,80,51,44,13,18,96,72,81,58,45,62,34,1,32,13,45,89,50,13,3,8,60,22,9,6,48,44,24,24,56,82,90,2,38,54,69,20,75,27,55,2,16,22,42,45,13,35,47,58,41,6,45,45,14,61,6,62,67,28,97,73,74,51,16,53,35,97,22,33,2,20,78,70,44,92,54,12,77,73,71,12,88,92,77,31,52,57,27,45,2,9,14,20
96,63,54,36,33,20,99,69,36,88,25,73,31,32,72,0,99,59,48,44,34,21,20,49,70,11,6,43,1,96,2,57,67,28,20,55,95,48,77,35,74,23,74,20,11,85,7,75,92,17,59,67,90,8,9,76,87,37,8,81,40,67,29,47,35,48,41,34,43,24,30,24,19,13,39,72,34,71,60,21,23,43,80,44,10,10,57,72,55,16,89,97,83,34,72,15,87,77,11,30
72,33,16,35,8,14,57,42,54,51,17,92,25,72,30,43,97,66,26,88,47,47,25,1,66,12,81,93,43,12,96,65,49,77,3,21,0,30,71,72,25,12,68,70,82,38,59,8,14,61,58,49,67,4,36,59,9,29,27,84,56,77,0,73,0,47,89,54,29,9,43,76,25,90,1,87,32,88,5,59,83,26,52,31,82,38,65,57,13,82,75,53,58,20,25,33,76,44,4,70
3,46,23,33,84,26,54,1,98,77,25,9,87,17,37,49,29,24,77,34,64,70,59,76,24,69,37,93,45,58,67,88,3,67,8,63,81,79,21,62,58,26,59,52,58,55,68,88,99,40,52,55,43,37,26,56,35,32,61,65,34,73,75,49,29,46,45,67,51,54,85,50,20,4,58,74,75,55,65,96,41,92,37,98,78,92,16,78,38,33,29,65,89,80,74,36,32,24,80,55
64,22,66,71,29,17,0,34,44,45,44,40,34,57,58,89,9,26,37,50,78,19,85,42,69,7,46,62,36,98,43,85,11,99,65,91,25,98,11,16,72,78,26,29,99,64,81,34,97,76,70,35,66,8,21,62,90,11,63,91,34,66,43,72,8,30,37,46,75,23,40,4,7,46,26,87,15,19,47,63,32,69,98,98,23,6,4,15,72,99,87,67,94,53,40,96,54,75,90,45
76,88,82,74,45,80,56,57,23,11,83,23,55,18,82,67,49,35,39,76,3,75,72,93,15,27,14,97,83,48,49,72,79,21,99,19,58,40,84,96,98,32,59,10,75,6,72,5,87,57,14,65,55,52,93,2,6,96,44,63,82,68,48,23,60,97,89,26,98,66,91,96,49,25,5,41,78,9,46,73,97,53,44,34,8,97,78,41,22,55,11,10,27,0,42,57,85,42,9,94
9,55,36,56,76,16,34,74,6,12,79,30,80,87,95,40,90,91,20,35,68,14,99,39,38,62,36,47,67,78,59,57,31,83,7,37,82,64,30,87,25,22,72,38,15,27,97,97,57,61,34,24,91,24,4,1,75,89,4,44,25,27,34,94,44,33,65,94,23,36,69,59,49,11,20,86,83,33,95,83,9,44,8,23,20,68,69,92,90,34,48,34,4,43,24,94,73,13,37,13
12,74,78,98,16,68,15,97,80,45,41,93,79,15,91,9,30,75,24,36,47,84,67,19,35,95,55,55,60,43,15,60,25,4,66,84,12,69,5,85,33,34,10,59,65,38,21,82,94,94,63,17,46,92,14,27,44,60,48,99,18,40,19,99,45,19,5,97,7,64,31,79,35,98,35,93,92,98,4,97,31,67,23,39,71,85,51,71,31,76,58,9,51,84,90,15,69,39,63,65
23,83,75,46,17,31,37,4,8,46,60,23,74,39,47,91,51,51,61,7,21,72,31,81,35,66,15,48,44,84,48,1,83,58,24,35,92,39,25,18,50,74,43,32,43,18,9,35,36,71,80,50,33,35,49,67,83,30,22,94,31,46,59,96,26,4,63,34,39,68,26,61,72,11,23,47,77,48,99,53,79,0,25,58,8,63,77,11,25,41,20,64,81,13,97,22,62,25,26,59
55,35,42,96,71,89,19,33,92,97,94,12,92,63,55,48,18,7,71,33,7,98,43,11,95,45,70,83,42,90,60,41,95,68,63,74,28,78,36,2,33,68,38,88,11,43,42,95,26,42,14,62,7,17,2,10,4,42,66,11,14,14,33,53,92,59,47,38,53,69,65,37,44,3,90,77,29,88,90,13,77,38,36,60,38,23,78,6,69,31,32,26,97,14,74,86,57,60,50,93
39,83,50,7,48,69,0,32,40,3,88,7,50,53,39,49,53,99,41,23,17,78,45,41,41,25,98,9,43,59,6,72,35,6,35,92,42,49,38,56,49,63,71,72,81,21,72,76,70,50,45,80,81,81,21,75,5,91,69,82,21,84,5,88,47,54,45,35,53,56,61,76,93,25,31,57,0,72,11,38,43,71,49,78,77,37,36,11,65,21,43,52,56,39,12,96,89,89,22,29
93,91,80,18,78,40,61,22,28,99,75,29,18,35,22,97,8,31,46,67,61,54,93,8,28,83,71,80,0,42,93,62,44,84,17,1,90,68,8,10,16,86,21,18,85,29,26,89,82,5,34,63,89,91,82,54,72,82,42,80,3,58,27,93,87,84,58,50,99,58,76,70,21,5,42,34,95,57,72,61,4,8,33,33,13,63,50,1,20,90,40,88,52,35,94,67,9,83,44,15
99,73,5,94,74,32,19,84,35,68,4,41,54,56,39,10,9,35,6,42,93,20,39,0,93,57,97,23,0,25,67,13,52,22,28,97,92,38,83,88,99,53,79,87,67,37,96,43,25,1,36,61,51,96,89,29,84,66,64,14,84,50,51,41,36,84,44,60,90,93,48,30,94,4,92,21,11,30,19,27,93,36,23,97,89,87,47,69,24,65,20,64,46,93,27,30,37,19,69,31
66,92,36,98,59,46,11,56,20,1,50,86,25,65,8,51,12,11,24,34,77,11,43,33,21,4,8,96,69,44,52,25,4,54,1,65,60,91,77,23,59,80,87,4,33,46,33,31,35,96,29,35,82,78,40,76,2,17,58,75,91,86,11,83,45,40,59,21,44,57,24,7,10,13,99,57,38,79,33,88,11,4,3,36,89,2,16,58,53,46,89,55,55,82,65,41,69,83,76,68
39,46,50,52,41,30,33,61,38,67,84,55,95,86,76,98,29,66,33,14,85,89,80,89,8,91,95,94,55,1,66,69,37,70,43,69,28,57,31,1,62,62,74,20,36,86,40,3,70,66,30,2,90,47,60,48,72,46,75,27,47,11,10,40,82,56,93,63,17,36,95,32,54,61,68,98,97,59,81,73,0,27,91,67,93,52,14,31,54,74,31,92,54,93,44,9,10,0,98,29
63,84,78,69,79,75,41,38,3,87,9,99,11,64,52,8,66,72,99,96,26,55,14,4,88,35,68,32,69,31,65,81,28,21,7,94,51,64,66,36,73,60,37,37,31,9,66,67,80,51,50,34,56,10,1,24,56,81,53,58,39,40,83,85,8,79,88,99,99,49,21,79,88,55,29,99,32,51,20,1,56,5,73,94,11,10,14,11,91,74,88,22,60,20,23,65,44,26,39,38
56,66,48,40,20,92,97,69,82,9,91,89,49,86,86,30,29,19,20,78,12,96,41,11,40,62,17,99,91,81,57,88,60,13,70,58,8,11,84,67,9,80,1,76,52,42,15,12,89,74,79,57,52,93,52,63,19,10,25,4,22,2,26,62,13,48,16,26,12,8,79,74,81,55,44,46,8,28,60,58,67,71,8,0,54,59,1,49,65,81,15,59,97,79,30,55,29,11,21,56
33,19,86,9,78,3,31,6,94,38,35,6,79,56,62,62,19,96,51,86,86,2,32,62,15,90,80,23,98,97,17,92,87,64,5,87,40,35,95,17,49,74,14,95,73,39,37,80,6,89,15,0,18,86,87,22,81,97,1,86,86,26,88,21,77,15,23,58,52,43,11,19,30,29,22,5,53,16,58,93,4,14,41,33,21,88,93,43,2,97,5,8,51,3,51,24,84,35,34,78
12,56,43,55,12,24,11,77,84,54,19,95,12,88,93,60,64,68,41,92,58,71,96,14,4,99,64,24,95,14,44,65,85,65,47,70,24,57,81,25,56,73,66,67,55,72,78,72,5,7,3,10,87,41,66,6,16,59,82,66,50,34,74,41,79,38,40,56,58,41,11,43,22,82,31,88,5,69,30,96,77,37,79,40,54,68,98,2,97,70,38,2,47,56,31,8,71,36,85,56
85,12,6,46,82,32,8,24,9,10,39,17,5,88,33,27,94,55,85,5,98,40,58,64,67,57,97,56,95,19,50,71,41,41,70,50,96,44,83,60,63,83,29,88,23,78,2,15,64,16,99,91,38,58,73,31,21,79,66,0,89,9,75,5,51,82,39,3,61,77,55,99,28,71,98,2,0,91,49,12,39,14,4,84,75,55,43,87,19,31,15,64,43,1,1,65,7,6,45,33
87,19,61,42,20,16,84,93,37,82,75,73,16,24,3,5,76,96,97,30,21,5,16,84,62,12,79,60,96,20,31,77,11,63,79,69,26,96,17,91,32,71,22,35,54,48,25,48,37,24,70,62,36,85,24,53,95,36,25,58,7,90,10,41,54,44,67,59,79,29,23,27,75,79,44,73,71,20,58,31,70,31,62,32,15,34,32,53,92,53,64,14,35,26,14,67,54,39,1,49
46,37,86,77,0,41,24,60,83,58,66,33,67,94,97,67,15,14,65,58,11,61,19,93,56,33,39,78,60,99,99,15,0,97,8,54,21,1,95,88,7,92,81,98,44,28,0,0,0,96,64,87,39,95,78,95,8,80,88,14,41,12,67,24,40,33,55,0,76,8,60,16,87,7,30,74,57,42,78,39,21,83,24,20,63,96,21,15,28,73,99,15,55,7,60,46,95,13,24,29
7,85,79,13,94,71,50,73,46,95,11,75,18,32,80,81,69,30,21,82,15,1,26,34,40,51,75,10,32,85,95,92,37,29,40,63,4,40,69,23,15,71,52,93,72,12,27,63,7,53,97,7,87,35,5,1,66,73,54,79,40,8,92,73,97,63,56,1,98,78,83,77,20,19,95,69,55,17,98,16,75,71,49,80,16,57,78,18,43,72,23,11,30,72,90,8,1,4,86,84
84,20,47,10,1,26,87,6,90,52,81,18,44,11,90,2,3,30,39,4,58,45,90,50,43,27,26,97,44,87,46,56,85,44,35,98,90,69,65,81,26,9,91,64,50,14,19,96,43,2,53,7,18,7,69,9,46,95,96,92,86,56,32,80,26,25,69,73,23,79,43,10,46,60,66,46,0,6,80,36,17,60,84,43,57,22,34,52,24,26,32,38,34,96,89,89,6,74,49,39
64,89,60,28,51,9,96,24,20,47,65,95,81,5,52,44,6,82,36,47,1,58,93,2,70,10,96,43,38,88,61,41,78,18,40,0,84,83,14,22,77,80,7,32,78,90,9,11,28,53,43,65,72,17,89,64,73,67,30,37,13,92,99,97,91,42,15,78,70,72,35,65,47,85,69,93,52,13,70,90,33,4,8,43,62,56,74,32,27,45,17,56,44,88,93,5,80,90,46,53
48,63,33,31,2,35,11,91,32,35,32,23,76,65,2,33,90,47,69,82,4,55,99,92,30,93,45,40,85,81,68,2,31,3,50,22,42,69,62,97,18,8,3,49,41,11,73,38,64,66,17,14,4,99,47,68,76,7,71,62,95,39,78,64,82,49,99,85,99,63,24,89,85,8,90,20,44,83,22,23,77,16,92,77,23,21,26,41,34,94,53,67,64,45,98,85,42,94,56,32
85,54,75,28,42,95,83,96,77,32,67,4,41,63,4,77,89,85,14,99,54,46,33,11,14,14,46,82,75,76,17,39,68,89,95,1,64,73,16,94,44,39,55,72,59,34,74,40,26,92,85,29,15,22,88,51,43,83,53,62,84,28,41,91,76,49,6,65,16,29,50,0,85,71,11,52,56,96,26,65,70,34,83,44,91,16,82,29,28,23,0,79,85,2,25,90,37,5,94,72
9,21,77,4,87,12,13,79,31,7,11,76,85,78,98,76,70,43,55,79,98,11,18,42,27,14,57,66,67,30,55,13,48,83,20,53,41,31,27,70,13,65,59,70,11,36,4,16,18,14,38,48,84,78,91,59,22,55,33,6,58,95,15,5,60,53,45,99,24,63,20,65,65,15,44,65,29,84,48,97,40,66,4,68,93,8,67,73,29,99,84,86,87,88,60,68,14,53,34,34
49,84,45,8,16,77,99,79,97,44,43,50,2,48,53,87,15,70,35,49,88,61,12,62,28,50,73,22,69,32,95,35,60,59,48,50,46,43,68,39,48,69,51,60,88,2,13,34,56,55,57,46,73,32,47,70,14,88,54,6,70,86,30,60,65,68,48,36,54,53,26,32,82,5,46,95,1,41,96,12,38,40,64,85,29,54,2,39,73,10,52,72,69,79,62,31,68,65,37,29
32,71,82,25,96,39,8,35,94,41,9,72,92,4,53,22,87,9,64,0,62,33,90,18,81,79,98,67,17,69,52,6,73,5,52,95,64,36,19,83,2,22,29,4,5,27,2,32,8,22,71,28,47,13,44,62,98,62,55,28,77,61,20,87,69,23,12,91,63,7,37,60,22,39,72,63,27,90,94,77,15,1,77,13,77,96,6,32,53,24,57,46,46,55,77,91,3,64,14,30
50,20,93,93,97,10,26,29,69,64,97,86,89,62,3,67,25,1,81,93,58,64,87,45,65,99,7,40,91,90,93,18,15,80,15,27,88,70,94,79,51,30,52,98,57,33,29,64,61,9,36,29,92,76,34,45,6,35,3,63,54,39,42,61,60,18,36,50,14,86,77,43,17,55,22,27,17,38,30,65,31,50,80,20,12,94,83,71,66,90,96,71,44,60,13,70,87,43,75,70
52,79,95,99,83,51,15,94,65,77,24,31,85,80,99,25,61,80,35,30,83,69,66,62,52,18,34,65,70,90,0,10,50,38,72,26,56,39,31,90,86,61,97,9,69,57,7,61,52,36,5,54,47,54,18,8,71,7,72,35,39,60,72,70,7,77,16,4,86,22,19,28,99,16,78,59,29,40,75,72,4,63,24,11,12,33,83,43,28,48,49,58,84,24,2,92,31,17,34,17
32,97,38,48,53,76,74,69,15,34,4,73,38,21,11,65,28,73,81,33,48,97,99,76,88,42,10,86,39,50,59,17,70,59,72,5,20,7,91,91,42,45,84,9,93,90,31,76,77,22,80,31,66,69,43,8,10,87,44,29,31,60,31,81,76,44,38,60,67,63,83,25,21,25,65,47,42,70,48,53,41,0,97,76,63,2,88,50,28,26,85,16,58,87,46,67,70,69,42,13
55,21,43,28,86,56,31,93,76,73,13,55,58,44,95,41,74,59,8,98,49,27,76,76,93,63,87,49,5,53,19,67,63,53,91,54,88,69,52,65,48,35,72,89,78,14,86,98,12,35,93,80,92,59,33,53,31,71,43,10,23,97,62,3,8,31,82,45,83,49,54,75,33,99,79,57,92,37,23,38,5,0,24,76,99,6,84,42,24,33,6,82,97,80,17,81,69,55,22,28
98,6,40,0,32,51,39,59,67,85,88,30,4,88,33,47,1,2,42,92,22,67,44,57,31,30,47,0,70,25,93,23,35,32,46,52,61,77,71,25,5,31,88,9,5,44,67,32,74,17,34,71,2,39,69,24,57,52,88,41,21,41,8,71,1,58,97,7,31,74,33,60,53,62,88,9,45,41,59,39,42,51,36,90,11,55,16,33,56,78,24,3,47,74,7,90,80,20,40,72
54,39,71,1,46,6,86,92,60,13,38,72,29,95,29,94,38,28,82,90,82,78,84,88,47,50,33,38,28,51,75,8,99,2,34,35,42,64,5,50,53,73,97,67,46,53,64,3,62,26,11,26,56,50,71,78,87,15,55,26,9,42,39,6,14,0,62,90,44,80,9,56,57,77,55,16,47,66,81,36,9,69,95,49,86,62,22,45,55,51,21,50,7,33,3,47,10,77,83,86
12,84,90,62,23,40,83,92,43,53,92,74,59,49,30,67,65,65,19,22,84,96,55,78,82,25,35,83,56,89,96,59,18,26,73,72,19,32,52,13,54,19,98,0,97,78,23,88,99,79,16,57,97,71,85,90,46,13,95,49,79,91,58,86,82,70,97,89,15,32,71,65,17,99,30,96,7,0,67,9,46,93,20,50,47,80,22,42,27,38,68,86,36,97,45,33,56,95,22,62
44,67,40,7,22,45,68,96,40,90,98,17,12,70,76,56,78,87,51,19,73,15,37,58,38,62,77,74,40,37,49,47,49,7,14,79,70,46,1,20,88,86,47,27,91,43,27,64,65,28,44,12,28,45,58,12,42,17,82,12,50,5,17,47,55,46,34,66,1,29,88,93,56,70,60,49,57,95,21,25,41,15,81,44,96,79,59,14,39,67,95,75,50,34,74,99,13,25,81,30
27,47,33,51,84,7,95,26,60,42,82,25,45,12,74,21,46,69,49,41,38,17,9,79,4,97,25,22,13,12,48,81,64,55,4,34,15,94,77,3,26,49,43,37,9,38,18,63,24,44,95,20,58,37,76,88,96,29,72,17,39,15,62,46,61,78,62,21,65,69,98,18,5,87,74,48,14,75,10,24,39,39,14,21,36,68,28,19,94,42,29,20,96,46,90,76,8,86,34,1
36,41,25,37,20,88,54,88,40,77,46,97,39,78,36,92,60,18,72,74,62,53,56,70,79,77,71,26,66,2,44,13,33,46,88,46,74,93,52,42,82,89,25,59,5,54,71,11,21,35,65,83,96,65,51,25,93,92,74,81,15,39,69,63,83,12,77,83,1,78,18,17,1,28,41,73,99,39,58,52,87,39,75,65,65,2,44,78,6,79,71,94,24,79,40,72,39,30,49,91
72,34,99,90,60,64,84,63,26,72,14,47,79,21,94,88,75,41,78,0,49,85,53,54,87,86,25,71,44,26,51,63,7,89,79,17,36,14,71,81,43,17,9,54,1,51,58,29,39,14,42,13,67,80,2,11,42,43,40,30,44,27,69,33,29,59,31,58,5,38,74,3,36,42,5,59,8,0,30,6,30,40,54,86,39,10,4,87,83,54,26,18,95,76,81,87,36,13,14,76
21,99,68,66,55,76,58,46,93,75,7,9,10,91,88,26,65,4,24,49,40,92,78,10,18,15,12,11,47,3,48,47,11,75,51,64,42,75,30,4,79,25,5,80,72,88,96,94,83,59,26,61,23,64,20,15,52,50,46,99,86,56,85,57,13,73,49,75,47,33,47,33,43,51,92,61,53,58,28,38,82,37,33,40,78,42,93,73,74,78,50,18,85,44,98,32,79,16,67,14
64,45,20,13,60,35,15,3,91,1,54,81,0,47,58,64,99,43,43,83,28,55,2,4,60,59,22,24,22,26,20,25,59,8,86,3,15,74,19,11,28,54,77,24,81,29,21,15,12,86,56,43,93,33,68,45,79,67,9,91,34,5,70,4,31,80,72,4,59,96,64,59,94,64,98,79,53,62,10,28,68,36,8,42,81,76,45,34,34,65,48,99,38,55,67,16,3,33,13,16
45,17,82,77,31,12,19,41,62,8,65,79,30,80,9,31,33,40,61,46,13,15,77,57,67,66,60,23,49,50,0,42,64,77,77,55,61,89,58,31,7,98,89,72,68,55,49,32,65,5,67,48,84,84,31,96,76,87,33,75,48,79,66,7,97,83,76,47,94,83,99,85,86,15,72,79,13,28,15,33,20,54,12,94,7,69,71,85,29,50,74,11,76,24,85,90,23,69,68,56
61,71,36,98,71,29,59,12,49,3,80,32,59,45,92,79,83,65,95,15,28,43,38,3,32,94,80,56,39,61,37,26,9,44,39,35,3,50,29,52,75,77,27,35,53,8,83,88,62,20,98,32,50,98,50,91,2,93,0,41,53,77,39,2,20,19,75,80,30,71,5,78,69,9,8,98,75,57,61,7,1,95,40,62,90,34,86,83,77,52,67,65,16,55,81,94,17,35,16,4
3,9,34,22,98,48,59,83,96,46,97,30,72,93,81,85,5,5,54,64,57,35,31,79,88,80,25,84,20,97,79,36,46,78,5,0,26,25,77,20,69,32,84,27,76,51,22,47,30,9,49,8,78,7,0,84,99,56,9,15,36,96,51,36,76,23,22,12,61,0,37,53,69,27,54,0,51,68,54,17,10,52,60,9,72,27,72,59,30,39,98,66,91,12,28,83,25,32,25,54
55,78,15,20,29,71,63,4,38,13,14,34,40,20,55,14,27,75,61,85,47,49,79,32,40,90,47,46,80,68,9,75,92,74,31,10,25,80,11,15,10,41,60,4,62,6,54,59,99,36,38,82,6,78,6,78,35,93,63,96,94,9,7,21,28,49,26,86,60,30,57,62,13,92,50,80,44,51,97,80,48,69,7,65,66,22,33,1,64,97,20,90,22,74,3,34,71,94,43,6
46,41,46,79,16,31,75,46,7,29,87,70,58,95,21,43,4,25,49,58,95,3,70,32,97,50,53,1,65,45,78,63,36,24,86,8,12,29,12,37,3,5,41,91,41,49,39,20,51,30,93,56,44,78,6,26,10,15,21,30,54,35,68,45,58,73,28,60,51,94,28,6,59,86,3,17,77,28,29,44,96,59,31,70,47,87,58,99,82,99,34,54,66,15,84,87,79,98,22,11
11,39,51,80,59,98,69,59,82,31,44,98,74,34,65,14,60,37,69,12,60,39,73,39,14,94,86,66,99,33,54,21,78,28,93,64,96,44,79,9,60,98,70,6,54,36,80,28,3,69,48,0,81,95,34,39,8,83,30,65,19,60,13,38,22,87,91,86,70,40,12,55,96,10,81,86,48,2,8,30,96,58,33,41,12,35,9,97,73,90,69,42,63,24,91,74,86,43,99,34
48,5,61,37,64,6,17,72,10,10,9,38,75,12,39,96,34,43,53,80,85,40,62,82,2,17,7,10,45,57,96,31,19,96,50,20,37,98,64,88,35,9,66,10,56,88,58,64,23,39,72,91,29,52,41,28,81,75,39,29,77,43,43,74,66,18,35,75,28,67,72,76,73,23,13,84,44,97,15,63,22,79,24,79,83,19,31,6,83,86,93,71,13,49,74,86,30,29,91,17
87,29,64,98,40,15,64,47,5,16,5,50,55,71,69,5,64,0,10,33,53,26,50,80,97,93,16,92,94,2,47,56,31,31,41,26,73,63,19,15,12,12,40,72,79,6,77,50,57,35,41,72,2,14,53,60,60,34,85,8,3,57,43,4,53,9,10,38,52,50,52,20,2,69,84,38,38,70,10,0,40,5,49,1,99,72,68,71,84,97,94,93,8,26,39,35,55,83,31,12
72,71,93,39,93,52,94,36,47,53,94,69,19,57,92,1,56,10,77,2,12,16,14,48,50,9,55,22,91,2,28,64,46,56,43,38,70,8,97,65,35,60,94,20,84,44,5,51,11,42,57,15,76,3,97,37,61,50,94,6,3,94,58,44,5,83,14,95,82,82,29,10,61,15,93,29,41,69,32,77,35,82,92,24,16,64,3,68,8,56,21,98,89,5,63,77,10,97,26,25
7,69,55,95,90,3,70,49,4,93,13,36,42,55,93,36,48,10,49,16,47,41,0,77,95,94,10,50,76,54,70,72,30,57,94,60,89,54,60,62,75,3,37,27,44,97,50,51,48,2,6,81,95,99,3,2,7,62,40,5,68,91,16,80,80,19,98,76,3,41,56,98,16,43,23,59,18,20,1,54,72,90,10,97,28,84,25,22,12,47,79,79,37,70,98,50,36,18,11,87
27,3,10,20,77,94,87,28,4,4,87,3,36,58,34,30,61,74,7,18,89,5,14,92,88,23,12,96,5,23,94,39,10,74,26,32,65,79,34,5,65,29,11,48,48,29,16,20,14,74,93,27,8,43,49,31,40,16,0,92,45,45,74,78,23,97,31,70,99,26,67,59,86,59,83,20,36,43,51,69,56,4,19,87,24,97,57,97,74,16,16,97,70,33,75,84,39,39,50,90
85,24,50,90,34,74,93,90,84,13,84,15,23,56,45,56,88,59,12,81,53,46,18,23,62,9,2,51,45,6,39,4,46,65,20,37,50,65,34,29,20,18,29,6,10,94,70,53,78,58,29,12,98,72,60,66,48,72,61,57,2,40,54,25,2,27,99,49,9,66,78,14,48,46,25,72,26,30,91,42,1,78,25,82,81,80,70,38,83,3,59,74,34,74,86,16,33,85,73,98
56,43,9,98,41,34,24,63,30,0,44,16,49,74,94,43,25,52,46,24,73,4,37,95,84,20,37,5,3,48,6,27,62,81,14,22,25,77,22,79,43,31,37,21,78,6,95,26,11,6,54,2,29,83,85,0,36,55,41,20,19,62,16,45,68,84,34,28,37,52,12,89,96,97,13,71,12,43,8,92,58,59,63,78,55,43,22,97,8,13,7,81,31,14,73,92,77,52,17,90
46,22,81,85,10,48,14,89,51,32,17,4,2,91,1,91,98,68,44,1,93,50,26,4,98,93,4,11,98,89,23,79,22,36,34,3,45,30,74,82,87,9,79,67,48,34,0,17,16,35,47,37,53,80,72,14,20,26,2,87,86,35,47,44,18,20,17,2,40,81,89,65,28,19,41,53,64,64,59,13,88,99,76,77,48,30,15,45,49,6,2,88,86,66,43,83,75,53,4,79
27,54,5,87,78,5,8,93,61,65,71,49,26,60,46,56,45,56,4,55,13,52,88,85,66,34,97,85,75,45,38,82,79,41,12,29,81,84,26,97,68,4,24,79,10,67,21,19,97,1,51,15,60,0,72,59,9,74,14,7,92,52,40,10,32,58,40,56,65,87,81,90,64,11,18,57,76,84,42,1,35,42,3,61,31,43,63,1,47,36,73,4,92,74,65,60,37,77,47,62
46,71,24,99,94,92,44,89,84,53,96,39,84,44,26,78,92,36,47,97,45,50,56,80,53,16,85,71,6,78,33,13,4,59,44,18,65,33,60,74,30,77,83,53,79,37,82,48,0,60,22,85,39,62,73,71,5,69,16,52,64,0,4,48,35,43,28,47,82,84,32,88,94,77,40,19,25,14,12,73,79,98,80,29,8,42,9,89,6,42,15,59,7,53,10,32,4,32,12,20
21,94,13,8,80,95,41,28,46,3,59,19,65,19,88,50,13,31,48,23,46,34,76,68,62,87,40,91,9,41,72,75,37,75,78,20,45,59,72,53,77,48,61,32,83,69,94,64,25,97,1,27,59,6,46,34,6,12,26,70,99,31,17,45,58,63,77,86,15,31,77,25,2,69,20,15,35,35,10,91,53,32,85,87,44,69,50,94,86,34,68,46,67,52,98,65,65,2,8,17
95,97,62,69,30,38,33,45,6,2,68,22,60,20,5,10,81,55,58,23,99,46,21,94,7,27,43,72,5,92,68,21,57,13,61,77,65,26,84,48,57,40,61,46,59,69,6,40,89,89,45,70,24,24,30,66,96,86,44,5,4,45,61,18,89,58,61,65,66,71,57,98,14,81,8,38,65,90,23,57,66,74,23,47,50,29,7,90,19,1,14,54,39,52,34,64,56,80,71,52
5,3,35,33,55,16,6,75,83,93,31,1,95,67,65,1,80,18,32,54,90,68,72,61,28,35,21,88,68,20,41,34,11,20,71,59,38,65,97,29,64,49,65,29,76,87,62,45,71,66,61,67,23,80,78,14,35,72,68,0,90,9,29,29,16,40,25,3,77,77,71,11,97,89,90,76,97,26,62,67,83,88,45,23,12,5,89,7,63,37,24,66,27,44,11,43,27,12,37,49
18,71,4,54,97,82,74,33,70,93,97,30,86,28,73,32,99,58,36,66,45,52,92,37,53,12,81,89,57,80,22,2,99,19,50,62,53,28,68,18,94,3,96,43,31,37,13,41,90,83,55,75,56,94,10,53,42,50,25,18,89,52,38,52,22,98,99,19,21,36,58,91,11,57,26,34,0,37,21,78,39,56,2,91,25,39,96,58,68,92,54,51,88,28,83,37,1,96,26,24
44,20,94,42,64,66,23,51,85,10,24,7,17,18,66,18,19,27,15,37,61,93,73,56,97,0,14,4,74,31,95,61,71,81,53,12,97,11,8,33,16,21,91,85,23,29,2,28,79,2,3,48,43,66,8,48,37,16,90,49,99,37,75,68,65,6,98,30,83,2,31,44,90,31,50,70,63,88,94,72,24,96,31,1,8,77,21,40,83,76,97,84,99,46,41,23,54,45,87,91
68,26,15,82,49,26,29,16,80,39,11,67,67,89,21,19,82,90,80,88,12,79,89,73,98,93,57,83,59,73,46,99,57,72,1,89,33,99,96,38,97,86,48,44,80,32,87,38,91,64,19,59,48,19,63,76,15,26,75,63,28,57,0,2,62,82,79,5,65,42,34,20,68,95,69,33,30,27,94,58,46,59,48,42,46,6,2,94,88,78,32,80,12,27,57,88,35,4,4,71
54,90,0,10,80,99,34,63,85,80,86,67,82,96,66,68,90,61,48,42,60,52,51,58,56,49,93,73,72,17,80,55,3,89,34,36,21,0,60,45,10,52,30,30,37,62,57,43,37,32,47,92,87,1,93,56,63,84,59,6,58,29,3,1,17,90,76,19,7,73,42,77,41,0,43,81,10,85,50,73,15,15,20,96,69,96,68,91,30,81,24,62,59,29,18,88,63,28,13,65
54,63,92,68,57,90,65,50,57,2,8,50,3,18,15,54,54,77,46,34,73,70,48,45,32,16,80,9,98,5,79,36,78,73,87,41,34,27,16,40,2,72,83,12,2,69,24,2,6,81,70,19,94,16,31,43,74,38,22,84,38,63,4,15,31,71,45,61,29,47,76,67,97,24,56,64,11,72,26,9,97,23,73,4,64,23,56,40,23,60,42,56,37,83,61,42,69,74,56,36
10,10,16,35,57,73,18,69,26,99,23,45,23,96,1,97,89,70,53,16,16,74,94,50,26,77,33,93,48,86,40,90,64,79,18,1,16,16,73,69,5,89,73,52,32,15,84,64,21,31,92,20,46,50,89,57,95,1,86,97,16,85,44,70,96,40,47,67,73,68,5,37,49,88,72,85,28,88,22,10,49,13,22,22,75,50,52,27,96,63,6,16,25,21,51,60,61,60,10,99
32,61,75,73,53,66,50,16,51,40,5,62,41,15,74,44,85,42,42,85,82,47,98,44,27,82,60,42,36,66,62,32,77,40,85,0,22,69,89,94,61,50,7,30,32,87,66,17,2,45,91,10,21,85,65,92,62,31,56,6,24,7,50,18,48,12,62,79,59,63,82,21,62,91,63,11,66,27,8,65,4,39,83,0,44,45,61,60,78,92,41,9,46,0,19,69,85,61,27,17
58,73,97,59,83,90,26,25,85,44,77,64,41,89,55,24,68,78,52,96,16,14,26,86,22,47,77,85,29,12,14,95,31,27,26,54,34,91,38,35,14,62,41,95,99,38,9,29,60,6,99,20,54,8,43,14,79,45,4,79,10,29,38,85,95,81,69,32,80,87,5,74,43,81,83,92,21,11,28,29,5,91,46,21,65,59,85,61,5,6,51,66,13,3,55,35,65,95,69,64
