19,68,94,46,79,85,85,12,69,32,83,64,60,8,44,7,73,78,54,6,77,50,2,20,85,21,36,53,57,22,34,17,42,12,98,30,35,1,71,7,43,15,82,37,28,24,5,32,95,58,45,0,52,69,70,3,63,25,99,20,61,69,53,88,13,6,8,56,14,56,29,58,45,47,56,27,17,78,59,12,83,30,44,20,69,17,39,25,23,22,95,29,64,6,46,17,79,89,13,45
62,27,87,48,24,9,23,8,15,95,92,62,53,49,88,28,32,63,65,75,2,34,24,3,46,5,33,65,21,81,17,70,61,17,31,79,60,69,69,86,94,90,82,22,12,62,25,42,57,63,17,64,39,3,0,93,51,3,11,71,91,21,36,74,29,71,83,56,92,71,67,71,78,40,96,50,69,83,26,49,8,71,42,57,39,15,57,20,80,79,91,93,80,7,81,17,24,56,98,79
17,66,0,69,88,3,71,68,84,14,65,21,33,14,28,30,89,7,44,49,35,22,13,8,53,93,65,99,40,52,4,3,90,24,50,15,58,30,10,65,31,53,56,58,16,53,67,7,58,71,77,21,49,87,85,28,69,80,56,56,71,76,34,85,11,68,3,45,17,86,33,44,85,46,16,96,61,6,60,27,86,4,80,79,70,50,0,12,60,12,86,41,51,95,23,16,49,5,8,92
61,54,64,62,56,22,48,72,61,84,14,51,76,47,1,87,87,12,41,81,0,25,23,24,27,33,55,53,88,81,61,70,55,51,0,87,84,61,38,4,10,64,5,90,24,27,35,45,2,76,48,78,82,87,98,83,58,31,46,48,47,70,42,49,65,84,40,78,18,19,28,6,1,85,18,65,35,91,51,57,92,95,30,68,80,54,32,53,30,73,53,12,7,41,58,48,76,1,88,96
14,68,43,29,22,24,40,52,37,27,21,35,38,96,90,27,26,62,73,22,66,82,11,26,27,70,78,79,53,55,52,85,91,91,19,17,81,56,63,46,93,98,32,60,58,52,92,55,68,31,45,46,46,34,84,94,28,61,46,58,58,41,93,76,61,18,3,27,75,89,8,33,43,94,78,79,37,85,48,43,96,16,99,33,61,33,13,92,34,30,74,17,36,60,94,70,93,72,68,1
42,80,25,54,0,5,17,7,60,10,39,60,1,55,64,72,97,12,73,7,52,41,2,84,52,55,43,38,79,0,15,45,19,72,20,32,80,77,10,22,9,48,0,5,41,78,16,30,93,39,60,71,74,98,1,12,80,58,37,62,58,51,10,5,75,30,85,13,74,8,92,56,6,46,11,95,48,2,99,19,65,97,58,38,73,49,20,72,66,38,95,20,7,10,33,31,20,81,74,97
27,91,49,23,57,13,81,6,99,48,97,11,29,30,92,2,12,93,59,4,81,86,49,32,49,71,6,98,52,54,85,90,34,18,87,68,16,7,96,37,58,34,65,6,81,55,25,8,52,4,38,80,52,3,27,3,1,51,67,35,73,83,73,38,56,53,71,40,74,51,14,65,4,41,80,48,9,87,65,15,13,40,0,20,77,92,30,53,10,82,97,72,69,7,22,57,8,20,85,14
78,70,15,38,69,13,78,61,97,86,93,36,94,34,6,16,23,33,57,14,77,96,80,67,58,71,65,73,95,18,77,66,6,99,53,55,10,77,3,6,73,21,32,43,8,86,17,77,57,27,0,13,57,0,63,74,94,49,89,0,48,5,18,96,13,87,14,81,99,39,74,22,21,91,98,83,94,92,42,14,13,61,8,19,67,4,12,43,48,45,50,58,40,47,45,36,62,9,77,0
83,54,0,1,45,29,47,29,12,60,80,46,34,52,8,64,47,47,49,33,31,18,77,57,55,38,70,19,59,9,75,56,31,33,93,75,61,2,24,85,32,18,73,27,60,7,4,95,44,8,59,28,69,4,29,75,44,96,29,79,67,84,67,80,38,14,53,96,34,98,40,58,75,22,66,93,82,58,88,49,50,25,54,33,45,96,46,0,19,75,90,10,94,29,93,0,69,59,4,84
66,14,51,65,12,96,7,10,50,22,9,49,50,16,69,30,50,13,96,74,9,85,88,11,88,8,17,98,7,85,77,48,90,77,90,37,12,40,68,55,43,38,10,80,40,82,73,45,58,99,64,99,26,55,8,94,17,66,92,91,49,73,21,59,58,56,63,56,18,41,17,69,33,7,99,22,91,3,94,81,4,7,61,35,5,49,58,11,65,67,41,14,54,33,40,61,87,70,12,52
36,56,29,59,32,88,53,94,95,71,20,29,40,36,91,75,14,99,46,54,36,30,88,69,79,22,14,2,55,88,29,77,74,74,25,13,20,30,70,26,46,10,11,16,90,87,10,47,27,76,7,84,58,87,57,33,23,16,71,58,96,21,72,32,57,9,53,31,61,7,68,47,61,36,42,3,33,59,91,3,61,62,42,20,19,90,93,94,67,74,90,9,8,45,67,33,96,90,60,49
87,14,3,68,34,1,2,63,87,57,17,82,38,4,35,9,59,88,71,15,71,18,4,24,44,81,90,72,44,65,0,83,86,24,2,7,25,37,67,9,71,48,1,69,66,69,86,57,10,9,79,53,90,87,73,37,73,16,23,68,57,50,27,38,6,92,72,77,45,27,97,4,73,80,13,3,17,59,47,92,64,52,34,44,36,80,77,46,73,86,76,22,58,5,74,1,99,63,12,9
7,21,44,7,25,46,59,10,5,40,37,36,13,41,67,47,94,15,19,34,6,8,96,41,67,38,81,24,53,11,47,40,91,29,31,88,19,53,34,72,53,41,37,18,5,92,46,51,64,58,80,77,6,34,19,39,22,53,95,95,93,47,75,82,59,24,59,79,99,57,55,53,47,42,59,87,76,86,71,51,89,46,24,23,59,58,94,49,20,13,25,22,29,8,83,10,54,14,64,22
54,83,61,62,87,43,31,50,99,3,3,68,34,19,83,53,96,79,96,54,87,12,11,77,34,53,79,33,82,8,14,75,46,19,32,67,30,0,76,51,48,66,61,50,74,93,56,13,68,62,85,84,95,96,9,9,44,3,36,71,67,28,56,8,76,40,88,15,79,89,95,94,52,51,9,25,62,40,21,81,61,1,77,40,31,90,43,36,56,77,5,35,38,94,3,55,44,14,6,28
3,22,88,55,44,3,24,16,57,8,92,60,6,16,25,25,28,51,52,92,52,87,38,6,83,20,15,99,42,97,52,19,14,3,3,14,94,1,12,24,8,69,90,38,55,77,12,4,41,53,74,80,54,14,91,0,9,21,24,28,39,22,1,3,23,83,44,48,67,65,4,12,62,35,22,95,47,15,46,73,91,97,67,32,16,93,25,52,80,33,58,70,9,21,62,78,50,12,22,52
44,84,77,65,4,45,54,24,36,11,24,96,49,67,19,89,99,49,87,35,85,55,88,34,93,13,89,41,73,24,26,33,11,33,49,51,9,5,12,75,5,31,45,72,36,7,0,21,24,17,98,89,12,45,63,54,48,38,5,83,57,80,8,85,26,41,59,46,82,5,65,42,54,79,1,5,28,40,88,34,13,21,8,85,80,29,35,24,96,56,98,69,44,9,64,96,3,63,15,73
59,23,89,68,19,33,48,9,0,52,96,94,64,50,71,60,34,32,20,27,54,84,57,47,30,9,62,36,68,76,97,56,31,1,55,77,52,0,75,6,52,30,36,11,56,27,42,77,53,18,29,31,51,58,36,24,70,53,33,6,27,70,42,29,10,28,21,85,57,29,85,24,65,21,56,80,32,85,10,58,74,87,59,68,89,69,58,53,49,25,46,11,74,68,57,10,45,44,25,44
18,98,42,33,79,18,87,29,78,71,93,84,60,51,62,55,50,89,12,18,26,56,93,10,96,32,26,88,28,9,80,55,39,71,71,23,57,90,15,79,24,21,5,46,44,54,18,86,73,27,52,18,82,64,21,71,64,50,66,18,10,59,2,4,72,47,11,82,79,35,30,64,80,32,70,86,86,76,3,11,89,42,93,34,5,8,68,74,92,82,32,37,8,85,50,5,13,70,50,12
71,22,92,50,13,99,78,81,28,29,96,89,88,66,91,10,62,39,92,55,63,49,4,81,21,37,21,25,38,5,44,83,42,11,51,80,91,95,83,11,25,88,34,48,24,88,98,33,81,35,54,47,25,2,87,17,29,2,7,80,99,79,66,95,34,54,37,58,25,19,40,15,19,15,53,32,59,59,35,84,7,86,10,72,17,38,91,94,2,63,0,74,56,88,91,18,75,35,60,8
45,51,77,26,46,16,33,73,52,8,29,19,11,81,31,24,97,88,6,0,53,33,12,48,90,77,75,82,76,29,57,82,90,8,71,75,87,45,85,80,26,94,41,37,34,73,51,98,16,49,40,26,45,61,38,16,31,33,51,63,94,66,95,85,52,37,97,59,38,80,23,35,95,77,45,19,84,0,36,78,78,0,31,1,39,9,3,28,72,33,81,55,53,48,81,95,43,23,95,58
86,62,93,16,46,46,95,9,8,7,35,48,19,1,9,85,50,78,27,63,9,36,23,87,51,29,30,14,43,73,90,52,52,51,36,78,55,73,58,18,31,42,3,20,47,77,65,73,32,32,82,37,55,11,93,46,47,91,67,49,88,24,41,80,47,31,99,37,98,64,63,63,60,72,38,47,10,43,8,18,45,15,24,58,76,53,57,18,83,47,56,28,46,18,4,58,23,42,36,54
31,73,89,27,56,71,18,88,44,52,45,48,86,87,68,90,66,54,69,44,19,34,92,16,45,62,47,40,62,76,69,83,50,60,52,15,26,70,84,66,9,47,48,70,46,87,27,58,87,3,21,16,24,62,49,23,85,93,7,80,93,28,59,94,87,52,40,83,27,40,76,79,89,32,93,13,90,33,53,16,97,31,51,97,22,40,85,6,26,34,35,99,55,16,13,1,50,17,42,91
46,23,73,39,80,36,81,0,62,23,85,70,90,46,25,64,36,88,37,46,68,6,27,88,93,66,5,54,51,44,25,94,80,69,69,32,10,58,74,16,17,35,1,87,28,25,98,72,42,65,93,98,3,31,51,24,86,52,97,12,18,60,65,21,12,91,14,7,32,3,34,57,68,99,91,27,93,20,70,18,33,61,48,2,60,96,76,79,60,8,62,7,11,70,10,67,75,49,5,69
32,46,69,71,62,32,12,7,59,21,74,2,81,23,24,54,73,30,61,80,47,51,96,48,2,37,61,30,52,47,65,9,7,95,14,29,35,19,20,45,4,74,45,24,49,22,43,75,95,40,23,20,28,17,71,61,27,81,77,71,84,53,32,3,29,71,97,92,81,94,50,19,42,63,23,27,70,52,61,95,86,15,60,11,94,14,38,36,46,63,42,13,55,83,96,67,43,33,70,99
41,26,52,15,80,3,44,36,75,87,36,52,79,66,98,44,74,26,67,84,15,42,33,54,28,9,86,61,39,94,29,20,42,10,32,63,1,62,73,90,29,12,23,89,96,81,0,0,68,97,92,65,83,75,65,83,67,47,6,37,38,57,67,8,69,96,67,58,83,45,49,10,59,99,69,18,26,93,35,3,95,23,29,35,32,73,54,11,69,84,72,24,49,7,79,30,1,31,88,17
33,39,92,72,58,36,39,39,62,49,25,24,95,95,72,94,15,56,17,35,58,70,3,77,98,67,34,40,84,38,65,14,59,33,67,59,73,79,84,12,82,66,0,40,62,79,91,23,72,37,68,91,45,31,52,3,79,49,90,87,66,27,16,26,1,98,65,16,69,40,94,61,16,39,20,95,97,33,11,48,88,15,21,22,79,44,3,12,74,54,9,14,16,56,30,34,67,34,34,55
74,59,39,47,90,8,59,84,82,19,16,15,41,71,72,41,27,54,48,72,37,21,47,78,53,99,63,65,16,98,18,76,51,3,92,41,50,2,71,32,1,87,42,43,97,28,47,76,61,19,38,97,18,6,6,39,66,18,14,55,38,65,78,18,8,46,57,79,34,48,91,78,29,18,84,64,26,46,88,26,75,28,7,64,35,14,48,93,83,22,25,44,0,4,85,17,30,50,10,89
56,23,92,40,31,44,80,62,30,98,86,77,2,41,73,90,23,28,92,35,3,99,34,48,78,62,7,43,93,93,3,63,91,98,17,4,22,1,44,93,87,67,9,10,77,37,20,26,65,21,38,21,46,73,82,0,0,80,89,42,56,65,31,61,30,33,58,42,47,41,45,10,7,78,90,92,78,42,90,88,83,60,75,57,45,84,32,78,90,60,94,10,95,71,15,0,83,37,87,95
42,56,22,52,8,14,88,89,73,71,69,96,96,30,54,25,40,56,30,20,65,13,50,73,43,39,91,59,45,85,4,91,53,65,12,51,92,43,71,13,11,99,83,94,59,18,59,97,50,20,98,81,19,4,25,45,88,29,10,5,16,30,98,26,23,66,0,67,10,58,84,57,83,88,26,27,66,52,82,51,44,46,49,65,89,39,32,94,73,13,74,60,31,79,40,27,18,54,16,4
9,46,14,41,10,92,62,9,80,53,56,37,97,4,99,41,39,46,74,42,7,43,41,40,4,36,7,47,98,48,44,82,79,92,1,69,40,84,61,94,65,52,28,75,46,52,96,19,73,84,75,59,69,3,92,43,70,78,21,61,60,29,14,94,27,15,53,76,12,97,33,33,17,57,11,59,62,8,83,36,76,21,32,53,80,36,66,2,33,92,4,62,32,6,72,38,56,64,51,59
94,33,75,86,92,97,3,55,90,77,57,77,82,18,75,9,67,12,1,2,45,7,88,10,37,21,71,24,8,78,58,30,35,57,15,29,65,52,98,39,29,35,82,13,72,38,38,47,55,65,39,86,10,10,59,81,12,95,43,23,34,77,14,0,83,33,41,50,62,17,67,81,64,2,66,32,83,69,33,63,72,85,1,94,72,82,7,6,52,16,12,7,62,42,40,54,65,12,0,2
46,12,19,83,39,82,84,38,73,68,42,64,61,62,7,42,95,18,83,66,77,3,1,36,32,56,78,96,2,16,42,96,1,65,88,5,41,35,26,80,79,11,15,99,98,41,37,74,67,94,43,48,77,74,99,63,64,91,2,25,73,48,53,35,12,33,60,28,70,64,22,0,82,16,72,40,8,42,70,10,92,95,88,73,81,88,50,14,10,20,80,2,3,75,49,17,21,16,63,36
75,55,5,32,72,89,23,78,98,13,67,15,54,16,77,49,84,40,94,67,94,43,82,82,71,35,28,46,17,41,87,21,12,51,62,47,15,78,50,54,25,78,0,16,89,41,66,11,39,32,10,65,60,70,10,50,86,94,92,80,28,0,98,78,32,43,39,0,25,90,32,95,93,97,93,33,57,99,44,60,93,86,44,24,80,59,75,2,67,57,10,92,54,9,63,92,35,12,70,46
28,41,49,22,33,77,85,18,31,25,93,12,20,4,30,24,70,46,30,98,19,4,46,59,39,65,63,99,58,59,92,78,94,48,34,79,6,60,98,63,81,16,75,30,20,4,61,49,98,42,94,61,90,91,8,60,56,20,72,50,21,94,33,9,1,70,38,70,99,81,70,84,36,87,70,19,70,95,52,12,72,79,71,28,22,86,87,7,19,5,36,50,19,30,88,56,20,76,1,26
29,79,54,18,84,79,76,19,53,61,97,16,60,66,25,74,66,45,5,44,97,40,63,38,65,23,83,30,34,73,95,91,3,19,73,15,94,55,99,81,82,50,14,12,27,82,97,64,48,48,0,63,42,26,39,7,18,13,52,27,29,9,5,11,34,69,41,97,80,51,31,22,37,82,44,50,27,44,61,94,20,11,33,52,71,62,42,5,35,15,59,23,64,25,94,8,57,86,52,87
99,28,62,54,33,24,87,10,65,19,44,99,32,61,11,48,38,12,59,71,43,63,58,70,63,52,54,59,57,44,71,61,84,57,50,72,11,74,86,70,17,39,79,69,37,88,56,26,69,9,54,75,91,8,8,40,86,47,42,55,41,60,98,59,37,71,62,37,38,55,95,87,80,21,12,97,69,6,74,49,66,72,0,22,15,9,0,90,88,9,93,69,34,69,32,10,92,97,70,25
70,78,64,42,60,0,54,18,76,56,18,3,35,38,92,7,29,36,99,42,35,58,79,1,55,65,23,92,31,11,79,43,64,76,34,42,2,45,25,30,81,90,19,84,26,58,90,52,12,7,65,70,58,91,52,74,21,47,97,39,56,50,55,36,32,78,64,99,15,7,58,17,9,21,43,22,65,89,99,86,70,47,69,77,89,35,53,21,84,70,83,22,57,17,37,52,5,74,64,9
69,46,39,9,15,7,20,70,74,62,54,0,83,32,29,39,56,83,33,30,47,4,76,5,24,53,34,38,72,69,4,24,6,27,47,96,64,20,7,17,43,97,59,51,72,42,71,37,79,34,88,45,62,55,38,60,24,21,84,15,16,75,1,0,16,17,39,55,83,38,68,10,47,95,38,47,69,61,0,49,18,72,87,53,2,88,71,88,12,81,78,22,18,92,99,94,21,85,41,41
33,40,27,77,57,71,76,19,5,77,67,5,65,26,85,86,19,4,52,95,94,18,40,84,70,23,93,52,79,46,72,99,41,90,11,82,3,61,20,84,69,94,46,67,56,35,62,38,28,37,41,35,53,11,99,53,3,38,65,88,8,37,80,33,52,83,49,85,64,82,34,86,36,75,67,93,15,44,14,34,74,92,77,55,61,13,41,85,69,56,81,93,59,64,57,26,6,61,9,51
80,66,54,84,86,54,11,79,59,52,10,9,76,5,22,3,89,59,65,23,89,96,62,47,11,30,80,71,22,86,7,46,38,23,53,23,25,45,54,15,58,92,93,57,51,95,74,95,31,45,16,72,66,36,88,63,42,40,8,99,4,59,91,88,60,7,2,39,90,42,16,46,41,59,67,31,22,44,90,31,18,32,24,35,97,34,86,23,91,45,70,24,61,44,44,44,45,10,77,51
84,31,80,33,48,69,61,99,50,11,29,88,74,19,16,81,14,67,29,5,2,2,8,84,61,98,31,58,41,23,3,4,73,49,51,54,60,87,81,72,50,19,41,4,91,39,88,90,56,79,69,0,74,73,64,91,67,51,44,54,80,70,3,70,57,96,81,79,83,4,61,87,35,94,44,77,93,39,0,10,52,98,14,64,85,49,62,94,83,79,99,8,86,40,89,20,33,96,50,31
46,48,65,36,92,58,83,38,36,64,81,48,53,12,4,73,14,47,28,77,31,68,79,77,7,80,85,3,96,53,45,62,90,52,59,82,34,92,82,95,88,77,50,89,79,61,22,51,41,6,92,44,72,21,93,80,19,55,72,31,63,23,60,69,53,47,97,66,89,36,85,36,41,50,8,76,52,85,18,98,6,35,81,74,24,70,61,64,30,12,57,47,66,74,41,66,28,58,99,15
52,67,27,42,55,76,33,34,33,52,93,15,33,9,71,64,67,18,71,27,96,59,32,24,60,97,89,23,48,32,55,39,99,15,53,95,42,6,63,95,89,29,22,45,22,92,27,6,96,42,71,81,53,53,50,1,93,82,75,35,95,74,83,71,39,52,11,29,78,96,25,62,13,38,76,84,45,33,92,31,4,79,16,8,29,45,90,72,38,27,5,6,39,95,94,98,40,36,53,35
39,59,36,4,0,1,70,12,62,39,86,0,31,59,27,17,21,36,84,35,59,10,45,40,55,95,16,42,37,94,46,85,42,94,19,53,96,27,37,17,13,98,21,60,71,35,76,13,83,5,52,6,55,1,52,69,54,87,42,76,71,45,4,19,49,86,94,96,41,80,65,15,2,91,2,48,67,7,47,67,12,20,75,94,63,97,10,54,70,62,7,39,65,95,73,74,65,86,17,86
44,93,46,59,57,34,96,8,45,91,71,91,72,54,80,83,6,74,74,9,81,1,67,41,7,14,82,28,6,47,53,15,48,68,3,79,19,49,7,3,85,27,41,9,8,3,91,93,85,76,25,24,53,67,86,67,47,16,70,67,25,60,53,86,78,9,45,25,50,3,4,43,68,95,1,9,26,69,53,75,79,27,63,34,69,56,41,60,82,79,43,94,40,81,49,80,26,62,60,92
23,5,86,65,6,14,95,19,99,70,89,46,89,59,40,35,25,25,79,66,75,52,83,49,20,63,21,33,23,14,16,84,54,89,53,68,70,90,23,44,76,30,95,65,22,83,8,35,4,13,32,10,84,91,91,96,42,25,70,40,42,53,97,78,8,71,74,50,84,49,88,31,83,48,43,89,95,77,10,54,88,13,5,15,49,68,55,11,28,88,71,34,98,14,82,8,27,45,31,64
66,45,91,63,34,76,34,66,15,95,8,89,84,76,49,18,87,83,26,34,28,83,16,55,75,55,28,20,52,50,50,9,49,64,96,58,7,63,59,75,23,11,64,15,20,62,24,35,77,32,70,74,24,34,58,58,43,22,35,32,36,63,95,98,35,75,11,52,56,84,54,90,22,31,47,3,56,32,46,1,72,90,5,82,22,62,44,36,51,20,59,66,89,86,64,67,28,34,3,91
75,67,28,84,77,44,32,91,60,25,60,77,40,87,28,70,28,66,70,29,81,41,23,41,77,43,51,91,75,13,94,16,50,45,15,84,36,34,48,39,80,38,57,75,36,53,94,98,52,23,8,48,57,65,20,82,94,21,39,67,93,48,14,92,71,93,9,84,70,21,8,5,28,90,69,2,4,62,53,22,1,56,47,34,67,20,54,47,30,84,36,39,37,99,96,78,60,12,34,32
99,41,62,74,92,25,13,23,17,48,59,46,2,41,38,70,49,54,33,13,31,64,79,34,20,54,87,14,44,33,20,18,81,82,42,75,44,20,44,38,75,56,37,71,57,67,77,50,34,71,49,37,43,86,11,57,54,69,93,68,54,13,85,72,81,64,38,15,36,66,10,30,5,22,7,35,85,85,85,87,4,87,65,22,52,70,16,40,10,7,84,76,4,75,80,43,5,30,80,50
68,56,99,88,80,86,36,24,37,64,57,24,55,41,74,0,4,11,59,42,52,74,93,79,77,63,62,10,21,82,49,32,0,53,52,28,27,0,34,69,67,95,89,55,36,71,24,83,26,37,11,4,73,96,24,51,37,10,42,86,40,62,25,85,0,61,12,9,43,44,79,42,54,78,53,21,74,59,23,84,21,57,20,26,12,98,44,90,16,7,32,11,83,48,39,41,77,85,79,48
27,42,44,56,26,86,54,33,38,31,95,37,71,66,94,75,78,12,2,23,66,95,44,68,5,94,53,89,29,65,26,5,4,9,45,81,27,90,35,77,40,33,23,52,7,52,10,68,3,50,15,98,30,57,39,54,67,61,69,16,77,31,7,47,49,79,85,27,89,63,24,22,67,54,96,11,41,20,91,1,2,4,80,91,42,77,80,77,56,69,64,94,22,77,8,67,47,98,41,1
12,68,66,31,56,74,38,12,24,50,17,37,8,58,28,18,41,8,39,40,97,38,30,39,70,87,17,85,17,35,81,79,12,42,43,66,54,77,96,46,94,20,37,97,12,20,70,56,95,93,68,64,26,24,54,11,50,0,97,48,20,43,65,25,65,80,10,0,2,15,52,54,66,92,17,16,95,78,61,88,32,56,8,8,2,71,29,6,55,60,71,21,56,8,45,23,15,78,16,16
27,52,0,98,8,30,71,88,92,31,98,9,88,54,98,2,69,3,52,81,91,28,18,27,76,55,96,25,86,5,47,75,97,7,1,52,68,89,83,78,60,73,21,33,76,31,14,92,76,19,28,38,36,59,79,71,44,96,87,44,14,32,21,13,86,66,91,90,66,9,79,45,38,10,73,76,86,82,33,98,27,49,56,59,88,34,64,13,5,47,86,67,15,15,57,41,0,67,25,66
54,3,17,3,83,96,4,60,43,91,6,45,45,39,86,55,29,44,88,81,7,56,5,22,85,67,8,68,59,28,80,31,44,50,24,57,74,29,72,38,43,15,57,81,38,11,60,86,25,37,87,82,29,66,84,57,44,75,60,86,52,3,29,90,36,3,1,30,84,82,50,43,10,85,50,78,96,55,40,76,42,46,30,53,7,19,14,20,37,28,44,30,94,5,81,49,78,41,95,0
64,43,29,58,60,65,86,39,44,92,10,98,10,14,48,49,87,33,88,15,46,85,20,37,94,78,55,5,27,24,98,0,7,72,79,43,6,72,92,13,60,62,20,22,75,49,25,39,42,66,58,87,76,35,73,87,92,46,94,79,81,17,22,17,5,41,98,14,22,57,68,75,16,89,44,18,28,48,37,87,3,8,56,54,12,13,66,11,95,65,77,74,73,43,76,89,9,26,19,11
77,1,31,26,31,77,95,21,13,75,13,13,23,12,25,62,72,15,35,46,31,95,37,86,75,70,50,25,15,38,22,62,44,55,19,82,78,22,41,59,49,17,0,24,17,2,26,26,45,58,68,24,77,40,93,7,83,71,83,16,60,59,74,44,17,15,47,55,20,11,78,96,98,42,34,17,46,14,31,2,48,81,70,32,65,79,15,9,38,18,32,15,48,3,9,40,82,30,12,16
74,86,73,69,99,54,80,35,57,20,8,62,83,9,32,55,86,98,41,77,90,54,95,6,14,96,13,5,57,99,56,50,40,93,88,8,68,26,21,63,40,32,0,19,56,49,43,81,76,47,81,69,8,83,23,88,7,80,91,49,4,3,26,92,57,58,85,11,53,78,17,65,7,46,77,63,61,93,9,37,41,88,72,79,9,22,28,26,26,28,71,4,17,13,2,3,41,23,24,53
82,49,64,68,23,2,33,72,56,70,72,56,54,91,17,90,7,86,99,80,87,88,64,44,78,98,60,91,81,81,23,54,74,67,23,45,99,3,29,9,63,91,55,54,62,49,35,2,68,39,46,66,52,36,67,50,25,61,97,91,24,20,64,22,39,52,89,20,68,83,12,90,12,41,51,34,62,58,81,71,78,6,72,59,66,68,24,31,8,6,64,76,20,49,28,57,36,61,2,92
2,32,20,11,58,23,62,89,65,58,36,70,39,70,2,7,92,28,27,54,94,50,90,10,2,97,11,0,38,74,31,34,36,47,87,33,44,1,74,34,0,89,12,1,17,48,46,96,68,52,36,35,10,64,25,76,32,99,9,41,87,30,47,98,3,12,82,66,76,88,11,59,2,59,36,90,2,43,27,24,18,32,74,2,58,44,19,4,26,38,62,34,60,97,34,95,14,8,69,36
57,71,99,74,45,67,94,32,44,75,45,75,71,95,43,75,69,87,71,75,47,34,97,2,37,28,84,50,54,65,84,74,22,67,12,95,37,23,40,15,97,5,88,23,86,15,77,31,82,81,70,76,32,90,83,53,62,82,70,3,26,83,26,4,53,79,1,91,83,74,91,39,72,8,45,42,60,70,56,8,83,84,86,21,20,88,88,99,63,51,7,57,90,4,92,62,17,47,34,78
59,3,22,24,61,57,11,80,89,1,14,36,75,11,38,82,88,78,99,73,76,64,51,73,44,43,58,80,98,12,48,12,84,55,43,11,27,19,39,38,60,12,93,74,54,63,83,41,79,73,42,1,62,8,31,87,49,16,84,87,4,50,26,16,78,35,84,50,56,83,3,0,1,59,54,70,20,38,78,31,22,9,55,29,83,52,65,10,80,54,73,9,63,83,84,94,50,69,14,31
15,64,81,74,97,46,45,12,53,3,48,23,12,75,83,48,76,11,8,67,59,83,94,84,99,17,19,48,28,42,61,93,84,2,61,75,92,1,94,20,57,39,37,43,38,21,66,22,38,46,33,89,66,49,28,79,44,96,34,84,23,74,17,48,55,62,29,40,25,60,84,91,80,9,39,68,95,7,83,23,87,16,58,46,38,29,56,30,78,79,21,91,24,80,1,20,35,39,63,21
65,39,52,32,46,70,12,78,64,59,59,11,64,13,1,56,74,55,85,21,53,90,12,28,46,86,94,34,22,81,62,53,47,49,58,94,71,53,55,76,85,56,30,83,2,90,9,23,55,39,65,85,57,6,44,72,90,11,0,48,31,41,46,13,32,64,90,15,79,6,80,15,13,46,56,41,11,86,35,76,17,73,30,16,98,86,44,47,59,6,7,24,14,6,12,96,27,70,76,26
66,90,4,35,92,44,45,7,69,77,49,35,59,61,1,24,92,54,76,8,98,69,99,81,3,69,39,95,29,77,39,92,56,92,21,63,27,40,80,56,10,4,34,56,90,87,97,24,3,43,56,33,30,54,95,99,58,5,39,34,85,59,72,19,49,41,54,36,42,48,19,64,8,91,94,62,5,7,13,0,47,1,81,3,68,19,52,6,95,3,52,45,20,45,83,33,30,44,28,13
36,73,20,60,22,96,90,82,16,28,12,64,13,94,22,97,23,58,94,11,11,54,91,83,26,7,20,21,41,74,77,27,62,3,51,22,35,98,69,27,64,28,71,1,15,52,96,53,36,32,96,64,32,42,83,53,33,49,66,63,51,73,92,18,23,38,98,48,9,98,47,6,45,93,50,73,38,19,77,31,11,73,12,27,79,88,12,94,24,63,23,71,8,12,17,62,88,78,75,92
19,46,84,91,30,96,21,42,55,54,55,77,71,37,40,15,40,47,95,59,45,21,53,45,45,68,48,78,96,3,83,92,8,94,21,13,68,98,99,3,88,57,37,53,60,48,85,88,7,64,23,60,60,22,48,65,36,99,10,75,64,65,6,23,90,28,69,26,98,1,61,51,94,33,72,31,19,13,15,82,41,70,36,69,38,68,50,44,35,93,94,88,43,24,20,9,40,23,80,79
13,62,91,53,86,57,90,69,72,58,65,77,24,61,3,17,43,5,49,8,68,21,41,2,70,79,52,55,62,60,51,23,41,1,29,22,90,82,22,36,58,10,81,1,5,98,90,4,10,31,7,91,77,95,89,5,68,24,59,99,83,49,53,16,68,34,91,55,80,7,45,51,45,56,57,95,89,84,43,68,20,84,66,56,44,52,20,37,54,69,38,3,17,90,66,7,73,52,96,37
54,68,4,4,99,21,14,34,58,32,38,51,4,85,6,32,23,75,62,17,32,43,26,10,75,81,78,51,58,13,5,27,78,18,36,88,93,82,87,70,29,45,61,26,63,22,77,33,64,0,73,69,37,91,26,84,65,5,78,57,99,32,78,45,38,52,12,83,22,81,30,91,15,47,62,80,48,75,85,92,29,68,79,31,97,47,68,37,15,71,33,1,41,40,95,23,44,31,5,20
23,75,97,93,6,71,72,50,20,36,27,58,64,82,99,77,13,0,85,13,85,97,47,2,48,94,67,53,95,62,58,72,63,64,89,68,12,92,48,72,10,37,99,74,91,95,37,24,61,26,53,21,79,19,13,29,59,99,7,11,50,65,83,71,35,72,62,5,23,79,84,69,67,2,9,36,41,38,74,31,80,44,28,71,65,8,30,66,3,69,3,78,19,45,64,88,14,2,64,55
21,35,10,14,58,58,32,44,25,68,1,7,66,4,37,69,99,28,34,36,63,29,15,16,45,53,41,60,26,44,38,65,77,4,89,39,36,91,45,54,57,28,86,56,17,89,94,14,86,20,81,80,51,39,31,71,99,14,79,54,79,9,1,85,94,23,10,99,89,83,72,87,28,10,9,97,58,10,93,26,60,99,44,98,33,3,78,14,91,75,49,59,10,60,65,59,30,92,32,95
40,64,13,9,2,35,23,31,95,21,83,17,10,69,66,17,54,61,61,97,80,24,80,43,67,75,22,73,60,69,71,46,21,36,47,38,43,90,3,50,80,48,91,76,0,7,83,78,37,12,48,37,50,2,6,82,1,4,95,36,91,60,35,86,73,68,8,65,2,28,26,9,72,60,47,25,50,12,92,25,11,78,87,20,33,49,65,31,60,64,14,45,49,25,9,81,96,60,90,54
33,72,6,17,40,58,17,30,25,17,35,41,15,26,9,8,49,15,69,55,5,67,57,47,17,15,36,43,77,64,22,9,19,38,93,90,24,88,2,2,99,21,99,75,98,7,28,12,2,66,36,81,80,89,48,42,55,94,32,70,88,8,75,14,28,67,18,3,43,95,77,61,49,93,61,46,23,46,14,16,88,26,52,38,36,86,13,18,63,83,34,99,47,96,39,42,36,2,30,25
33,75,4,3,96,75,63,28,76,84,19,72,43,30,68,14,42,82,46,31,37,89,92,29,91,16,28,84,71,56,71,44,75,31,29,60,78,78,19,78,85,39,37,76,79,62,96,80,73,9,57,86,5,8,12,74,78,39,3,55,25,56,59,19,24,93,21,73,97,67,64,11,39,16,34,52,0,67,5,13,86,83,28,33,59,61,54,47,48,15,32,21,42,26,14,87,73,60,24,57
11,37,79,17,14,75,48,33,42,20,34,5,96,63,43,74,75,4,52,76,4,54,70,89,67,11,50,91,86,71,46,79,22,33,10,9,1,8,45,58,13,29,15,84,64,3,48,4,73,79,28,0,63,22,11,24,26,18,73,48,70,8,50,33,20,9,60,46,40,26,33,34,1,71,81,37,89,89,1,43,57,29,33,52,65,53,13,44,76,24,62,14,42,21,89,75,31,84,81,58
20,43,62,44,26,22,62,16,84,74,23,95,19,47,68,7,8,36,61,19,13,28,22,21,93,23,63,35,17,75,82,98,9,34,94,21,13,40,33,15,84,38,98,80,91,11,72,78,11,23,90,12,65,86,87,60,75,18,64,74,16,1,86,65,62,26,86,34,12,7,75,28,38,46,46,59,89,97,73,77,8,50,2,19,97,83,71,0,93,62,0,57,55,87,17,37,28,81,46,24
92,43,73,11,94,36,22,95,45,51,39,76,55,33,79,56,91,82,26,40,91,71,58,39,41,52,71,79,2,41,70,53,17,39,56,6,15,60,23,71,63,27,59,26,21,28,54,43,40,24,98,14,52,53,79,15,28,52,69,18,93,83,37,23,60,79,60,43,33,96,25,73,0,21,39,75,62,22,79,76,29,44,1,95,21,8,91,15,59,4,54,83,48,27,80,73,99,72,67,66
89,63,80,32,86,44,38,57,53,81,94,56,4,98,26,86,2,12,98,35,89,51,58,18,16,45,83,27,96,1,95,81,15,13,84,45,90,36,45,14,98,27,98,9,58,91,13,57,37,24,19,53,32,22,14,51,84,1,94,9,1,19,67,26,34,65,20,50,72,98,14,51,59,26,60,57,40,27,27,89,49,18,95,23,83,40,9,53,13,63,49,52,60,85,83,85,67,97,9,17
17,45,44,19,21,8,48,71,64,60,31,1,56,48,50,27,70,53,47,92,71,63,47,90,71,51,24,87,17,27,95,65,23,62,95,27,82,42,42,40,88,64,21,14,70,67,92,35,33,34,24,30,73,64,61,25,20,62,97,32,88,96,82,69,16,60,12,87,46,92,57,26,43,7,58,52,64,16,93,14,28,42,73,53,43,96,83,44,49,17,26,84,42,88,53,72,6,92,49,46
88,90,7,14,0,40,1,23,62,73,12,88,3,2,45,10,6,85,69,95,0,77,35,90,40,63,98,59,91,20,77,33,49,76,82,61,65,83,58,50,99,7,86,54,14,57,28,84,2,45,94,82,67,21,13,35,77,29,75,3,85,31,49,4,20,58,11,90,12,49,17,29,63,82,55,38,53,20,47,64,42,78,79,6,36,93,27,3,91,38,72,85,54,66,63,2,78,44,41,81
27,97,55,30,3,98,23,90,68,17,97,2,90,85,36,65,66,66,73,25,62,86,51,91,28,47,62,64,7,45,50,14,85,15,23,27,75,58,97,20,35,27,74,17,67,26,49,29,93,71,72,98,11,45,54,79,97,14,42,90,17,47,20,97,86,12,69,68,78,16,59,58,94,47,66,50,97,37,98,5,68,13,94,81,13,74,39,64,20,6,99,63,99,40,56,46,13,12,77,51
13,31,23,51,73,71,58,89,75,14,30,69,41,51,50,3,13,99,15,46,44,55,90,32,79,46,14,62,72,5,92,90,63,74,9,16,65,35,93,73,66,1,94,57,11,97,33,72,63,34,17,86,39,86,2,33,5,31,61,60,34,38,73,25,1,94,19,51,68,86,91,99,89,26,94,17,62,52,97,72,14,89,36,14,0,58,72,97,94,16,6,24,63,68,64,78,62,56,31,86
19,52,85,10,73,0,98,10,50,52,89,66,30,30,23,84,50,75,2,73,94,41,21,38,59,73,66,59,47,74,27,11,74,50,5,92,97,37,13,34,95,39,45,15,92,98,63,63,83,94,70,1,20,10,54,34,14,41,10,12,3,57,49,20,50,91,38,91,58,47,25,39,77,59,9,6,36,13,20,59,94,74,36,44,57,91,61,12,12,82,76,51,15,73,49,48,17,7,73,11
32,32,96,76,8,88,66,20,89,59,85,0,95,12,94,27,68,96,21,85,9,54,36,62,34,58,9,19,84,59,40,53,34,94,79,73,36,57,35,33,64,60,24,86,70,95,86,73,90,89,68,79,85,37,83,73,17,92,91,94,48,87,17,5,92,86,45,2,81,82,37,56,80,8,55,53,79,40,35,64,30,41,52,88,16,26,60,37,60,94,28,19,79,97,39,15,31,92,68,76
15,44,70,47,78,2,83,2,42,54,57,25,84,74,65,59,58,93,11,58,74,10,88,24,87,51,31,22,47,44,74,29,50,2,60,99,57,12,80,36,63,85,45,51,78,70,73,84,15,83,21,12,67,98,27,84,90,41,23,67,43,62,68,87,94,72,62,3,70,36,37,30,98,94,62,68,70,38,26,88,67,52,9,90,72,32,68,23,98,50,14,93,75,82,37,9,59,95,1,81
24,48,92,3,51,8,28,45,72,31,42,53,74,82,31,49,77,86,4,25,85,14,4,66,48,19,67,31,65,43,48,41,56,34,71,48,34,51,55,81,41,83,70,9,49,99,83,77,49,85,59,90,17,26,74,51,58,11,20,65,33,94,91,29,49,55,3,94,79,4,80,30,84,23,81,43,2,3,66,53,53,90,93,10,89,73,83,63,60,33,13,76,45,42,2,15,40,23,47,78
78,3,98,45,30,19,70,82,50,92,27,62,32,55,74,78,44,64,79,36,75,12,42,90,6,7,30,95,45,86,93,70,35,47,70,17,75,99,44,57,9,45,94,63,79,65,5,61,76,14,54,11,50,17,19,77,72,84,10,39,43,28,83,32,19,56,22,72,42,54,96,57,88,87,76,25,97,39,47,19,44,59,81,95,86,73,27,99,72,13,22,29,34,85,98,23,0,42,44,31
99,54,26,55,73,0,92,80,31,35,20,88,31,4,39,21,58,18,88,2,56,71,94,53,35,73,62,39,83,74,19,21,63,22,65,0,73,28,42,75,76,80,36,0,67,88,60,57,99,85,32,74,82,77,99,9,62,23,70,96,28,52,80,31,6,53,55,74,29,30,86,0,97,93,6,63,83,56,81,98,36,78,99,5,84,96,16,35,94,97,36,51,4,87,25,49,27,25,66,95
11,18,21,60,41,24,39,50,35,63,9,62,26,12,35,24,68,23,77,59,88,89,98,63,25,27,76,26,62,56,31,50,65,93,62,42,57,11,23,79,75,81,92,66,53,49,10,76,0,94,15,39,59,77,57,47,64,96,85,16,37,3,62,47,97,34,85,48,1,32,26,0,19,75,98,9,23,16,97,8,22,18,73,52,15,51,28,69,50,91,26,60,93,14,34,51,77,61,67,27
96,65,80,92,23,0,20,37,87,40,12,32,44,18,43,89,18,80,9,68,45,12,65,89,5,57,56,60,40,7,18,2,94,83,16,95,7,17,5,58,75,91,71,76,92,75,61,44,74,32,70,92,3,18,33,13,18,20,0,92,97,80,44,70,40,22,55,18,27,13,33,2,27,35,5,4,52,60,80,46,35,55,12,98,50,77,43,88,11,79,70,62,78,22,85,95,66,34,97,23
63,0,33,59,61,26,36,4,38,65,31,63,6,37,95,64,80,26,5,64,66,78,94,42,26,91,23,84,3,95,30,88,91,83,8,81,38,86,78,1,61,43,38,22,58,54,30,20,63,76,41,67,11,0,79,52,32,79,88,62,87,64,29,52,15,21,26,70,56,56,35,29,49,81,66,60,76,57,55,45,17,79,98,57,91,79,62,0,26,25,72,61,8,47,91,27,59,91,27,92
19,96,69,14,93,36,10,8,31,56,52,23,57,96,97,72,73,61,15,14,51,5,25,76,7,55,81,93,39,32,16,15,86,94,34,99,75,43,22,28,0,74,66,70,74,22,41,42,14,52,38,35,39,60,1,76,87,19,28,78,15,37,52,65,14,86,15,56,38,62,38,37,19,14,69,78,78,58,18,51,54,74,27,82,33,1,51,85,97,5,7,54,67,37,51,88,46,23,36,26
74,78,91,70,15,33,0,12,4,43,48,68,60,4,9,43,99,73,59,14,44,23,24,66,44,16,50,96,31,59,29,47,59,87,0,29,92,48,32,35,28,93,24,1,12,14,13,26,96,71,18,16,21,98,17,33,4,43,79,66,72,40,14,17,13,95,85,51,79,77,93,90,57,85,13,50,75,52,3,51,72,27,55,95,23,34,11,86,56,57,89,82,42,92,38,79,96,4,39,15
36,73,15,55,73,55,87,34,73,70,3,42,75,98,70,30,68,31,29,87,61,34,45,4,1,81,42,9,87,54,0,46,30,44,58,5,91,85,63,86,41,44,28,4,1,63,19,14,52,57,54,0,21,63,29,99,19,68,22,23,49,96,79,76,58,65,33,45,47,74,35,2,96,45,15,67,78,51,55,99,36,60,1,63,41,39,47,12,7,82,65,17,11,46,9,1,3,26,69,93
81,67,61,45,13,51,92,1,14,41,69,56,83,47,63,93,66,27,2,19,99,41,89,63,10,97,44,36,66,14,82,11,41,90,29,4,77,97,67,49,37,73,37,94,94,52,24,91,98,34,67,83,35,34,4,98,94,8,46,65,58,40,12,13,11,94,93,62,11,78,4,43,55,16,76,4,1,6,68,48,39,53,32,1,12,8,83,93,67,27,26,14,0,10,43,65,31,36,87,16
44,51,50,24,5,85,37,40,43,60,18,72,3,31,0,92,74,21,42,67,13,71,45,81,83,62,26,34,65,95,50,58,83,21,70,2,53,53,68,32,5,19,3,35,28,88,35,89,16,88,84,14,64,88,93,63,96,74,34,12,89,44,35,40,21,74,72,67,32,79,73,60,94,52,55,17,77,61,98,48,47,96,10,42,28,40,29,35,50,28,31,4,39,38,77,45,77,7,40,94
82,83,73,33,82,81,42,99,5,73,8,37,46,19,41,57,30,10,81,82,86,33,1,20,39,45,4,46,8,60,9,46,28,54,23,75,67,99,31,55,74,45,89,75,78,95,46,32,56,27,30,24,24,85,59,50,9,86,40,82,22,77,52,22,16,43,35,90,66,10,80,75,67,52,57,67,22,62,96,60,11,21,23,84,35,52,34,41,38,16,10,94,22,25,10,99,23,39,46,17
86,90,11,42,99,78,89,72,95,38,61,68,24,51,56,79,11,18,46,37,12,40,96,58,20,50,16,26,46,89,95,29,44,90,73,8,96,96,24,23,80,28,99,12,21,38,66,33,69,46,35,2,16,97,81,22,97,31,33,12,95,41,58,45,51,96,25,93,13,1,98,36,22,20,20,52,12,5,87,61,37,90,85,28,43,71,42,57,13,27,87,99,23,84,23,62,25,23,9,98
94,33,72,14,8,2,48,56,11,49,77,36,82,41,23,0,23,51,97,67,99,31,35,61,15,62,35,48,14,98,43,69,19,46,37,94,19,82,25,57,91,73,12,13,69,74,46,24,13,44,49,86,0,88,13,61,53,81,77,30,75,87,16,20,55,1,49,32,86,0,33,61,85,65,90,62,53,54,54,74,50,35,6,44,3,44,61,83,47,3,21,74,23,36,92,90,4,80,64,96
86,83,29,78,92,70,1,73,71,74,11,5,20,67,89,98,69,64,99,48,47,72,15,97,23,58,59,75,69,58,43,73,11,13,49,99,95,55,24,42,58,84,20,21,97,8,36,95,89,64,70,30,63,67,44,14,27,13,56,91,94,44,45,67,80,44,5,36,44,89,72,42,99,97,14,82,31,43,54,56,0,12,63,15,10,12,23,79,14,57,28,14,39,49,62,80,61,38,20,81
33,55,67,85,25,61,33,89,20,35,76,21,33,4,54,14,23,92,5,52,36,18,71,0,20,1,35,42,99,93,12,3,48,65,27,99,89,28,93,76,78,41,96,81,61,64,82,7,4,86,48,71,34,44,97,70,93,45,39,89,90,2,87,24,56,28,68,91,74,13,2,77,31,28,77,81,31,91,33,50,68,10,70,82,4,43,93,91,94,52,82,31,73,85,50,42,28,51,60,78
