63,31,38,87,12,21,47,32,46,31,48,47,96,39,78,22,3,1,81,29,45,87,96,31,70,77,26,69,2,81,98,9,71,8,44,35,58,59,9,21,24,98,84,38,82,42,34,98,90,26,25,36,91,96,67,57,65,94,86,85,37,6,52,76,38,82,24,31,0,0,43,20,3,74,25,52,54,98,67,25,79,14,70,49,46,23,92,78,69,39,80,79,95,89,53,75,53,41,74,29
38,21,95,1,59,16,85,27,79,54,89,46,77,5,68,22,4,59,22,75,33,52,43,11,23,26,76,95,36,0,24,67,60,17,4,83,27,96,52,53,49,2,18,98,61,50,2,33,80,92,45,24,91,72,96,93,95,18,9,72,90,77,20,36,14,61,55,67,68,14,28,80,91,71,80,36,11,35,13,61,69,3,42,88,35,21,35,73,50,33,72,89,80,62,59,4,25,80,22,25
57,18,55,47,15,64,62,10,50,18,37,19,1,39,63,8,46,53,68,44,36,45,46,75,89,97,81,83,35,43,76,72,91,36,38,10,84,97,24,89,94,37,10,5,87,57,35,68,96,85,7,69,89,61,54,70,22,96,5,58,57,17,89,93,1,63,53,46,70,79,3,28,68,26,4,28,38,64,75,39,52,85,55,36,64,22,52,93,74,33,53,67,27,46,33,52,24,1,80,89
9,97,50,97,32,94,14,29,96,72,49,58,82,81,53,29,59,66,65,49,90,54,87,24,62,27,29,52,11,65,47,9,61,88,5,97,57,21,93,87,32,90,72,25,35,61,13,16,81,45,72,2,13,24,48,16,56,87,84,82,67,34,33,60,26,75,89,39,35,63,13,78,58,38,68,3,75,97,11,65,66,45,17,7,92,39,8,75,62,90,99,62,71,25,43,76,32,90,89,52
27,84,41,54,98,98,9,29,5,49,34,89,34,49,44,25,90,75,10,21,21,85,20,79,20,11,41,97,63,42,89,68,89,64,95,87,80,37,20,58,38,29,63,34,1,50,10,60,84,52,7,54,3,3,85,22,62,98,78,17,11,91,41,27,88,35,53,69,44,16,16,12,93,28,70,74,27,54,30,51,66,85,0,3,97,49,29,94,96,67,28,89,20,19,22,56,65,57,40,1
93,69,93,56,11,52,51,48,12,17,96,95,91,0,26,6,48,70,97,36,70,18,25,42,6,44,39,32,67,65,40,6,53,27,20,29,87,51,82,40,45,93,33,0,79,83,36,29,2,23,28,36,41,19,74,38,61,34,68,54,23,49,64,12,39,47,68,81,14,67,46,63,80,69,64,81,11,8,36,43,97,99,34,74,77,13,71,75,49,20,41,99,12,59,41,91,88,96,41,97
51,2,36,79,34,74,37,47,27,77,68,4,16,54,51,29,77,42,87,4,74,2,63,11,55,64,36,63,18,91,12,16,7,41,92,78,55,26,36,69,58,7,70,89,70,25,40,6,42,61,63,94,33,69,85,33,4,49,74,84,82,91,87,4,93,80,98,82,3,25,66,28,41,18,78,60,17,47,55,76,95,21,15,27,4,88,48,62,2,24,98,11,8,44,36,42,78,19,61,81
67,18,74,72,39,23,94,83,91,93,67,48,16,16,63,72,72,20,42,22,9,70,30,78,24,35,15,5,94,42,78,74,81,53,88,33,45,72,36,76,82,78,41,86,75,8,51,54,29,16,33,20,74,75,12,47,38,95,18,11,68,45,57,86,86,74,1,2,66,37,45,45,57,34,87,22,61,2,62,44,64,20,48,69,81,38,10,1,83,9,11,65,8,7,74,19,87,46,4,80
7,60,33,85,48,54,64,59,97,38,6,90,27,13,40,37,97,53,44,88,29,24,77,18,31,6,53,3,54,69,85,18,67,48,44,61,86,85,88,18,69,64,61,32,36,6,91,79,90,27,80,89,9,72,81,71,77,76,77,88,68,66,24,45,67,60,37,79,33,16,52,86,93,60,91,94,17,39,79,24,5,95,92,30,99,90,22,48,9,19,67,40,22,25,38,37,78,10,98,60
16,50,11,36,18,22,10,73,16,65,52,68,42,19,94,5,36,45,88,8,36,53,87,78,94,19,86,10,17,60,29,29,23,71,81,68,39,94,24,47,3,48,20,90,60,17,47,0,70,10,3,29,37,51,77,6,54,95,68,63,68,72,86,29,86,68,22,73,69,64,18,78,64,35,73,67,84,58,74,49,7,4,27,88,61,93,61,5,69,25,49,56,58,96,75,76,73,12,15,92
12,23,32,41,5,6,98,30,25,54,46,95,45,71,93,48,51,39,26,41,46,78,51,67,47,33,98,26,88,20,19,85,39,69,18,88,16,41,32,65,4,86,46,11,50,84,52,51,64,13,33,8,47,78,40,46,48,79,24,27,11,31,66,15,22,76,83,7,3,17,50,37,52,68,99,7,8,78,9,25,35,75,50,85,50,87,72,94,97,70,37,56,98,29,33,3,78,17,89,95
44,70,20,33,6,8,9,81,33,6,54,80,89,41,52,60,25,11,33,94,85,98,25,59,73,15,50,61,99,52,10,82,58,79,54,79,81,52,79,87,59,95,53,70,85,50,17,37,71,90,57,19,76,2,88,58,40,16,12,20,64,5,58,30,69,84,48,88,86,55,91,35,16,1,66,63,52,16,19,48,36,59,3,21,84,84,89,44,27,37,32,49,86,72,19,22,84,18,83,24
65,20,71,92,94,17,31,65,85,81,27,5,7,34,92,75,34,3,33,25,90,45,36,80,12,17,99,70,89,60,14,2,37,85,40,38,67,55,30,90,9,15,1,57,6,36,91,94,84,86,76,37,78,12,91,56,51,32,44,82,83,70,30,43,22,92,73,74,22,45,62,50,52,60,32,31,80,88,44,38,98,90,9,49,25,43,45,42,30,13,3,34,38,41,13,30,89,55,56,38
7,25,63,94,9,65,98,79,81,67,79,6,4,52,94,19,28,34,50,62,70,72,75,7,50,16,77,16,2,48,51,56,53,63,66,46,84,14,53,69,5,76,37,75,52,6,1,61,39,31,63,91,14,36,3,71,23,48,78,9,52,56,7,38,42,46,10,62,51,7,78,69,8,59,33,9,5,85,7,58,99,40,27,94,7,66,38,92,81,60,54,0,15,91,80,46,9,54,3,89
23,84,72,35,34,97,51,15,9,93,56,74,30,65,55,82,84,23,65,85,12,0,87,95,17,13,50,83,34,68,26,12,54,29,65,32,31,93,3,94,44,54,7,29,69,81,73,49,62,57,44,90,52,45,72,23,7,30,92,86,77,3,82,95,92,98,91,66,59,88,34,9,51,88,13,24,81,28,27,73,37,81,2,91,49,3,61,39,39,90,43,49,6,7,3,25,0,54,7,3
54,21,39,10,9,14,90,57,24,63,44,18,35,75,9,5,3,16,11,21,29,64,47,38,45,25,33,19,71,39,29,34,76,60,18,79,87,78,50,54,28,21,57,37,71,75,35,74,54,50,53,14,56,14,12,99,90,93,89,88,16,47,88,99,9,38,64,76,89,55,21,50,59,75,37,14,55,97,9,20,38,53,35,45,33,94,42,10,85,57,33,41,12,32,18,39,61,98,56,62
18,24,70,72,63,12,80,37,64,33,11,10,83,84,70,3,88,6,40,58,62,40,28,18,38,28,65,96,96,53,66,13,31,86,71,71,66,80,18,89,57,91,36,16,93,63,0,96,11,28,19,72,57,51,55,3,47,92,26,40,23,58,62,73,71,82,86,60,26,56,76,51,58,54,18,58,97,63,31,47,49,85,95,86,58,80,12,71,39,12,56,89,72,81,53,85,38,62,55,56
54,7,88,82,89,48,79,28,53,87,91,93,24,65,39,1,21,46,74,11,17,88,13,29,36,51,74,78,26,55,36,16,45,17,37,67,35,95,19,51,78,60,78,70,8,16,57,78,86,10,37,86,1,36,7,39,19,47,65,59,68,97,7,95,13,63,40,62,66,52,96,82,48,61,6,77,62,86,23,72,17,87,30,9,12,8,51,44,74,22,75,34,39,96,25,25,81,25,43,95
10,92,33,68,48,2,91,99,78,95,58,19,63,98,88,76,22,27,57,30,7,51,98,20,88,63,34,34,60,2,41,49,11,93,29,31,96,56,75,24,95,55,98,39,6,62,71,51,74,3,93,99,83,38,25,36,42,28,34,34,4,58,34,36,31,84,49,94,54,34,88,59,57,21,98,52,11,47,71,1,64,10,70,73,87,88,97,52,42,30,64,33,80,65,23,26,69,1,97,70
20,12,9,53,61,35,8,79,11,14,85,46,57,82,9,86,17,65,56,33,83,24,77,44,76,28,75,57,63,56,36,17,47,47,62,66,35,3,2,14,16,82,64,20,89,93,30,89,83,47,57,30,51,79,81,41,92,23,38,50,21,92,39,93,68,3,52,77,46,15,45,15,91,36,20,65,67,76,53,30,95,64,80,96,62,48,84,70,84,97,44,48,92,79,35,24,62,11,50,59
15,9,8,69,93,43,82,50,24,55,1,50,51,8,89,35,49,41,46,70,64,42,74,76,95,27,77,80,56,43,52,35,45,54,29,40,68,15,89,46,87,54,4,7,18,46,61,6,88,15,90,41,0,74,27,18,51,46,24,8,60,71,50,59,97,46,10,28,74,93,97,46,21,57,44,71,55,58,47,55,46,10,57,60,64,50,75,1,84,78,87,33,68,28,33,9,6,25,64,98
57,8,10,42,37,68,9,33,44,9,52,15,91,62,87,49,96,18,39,22,97,69,13,49,82,66,20,21,69,43,59,60,51,33,85,69,12,51,1,89,48,18,62,81,48,63,44,18,40,77,49,9,39,65,83,38,65,20,99,88,81,48,95,88,30,99,5,44,37,89,70,3,82,46,79,87,57,73,43,21,76,3,68,37,97,95,17,90,76,50,7,86,11,92,87,25,36,43,22,11
77,12,90,27,68,31,50,41,5,67,50,56,52,97,5,83,11,95,26,27,57,57,82,67,43,94,84,79,68,4,89,49,92,34,87,53,41,64,12,93,61,71,23,34,68,46,2,67,91,89,72,48,23,24,79,90,28,64,86,66,29,66,40,23,33,33,9,90,49,23,27,69,40,47,15,72,20,94,30,44,26,81,21,13,6,67,59,20,2,48,1,82,45,9,62,65,64,75,26,37
99,76,82,33,31,85,33,28,76,2,33,87,63,10,94,15,26,39,84,96,14,27,0,24,99,71,68,22,74,29,68,14,45,99,34,99,21,35,63,92,89,33,7,20,91,50,94,76,3,7,37,31,4,98,65,90,19,49,20,3,43,35,48,41,82,85,8,97,59,6,27,30,5,64,53,22,13,75,71,86,29,12,94,33,59,35,82,90,88,21,1,43,38,1,54,34,66,42,69,71
84,58,26,80,45,42,70,62,95,83,83,23,99,45,39,2,71,55,67,75,72,6,15,56,55,75,50,97,1,8,4,19,81,31,15,53,74,80,95,79,1,16,39,49,67,42,53,49,6,14,62,61,6,1,66,15,16,69,35,7,63,38,6,58,10,57,4,73,14,57,46,7,52,55,83,3,76,68,67,42,29,32,89,4,90,37,3,11,34,19,3,86,8,81,74,3,13,92,95,93
30,85,45,39,15,9,51,22,75,51,38,27,11,32,82,9,64,75,81,98,96,60,76,48,0,35,92,84,33,16,1,43,47,93,27,42,19,4,98,40,78,57,16,14,69,84,39,14,80,82,12,65,19,66,78,4,11,0,44,62,68,24,90,97,35,36,73,10,68,57,77,79,46,80,23,8,38,19,80,1,98,74,73,84,58,67,35,46,25,2,39,77,42,34,74,18,36,6,46,56
61,80,32,69,63,60,98,40,91,56,51,1,54,60,35,50,54,28,73,51,51,68,39,16,57,76,8,90,44,24,46,8,50,52,55,60,73,8,90,87,39,92,6,22,20,83,26,96,78,62,25,9,99,63,99,60,58,95,41,73,89,86,17,33,41,99,61,51,76,36,46,21,11,8,54,12,96,75,59,29,56,35,91,18,42,49,84,8,31,52,45,19,78,82,52,28,3,32,64,18
40,17,98,13,26,22,35,96,18,61,76,22,52,28,39,4,40,34,28,50,68,17,56,9,18,43,42,20,74,30,30,78,10,62,62,32,62,35,93,68,14,69,79,51,31,85,4,57,29,97,6,19,64,39,26,5,71,70,39,46,90,6,84,13,72,32,15,54,31,15,47,78,88,41,72,48,28,2,8,96,94,70,94,94,72,78,34,45,80,29,75,98,38,49,77,13,99,2,84,6
82,58,6,85,69,56,73,8,32,26,5,94,49,77,56,65,59,78,37,8,72,12,99,27,55,49,71,21,20,72,37,73,91,8,74,29,11,87,8,47,55,27,36,41,0,88,5,9,46,58,7,54,93,5,2,26,88,63,88,81,73,31,70,47,93,36,95,62,67,48,72,27,48,40,88,11,13,24,48,41,16,24,32,51,14,50,44,35,6,99,21,9,12,10,72,75,40,92,57,60
89,59,58,10,92,72,11,62,21,39,2,51,10,83,27,23,63,79,30,42,61,93,50,65,11,37,90,54,58,67,19,79,58,78,65,57,18,37,99,96,89,92,49,32,15,34,93,23,40,67,63,78,59,69,78,78,39,45,36,96,72,60,54,88,20,0,73,43,22,5,21,12,99,0,7,3,68,95,90,86,8,99,43,15,51,71,87,38,77,18,27,52,40,76,74,66,53,86,94,65
17,21,12,98,17,82,40,46,45,52,66,19,53,5,26,91,43,82,79,99,67,95,74,83,54,68,39,9,11,26,44,71,95,45,46,79,9,74,86,50,53,22,25,48,26,64,13,40,47,88,23,32,47,8,49,37,33,6,84,17,91,68,36,68,95,61,21,49,61,65,31,38,20,17,90,65,11,65,59,55,16,47,18,37,48,85,72,13,10,55,75,70,54,39,89,29,66,9,86,22
80,11,34,75,87,61,26,36,80,50,36,11,90,77,62,30,13,96,40,40,44,67,2,44,98,43,76,50,71,77,41,49,49,94,7,69,42,42,13,42,53,7,21,57,48,76,37,16,60,26,4,85,72,30,85,76,81,36,23,74,15,29,94,50,34,73,55,3,56,40,79,56,50,43,17,81,14,37,12,81,52,81,88,41,50,48,62,61,18,27,4,58,54,36,68,1,62,97,9,66
74,83,95,81,71,66,64,30,14,32,7,55,88,16,77,24,76,12,67,83,68,8,75,6,51,88,12,90,80,32,69,46,43,18,19,73,45,36,78,17,97,33,97,57,38,72,90,62,5,4,66,6,33,74,70,5,70,67,62,89,26,53,99,42,43,83,45,56,58,31,84,86,97,68,84,75,1,0,39,94,91,50,20,82,56,61,87,56,12,3,90,23,23,29,76,43,24,16,21,86
63,88,69,88,70,1,54,37,45,0,76,5,70,44,60,63,48,18,9,87,52,82,24,27,91,35,87,93,31,87,57,15,60,89,93,40,59,8,80,3,94,97,54,26,91,32,93,57,31,96,48,33,4,41,99,48,38,72,37,51,35,58,99,28,5,97,52,41,93,68,13,2,32,10,36,14,54,23,46,57,76,47,13,15,93,64,68,57,56,39,52,86,5,6,61,48,95,25,11,17
68,3,95,44,46,32,94,57,66,85,32,18,27,64,83,33,57,23,63,35,53,24,2,54,88,7,9,30,88,92,89,14,94,35,84,83,62,98,9,51,8,78,27,88,27,23,82,2,56,10,4,87,1,4,46,74,82,93,95,80,81,90,7,36,98,42,97,78,43,48,83,91,11,2,14,59,70,98,47,11,53,13,10,10,96,94,73,23,59,44,69,90,39,68,47,84,18,74,2,37
37,59,39,66,91,37,3,11,95,19,85,19,57,95,50,2,2,79,49,29,32,48,73,74,28,30,11,14,22,32,87,96,52,95,58,47,54,19,16,17,18,70,92,24,51,58,20,85,55,34,64,7,85,85,56,54,94,54,58,62,75,36,87,20,17,22,2,63,49,68,90,3,15,18,12,63,4,1,88,38,91,63,42,18,25,6,86,48,47,27,33,7,97,30,63,15,66,75,93,54
91,27,57,31,74,31,42,15,43,87,10,21,50,55,33,17,72,65,35,70,53,38,59,66,43,14,19,83,28,11,70,43,97,82,28,0,11,94,28,38,49,41,41,55,84,37,87,58,51,80,98,7,10,1,52,46,77,4,99,7,67,64,90,31,26,11,13,2,46,94,81,89,57,92,46,82,65,54,59,47,26,93,32,91,4,39,76,81,72,35,74,27,35,53,71,82,32,95,94,1
47,52,50,36,96,18,13,92,73,89,30,24,48,22,57,26,85,81,16,60,72,37,82,31,88,79,72,47,79,43,80,25,94,7,49,26,25,36,58,19,49,58,10,10,77,64,49,5,19,74,23,14,8,53,73,15,51,77,77,11,76,65,70,75,91,55,13,7,93,78,92,69,27,18,93,33,39,71,40,6,29,27,93,21,37,66,28,32,46,64,47,22,54,90,2,42,11,1,66,17
76,16,32,5,72,20,47,13,83,35,45,11,38,99,30,82,94,49,86,64,30,31,37,71,74,66,42,45,40,96,85,14,61,85,62,64,61,85,18,17,96,20,21,99,84,26,99,8,56,54,85,1,36,90,31,75,76,92,71,38,95,1,45,67,20,3,42,40,0,36,0,10,95,54,44,22,46,45,11,40,98,66,63,22,22,62,45,10,67,58,81,68,56,83,46,63,42,69,76,39
10,94,32,35,47,16,42,16,12,47,34,70,13,59,73,99,37,18,88,95,31,95,31,68,56,86,88,51,23,22,23,11,76,25,18,37,14,72,82,22,25,97,9,90,40,22,67,37,82,63,91,15,50,42,79,40,81,39,44,3,82,99,52,90,24,60,99,76,8,12,65,94,51,54,27,59,36,30,24,46,87,24,71,6,25,89,91,30,60,29,33,87,8,17,19,75,20,64,62,59
94,98,31,38,65,38,4,33,9,25,70,12,42,25,66,35,30,94,4,53,34,21,87,22,40,70,68,58,22,76,27,39,31,44,12,77,79,82,44,74,6,54,79,21,49,79,42,27,53,26,13,72,65,38,19,72,54,55,47,44,84,93,67,68,28,71,44,79,93,21,20,60,7,16,16,47,54,5,18,42,9,1,44,26,47,88,24,15,36,60,75,87,48,45,93,18,93,91,42,92
7,88,11,27,21,25,64,61,72,60,91,51,79,96,55,84,90,60,54,33,40,73,5,37,32,31,81,60,65,8,83,24,93,30,57,29,36,99,93,24,38,59,47,71,70,17,7,43,4,49,65,14,54,18,81,73,15,80,19,2,76,2,19,28,99,43,7,56,79,7,13,54,38,50,24,33,87,92,68,76,15,60,70,36,43,51,14,94,64,51,92,54,27,93,94,42,77,68,92,72
78,18,69,9,39,30,42,11,70,23,89,97,37,0,88,33,2,23,82,47,25,9,27,34,42,17,63,76,47,9,48,47,22,50,65,7,80,14,59,46,81,33,24,4,48,89,51,49,76,84,59,57,25,17,88,3,0,46,19,9,21,8,11,7,95,0,40,78,63,7,33,73,15,13,87,12,50,52,88,66,48,76,18,41,48,51,35,92,74,15,35,29,75,55,54,52,40,4,64,9
19,96,95,42,58,49,47,25,82,92,18,50,55,81,51,0,97,40,69,78,23,94,36,88,70,98,0,60,46,21,91,96,8,41,9,94,26,31,92,8,87,46,45,57,53,97,81,9,10,43,41,69,76,17,25,99,32,68,77,77,84,21,78,28,54,3,24,84,40,69,97,35,79,57,85,49,61,21,86,95,46,96,71,56,12,9,4,88,82,37,53,59,51,23,17,99,60,77,55,98
36,21,87,96,25,46,59,83,71,33,48,97,97,84,48,76,96,14,11,1,64,82,69,8,58,98,79,99,64,28,78,33,17,96,38,58,29,36,14,14,80,57,87,64,79,47,63,36,67,64,67,13,75,62,28,37,90,36,13,58,17,99,90,60,36,98,70,73,19,35,98,36,24,33,65,5,24,11,12,54,54,83,15,84,97,65,99,97,51,95,79,50,91,67,26,1,60,11,47,13
42,24,47,94,94,65,5,57,60,31,87,44,21,87,82,86,39,36,88,86,40,92,17,50,50,78,66,45,85,71,8,94,28,86,94,88,19,40,54,42,51,92,45,46,79,96,83,95,22,91,49,1,1,11,47,59,6,59,78,19,77,26,98,60,76,61,42,97,50,68,5,98,65,68,89,30,76,90,99,88,56,72,77,42,99,17,24,27,3,47,47,4,93,35,41,36,86,82,23,46
92,76,14,84,98,39,99,89,13,64,34,87,51,21,93,92,53,71,61,4,58,37,16,8,12,8,9,21,22,84,26,90,64,51,8,36,98,23,80,86,74,0,12,2,93,94,96,68,53,12,6,16,89,74,33,30,59,79,78,39,32,52,82,95,63,18,13,23,69,27,87,59,86,12,0,48,44,74,78,77,52,31,99,45,33,84,30,27,25,18,91,22,40,93,95,18,72,25,63,99
84,80,84,85,9,22,63,25,38,77,39,60,8,76,56,22,46,14,52,83,64,91,1,66,30,32,78,74,48,57,19,2,41,20,31,32,36,60,1,50,77,32,24,81,25,86,20,63,72,61,14,21,64,95,72,3,79,40,13,13,15,8,40,34,57,91,41,71,23,39,14,37,80,90,52,56,2,59,20,93,72,8,69,70,38,94,4,98,69,9,94,44,40,47,96,25,72,44,25,63
1,63,65,88,38,24,31,36,44,53,84,98,0,96,31,86,65,80,28,41,89,20,25,38,7,13,45,42,79,15,63,3,95,44,88,33,9,17,49,14,10,66,28,8,5,4,94,48,94,37,17,26,39,72,56,48,85,84,32,86,68,1,52,68,80,70,77,62,84,61,55,97,89,4,99,70,72,24,81,97,57,29,19,20,3,26,81,34,38,59,33,19,4,45,23,42,5,25,57,78
30,17,36,98,64,24,94,56,79,81,81,25,53,44,10,79,30,29,11,92,9,1,51,39,56,35,16,33,93,96,23,41,57,96,44,5,32,22,69,46,23,58,44,51,35,1,6,91,90,69,71,33,34,32,48,92,66,24,35,72,57,61,1,16,28,63,8,89,96,26,28,4,33,4,1,32,6,30,58,25,80,15,20,33,58,50,6,0,76,31,41,12,61,43,17,69,63,89,75,23
29,64,22,31,3,58,25,16,30,49,59,8,9,18,34,22,29,65,58,22,76,45,13,40,15,41,36,30,62,94,45,83,34,16,9,9,35,64,1,62,16,80,65,91,31,11,73,86,46,19,88,10,84,89,31,9,46,0,10,98,13,83,78,33,24,37,23,16,87,71,66,47,80,89,48,20,71,29,61,34,94,89,19,65,82,48,24,19,44,36,99,45,12,71,91,28,71,41,13,95
73,58,39,67,9,89,99,78,70,56,47,45,28,11,76,93,24,4,34,69,13,6,50,75,31,51,47,84,18,82,34,34,84,78,69,13,52,60,75,82,90,13,78,0,33,73,99,4,85,84,79,20,78,36,84,56,38,50,18,59,77,42,24,1,51,66,39,58,48,18,40,6,53,3,3,3,60,71,76,5,96,65,79,68,35,3,25,9,69,88,33,19,49,87,5,92,36,50,37,37
42,19,90,15,61,59,32,53,2,52,51,31,35,94,16,80,95,50,9,52,4,14,23,0,42,66,34,32,58,91,99,88,90,3,97,62,68,52,7,47,18,94,51,61,5,64,24,85,35,27,75,59,39,95,32,8,39,87,99,48,92,36,65,8,39,82,8,98,29,51,40,5,13,4,10,12,13,1,3,95,90,17,36,37,14,80,32,77,81,22,76,80,32,18,96,72,1,43,80,59
43,26,65,22,71,77,78,9,53,12,63,17,9,7,32,50,49,88,56,91,43,3,8,68,89,88,59,26,25,80,29,53,48,24,48,75,83,38,7,81,8,54,98,88,35,35,59,54,12,48,23,92,34,38,40,96,15,74,43,47,78,75,87,20,79,38,68,28,65,44,7,99,26,82,91,20,1,7,97,26,68,58,97,82,21,71,68,84,86,9,6,98,85,93,45,57,31,70,17,48
70,5,84,86,23,1,82,64,78,92,41,92,43,29,86,65,49,73,4,44,81,24,82,25,90,95,5,59,26,84,88,20,38,86,91,0,95,94,44,65,55,3,96,82,82,10,15,42,69,50,91,13,82,76,63,69,24,19,93,13,79,7,4,79,40,11,76,69,65,17,48,55,31,26,78,95,21,28,87,85,18,60,54,2,68,96,71,61,80,10,18,81,2,95,13,35,24,8,75,67
27,27,46,37,99,14,7,59,85,88,35,18,11,32,46,3,83,5,48,79,45,32,15,22,47,1,60,66,32,97,7,68,96,83,98,0,86,23,79,74,24,96,1,72,21,99,0,68,43,49,37,44,68,73,90,49,42,44,64,52,37,81,37,38,84,46,9,20,85,44,73,48,12,99,55,20,0,75,23,21,24,83,10,75,4,84,1,36,62,28,97,82,93,78,49,83,40,51,14,56
84,3,34,10,35,34,92,50,47,57,21,59,38,84,44,85,45,19,93,5,85,78,3,56,56,34,71,50,30,78,13,29,98,91,94,99,46,56,73,45,94,77,4,76,78,83,6,38,53,85,70,10,6,66,67,86,73,7,43,7,3,0,79,23,3,7,68,30,6,70,37,42,2,99,98,38,10,29,28,85,98,21,11,9,9,51,76,23,33,71,44,34,67,64,35,9,60,9,90,97
89,35,16,92,35,47,75,28,47,60,23,75,24,76,37,25,67,21,90,68,40,31,71,0,54,67,73,12,97,91,62,35,33,39,14,64,20,12,93,30,93,75,85,96,12,7,56,94,82,80,45,4,53,28,0,52,76,8,41,51,77,94,9,73,41,87,92,90,86,52,38,88,40,87,41,76,49,36,24,17,31,57,14,76,92,80,19,69,34,35,16,95,29,42,99,61,88,90,13,98
36,57,3,26,29,43,28,70,36,32,33,72,74,52,56,84,14,84,47,5,18,61,49,16,64,83,51,29,84,13,97,47,91,57,0,61,2,80,83,66,68,35,98,65,23,95,71,12,46,47,18,43,53,37,92,66,59,49,19,16,72,34,40,53,18,18,17,31,0,37,3,82,10,73,37,11,90,5,0,47,13,31,34,64,47,92,54,64,9,96,17,77,99,68,87,6,41,53,49,50
12,54,56,0,14,10,4,10,75,11,62,66,87,11,19,94,69,69,73,47,15,0,62,78,71,25,61,76,30,82,89,89,88,36,24,16,3,85,95,74,55,63,1,8,55,14,19,34,93,93,48,66,84,17,9,55,27,53,66,68,11,65,29,96,25,38,61,87,14,44,80,67,32,12,77,82,65,82,36,37,69,71,4,26,9,70,16,6,87,88,31,25,24,66,25,52,80,33,58,65
58,58,85,70,63,87,3,48,15,29,56,22,3,31,31,55,77,17,89,21,95,83,31,16,42,61,85,51,63,40,19,2,35,70,71,1,45,19,70,81,34,49,73,9,69,5,60,5,29,40,53,62,62,30,2,61,36,14,36,83,88,87,33,77,15,49,54,62,52,89,34,74,60,24,7,74,85,27,55,7,80,8,16,59,14,24,80,67,7,89,59,78,73,39,67,51,67,20,14,84
58,8,48,51,17,11,44,66,17,30,56,93,79,74,53,91,90,29,90,47,55,1,82,50,52,47,61,96,25,29,10,3,13,61,23,35,52,90,46,11,87,28,60,25,54,36,30,38,86,74,91,29,23,96,73,18,92,84,79,43,41,57,24,91,31,62,63,83,14,89,90,75,77,88,82,37,92,95,5,73,70,30,99,13,31,8,15,63,76,81,62,17,55,72,70,9,94,2,24,51
30,28,36,4,18,15,43,90,26,59,59,2,66,17,99,70,80,2,89,63,86,6,17,34,85,6,61,71,36,2,91,94,9,82,60,36,97,4,33,91,55,52,63,79,78,60,22,84,34,54,7,23,97,60,8,73,70,87,20,71,99,80,27,49,51,61,73,27,36,52,10,21,35,73,79,46,87,54,44,93,92,1,69,32,28,38,68,79,24,46,85,32,17,12,40,92,87,12,56,55
74,18,17,24,43,16,73,49,63,84,29,6,83,89,39,1,57,25,79,47,7,29,46,14,96,45,95,78,89,90,81,49,7,62,87,55,67,63,46,83,67,13,90,42,94,86,64,86,31,56,60,50,52,26,96,33,66,31,7,16,22,4,92,30,98,29,19,7,66,68,2,21,79,73,2,23,22,50,77,55,46,51,80,36,3,55,62,17,50,95,48,66,49,19,80,77,65,58,89,24
9,49,89,53,47,49,85,54,14,48,42,72,82,27,81,57,67,30,30,91,92,68,98,79,71,93,15,13,83,25,25,97,27,24,86,77,63,9,91,59,83,40,83,34,94,75,70,4,76,64,18,61,55,22,38,52,8,31,63,20,0,91,43,63,13,7,2,47,24,51,53,81,4,65,59,16,60,72,71,94,7,69,51,45,25,62,35,33,83,97,33,66,96,52,64,14,3,95,85,9
52,81,82,21,86,97,60,25,39,93,56,98,28,25,9,22,93,63,45,33,81,55,80,97,35,59,56,21,79,12,23,10,16,51,43,67,32,78,60,83,95,31,74,85,70,72,40,96,79,22,36,41,69,37,62,35,9,0,61,25,16,46,15,38,61,40,26,66,23,49,91,77,56,5,4,91,62,94,99,83,47,6,81,56,96,58,93,38,90,23,49,81,0,60,99,86,17,4,81,47
87,6,23,8,58,15,87,59,23,95,3,48,61,64,87,8,89,84,90,48,6,9,47,15,95,68,25,96,46,36,19,73,35,25,59,74,29,50,93,70,6,59,56,17,73,75,66,99,89,81,89,56,93,50,43,49,6,97,38,82,94,35,53,2,47,46,86,29,45,41,44,72,82,45,34,8,11,75,19,37,91,19,85,18,55,41,90,39,29,70,37,27,51,14,26,31,20,61,57,31
23,20,7,5,48,43,56,16,43,61,53,91,56,68,4,30,8,46,42,6,35,21,4,55,3,91,74,35,62,66,63,26,45,4,99,92,23,19,8,65,45,76,96,81,83,89,36,93,41,93,34,14,92,76,21,42,92,37,21,48,88,49,90,53,76,12,23,57,92,70,96,43,97,25,21,55,13,18,14,58,80,23,19,71,14,20,81,92,28,50,56,95,42,69,56,0,48,93,31,10
70,89,57,67,15,10,6,24,37,96,46,96,62,0,99,64,26,85,4,97,41,34,98,3,46,16,58,40,89,82,63,21,66,42,10,51,99,14,41,13,28,44,39,97,31,23,81,14,2,16,61,74,62,9,99,26,69,80,88,31,80,32,88,50,24,70,97,61,77,83,38,9,86,81,38,12,48,24,49,64,90,54,58,26,18,64,75,81,62,46,82,35,3,10,21,23,3,81,20,0
29,29,83,5,10,46,51,6,83,40,39,8,37,18,69,85,19,19,27,71,62,23,83,79,3,28,86,54,95,38,24,4,24,68,46,37,16,39,78,37,69,82,16,67,68,79,43,83,60,88,34,6,48,41,60,47,57,83,31,23,77,79,21,1,60,73,62,16,57,95,51,58,31,26,95,72,6,93,83,92,1,90,60,99,53,21,93,59,59,34,73,8,97,71,14,35,82,32,44,83
21,72,53,42,27,13,89,81,48,39,75,56,37,98,6,45,84,11,66,71,47,38,23,43,2,65,5,62,59,96,15,14,31,92,61,8,83,50,80,31,30,47,85,88,22,14,27,81,39,75,35,36,51,22,37,8,48,35,52,51,21,9,3,17,32,80,19,4,5,78,18,69,51,27,38,42,95,22,23,19,30,8,91,52,49,62,68,40,49,87,76,5,61,55,72,59,75,9,27,26
71,56,15,40,91,65,94,88,8,32,10,86,78,76,51,9,67,63,27,19,54,98,0,52,68,99,14,80,40,53,12,91,23,49,33,44,79,3,76,77,53,79,89,35,79,98,7,6,11,20,94,21,70,44,94,36,88,97,70,22,5,33,72,89,55,16,38,80,2,74,62,61,46,88,79,86,16,1,75,43,27,42,5,5,70,58,4,45,95,32,15,51,51,17,57,14,5,33,5,94
30,46,30,81,7,5,56,66,33,18,86,24,49,24,29,28,33,46,27,35,87,44,34,7,69,89,88,0,15,5,74,43,64,55,13,87,52,18,17,84,59,58,5,17,84,54,1,66,68,16,39,75,18,22,81,36,45,4,60,93,24,47,58,14,66,1,6,73,65,90,17,60,42,67,92,71,63,85,29,30,82,26,52,12,86,41,18,96,3,40,59,93,27,27,48,9,48,79,75,14
54,29,20,37,25,10,55,37,52,36,6,93,77,83,81,89,93,61,69,55,36,39,55,90,94,10,0,44,49,87,42,94,23,12,54,96,1,99,26,54,62,12,95,46,37,70,39,56,58,71,76,55,67,55,25,81,28,28,79,9,82,48,96,5,80,74,68,5,41,42,0,56,29,0,80,82,7,29,90,97,52,6,29,74,73,74,1,83,77,39,3,78,42,25,93,83,70,67,13,67
13,31,34,55,45,32,29,45,87,58,86,26,45,35,7,48,78,70,38,87,73,77,54,63,62,99,85,4,71,40,25,7,67,53,52,65,45,33,79,63,88,67,2,60,20,93,42,99,17,97,61,80,4,70,72,34,65,27,27,33,92,76,72,13,65,6,30,67,11,74,77,3,6,62,15,28,97,81,11,17,14,36,39,24,73,69,19,41,64,27,72,69,81,56,47,44,75,13,79,94
70,16,95,90,2,24,82,29,23,49,97,94,18,43,29,31,18,82,85,76,18,40,36,99,7,79,93,73,58,93,41,57,14,58,10,23,80,17,44,19,76,64,20,75,29,62,50,35,74,26,13,61,76,14,15,5,28,58,15,28,85,63,6,8,23,81,44,39,3,49,48,10,39,35,93,48,70,28,80,54,65,36,0,74,73,17,56,67,86,28,19,8,17,12,91,27,41,96,36,74
48,0,48,22,72,53,3,9,38,71,25,6,67,77,84,19,82,25,37,23,71,65,47,26,37,10,15,2,16,67,95,31,78,14,50,20,19,23,54,61,8,98,23,69,48,80,11,85,11,33,52,86,64,42,86,57,42,54,20,93,0,19,15,35,38,10,8,46,68,7,94,93,89,84,59,86,9,29,13,80,31,55,54,53,70,74,73,18,40,48,12,69,93,55,19,54,83,94,58,34
75,68,56,92,96,15,72,13,12,13,84,52,38,77,58,27,99,45,15,97,42,0,8,41,68,51,91,52,54,88,2,75,48,67,19,76,86,97,19,22,34,27,82,16,81,13,38,28,5,60,20,22,17,73,8,17,83,32,3,4,34,90,26,9,67,23,7,22,86,43,81,90,15,8,90,53,60,57,48,28,34,87,88,80,60,49,59,9,7,5,84,6,80,66,23,24,32,57,88,13
41,81,79,0,11,51,37,34,2,90,81,15,52,96,8,20,91,91,58,53,68,27,77,36,67,37,53,68,67,68,11,75,43,67,84,7,86,60,13,17,64,97,53,78,2,46,15,53,35,18,93,25,34,89,90,60,88,55,52,94,48,36,7,81,54,97,79,1,45,92,40,40,1,8,19,27,79,86,9,52,88,40,68,90,74,80,88,86,11,56,23,88,27,6,68,54,73,91,11,9
26,79,6,23,18,28,32,92,5,38,86,81,53,47,67,78,14,67,62,88,63,80,43,52,5,41,43,83,54,13,25,36,26,87,33,19,34,77,21,40,47,37,71,32,15,92,61,55,55,50,16,92,8,83,40,61,16,74,55,36,81,87,49,32,34,62,23,64,78,66,95,19,93,40,63,88,33,67,92,12,54,46,23,46,99,89,26,67,89,64,4,37,0,96,30,10,84,60,83,5
13,57,49,5,30,42,50,54,32,88,58,5,5,82,21,32,76,89,85,7,8,3,14,37,16,10,26,15,94,16,65,84,68,69,86,38,72,76,65,53,52,39,67,75,26,71,68,96,94,61,68,63,54,48,90,61,51,55,91,82,54,38,66,26,2,49,69,15,90,17,63,86,95,68,61,28,19,16,76,34,46,43,88,13,93,62,3,84,45,36,14,87,62,99,69,14,52,38,67,95
48,9,16,29,96,95,34,46,26,69,75,72,11,41,97,23,95,66,45,35,33,6,51,14,96,10,38,86,90,33,24,38,30,53,92,13,69,83,75,79,37,87,95,87,45,65,59,23,2,91,57,94,92,7,25,40,90,71,30,87,51,56,55,72,80,13,24,19,34,46,80,61,26,33,59,46,10,24,85,80,23,33,78,56,93,92,1,95,2,23,44,44,55,72,34,37,86,91,59,39
36,42,57,43,23,24,44,71,27,42,28,47,35,17,64,82,33,65,87,93,82,13,80,94,31,13,59,49,76,25,97,60,75,1,17,58,66,35,60,79,35,67,61,86,48,50,39,80,35,21,15,28,81,22,6,77,31,87,43,4,2,87,11,11,82,17,6,68,38,46,37,42,12,23,53,27,52,13,4,17,52,90,81,54,46,49,71,32,46,14,97,51,84,7,44,80,66,51,14,70
74,34,87,87,10,94,3,28,42,5,74,6,51,15,36,18,91,7,22,28,80,82,35,49,6,20,64,50,42,43,97,41,40,10,76,39,98,4,89,67,93,94,97,39,61,75,25,41,75,87,31,29,59,34,15,34,64,67,19,54,90,17,49,60,83,71,18,81,59,28,84,31,35,81,22,79,38,16,24,37,53,57,66,42,92,88,10,98,58,26,66,96,48,13,96,87,31,76,20,98
74,48,12,84,39,98,20,55,89,8,89,80,11,70,80,60,45,6,16,53,96,41,96,87,73,55,59,90,20,89,71,70,27,86,93,39,16,35,39,63,86,64,32,84,4,17,72,91,34,78,80,15,95,39,25,64,52,51,66,89,93,15,57,81,61,99,79,58,96,98,75,78,22,89,16,51,76,51,2,62,54,42,16,73,85,48,93,51,14,20,81,13,60,21,84,54,68,28,45,99
2,43,77,65,45,33,58,88,39,78,3,34,18,71,14,78,59,41,77,67,6,68,4,53,48,76,83,10,53,71,64,53,46,29,92,43,66,89,50,56,93,1,90,71,78,93,99,22,85,37,12,81,66,13,70,84,85,23,7,4,52,69,32,63,43,84,32,26,21,77,12,29,90,62,51,28,25,76,59,21,68,80,55,44,54,33,76,48,71,51,15,77,72,94,36,48,43,5,9,80
16,32,31,37,42,17,46,2,91,8,29,63,94,79,44,42,91,14,58,76,14,79,55,49,22,14,62,49,1,71,96,29,68,88,48,62,33,14,4,93,5,29,19,36,13,6,29,9,40,93,31,53,78,15,87,59,85,16,48,83,49,22,52,90,91,40,7,78,15,14,40,20,42,63,55,81,35,27,37,61,18,90,57,53,31,80,84,17,18,94,87,71,3,15,30,19,21,27,36,88
60,57,55,60,75,49,85,36,62,45,41,55,25,9,6,70,65,25,89,40,96,91,63,16,3,18,0,60,29,83,99,0,92,94,99,44,20,37,35,31,36,93,76,55,68,26,43,70,49,42,6,47,28,70,99,17,1,69,44,68,48,54,83,74,43,77,90,14,88,61,56,41,27,69,86,77,59,13,68,95,21,80,35,52,81,92,73,84,77,35,29,8,50,97,89,27,69,19,83,40
24,82,11,42,37,24,63,40,91,93,28,28,58,54,45,3,72,50,3,65,63,25,92,83,17,80,25,65,43,39,86,6,11,73,33,62,92,11,56,49,92,24,40,9,84,53,87,82,0,26,61,98,27,5,59,58,64,67,7,6,63,5,96,5,49,12,21,98,42,13,84,87,17,61,21,35,7,40,42,75,26,13,85,29,85,78,76,49,77,70,82,33,94,98,16,37,64,20,13,60
9,31,7,75,63,63,24,24,88,64,36,35,18,87,86,76,14,45,71,40,24,65,96,10,64,21,50,82,33,97,91,10,52,44,69,57,65,31,24,42,45,60,11,1,47,56,99,41,28,53,70,50,38,80,15,93,38,91,23,27,30,71,24,55,50,72,27,93,76,58,55,88,43,92,6,58,77,20,25,51,36,11,23,16,7,7,31,27,14,59,38,65,67,85,76,79,85,76,20,82
67,86,23,82,15,57,78,49,9,38,68,94,46,94,97,1,34,25,50,46,86,29,99,83,20,49,23,10,72,3,68,92,27,80,82,20,3,26,66,88,3,68,75,46,35,70,1,54,75,64,94,28,32,2,74,42,19,70,16,93,99,70,4,69,59,48,8,78,17,92,26,25,50,57,99,36,45,60,26,31,80,98,80,24,17,57,80,46,91,59,69,18,54,44,99,3,0,69,63,88
27,50,42,96,59,60,81,2,85,27,60,55,6,4,80,2,22,23,48,34,22,82,20,3,25,97,57,19,78,85,81,7,39,48,42,55,97,14,50,34,96,44,27,99,55,59,54,86,34,75,14,28,4,37,45,63,31,86,10,84,76,51,67,62,11,67,79,8,8,24,53,15,32,30,91,71,15,73,50,32,72,34,91,49,62,29,34,58,18,34,43,87,66,22,9,85,37,6,92,95
30,68,77,97,7,93,41,98,37,27,43,5,70,71,69,40,20,98,53,72,53,90,95,32,85,32,95,24,35,62,58,29,60,7,73,8,7,14,44,21,58,53,90,56,34,94,46,3,97,32,52,5,68,49,98,42,13,99,4,51,91,14,44,26,73,77,74,21,66,1,65,44,61,54,67,88,26,16,78,46,13,11,16,10,55,35,69,54,61,5,54,38,68,98,86,86,99,62,44,86
94,80,70,90,87,80,65,75,57,0,63,47,29,15,12,93,70,25,3,52,21,16,55,82,61,35,16,80,2,70,94,29,93,57,89,12,80,30,38,28,58,18,19,72,57,76,39,4,30,43,84,47,11,45,48,94,32,4,90,29,99,88,10,21,65,72,66,58,75,71,96,92,79,63,54,62,88,81,80,46,13,19,0,0,72,72,24,1,72,10,33,28,49,26,14,46,52,60,59,95
88,37,4,13,31,11,46,32,59,24,36,63,24,91,76,91,86,61,88,97,97,56,96,95,97,50,83,4,73,21,90,84,92,22,78,81,90,68,93,19,73,23,75,55,31,67,55,19,29,67,65,14,38,10,40,71,35,58,84,11,31,40,90,65,74,79,21,38,28,12,86,67,67,16,80,31,94,70,45,61,96,12,13,38,5,73,23,87,18,88,91,88,60,56,40,49,11,5,91,10
52,91,61,91,76,73,69,17,58,48,30,69,16,91,32,98,77,32,27,1,50,21,14,25,79,1,58,57,59,66,22,52,36,40,39,40,93,11,48,71,73,82,83,94,36,75,0,7,94,84,52,14,72,65,38,68,24,72,86,73,9,87,91,89,91,63,27,85,93,46,98,96,52,35,87,93,49,86,35,60,12,32,36,69,16,28,99,0,51,72,31,56,70,7,5,43,41,9,17,52
29,10,87,4,96,51,79,73,83,98,26,93,7,49,45,47,65,98,61,57,19,6,78,87,45,12,50,59,82,25,97,91,13,55,26,95,91,79,81,36,93,96,69,2,3,30,6,28,88,27,79,12,86,65,38,53,11,81,92,94,62,60,52,66,99,29,92,65,98,10,71,67,51,33,64,19,28,95,31,28,64,35,66,35,71,42,51,64,83,98,16,23,17,77,33,75,66,32,89,95
58,29,28,9,62,91,34,48,26,37,41,14,38,38,42,36,22,60,77,70,61,50,86,66,91,84,16,91,56,75,97,68,69,39,73,44,58,71,48,10,69,67,15,94,77,11,31,49,15,7,1,67,99,75,29,51,25,78,30,13,85,16,36,51,9,97,89,41,10,12,62,92,85,21,93,74,90,8,61,36,42,28,58,24,23,99,99,70,5,30,14,83,51,53,29,30,12,66,12,88
54,44,60,66,87,40,68,88,4,43,95,32,91,50,84,73,37,71,62,92,52,97,56,58,27,60,38,44,44,94,98,68,51,74,89,52,65,20,54,21,68,81,62,57,70,97,87,26,34,39,47,63,58,98,12,58,15,47,73,18,83,38,68,81,21,93,63,50,92,91,26,32,89,67,38,44,4,66,48,22,73,79,1,57,63,34,47,46,3,83,6,62,99,33,37,5,19,47,68,80
64,23,61,74,16,71,51,91,91,57,30,90,95,59,34,17,40,27,12,15,50,68,95,2,83,48,41,50,74,90,57,31,34,88,57,67,97,58,56,56,84,48,65,21,64,3,20,3,55,28,83,88,89,54,90,32,86,34,80,17,77,24,69,57,72,9,60,58,23,4,90,2,19,38,26,92,19,55,88,75,41,18,61,26,23,13,40,62,54,23,67,73,29,27,2,52,99,82,73,12
