6,2,69,67,47,49,82,82,83,19,57,71,35,32,35,38,74,35,20,71,18,27,27,59,70,59,95,19,53,48,63,80,9,43,52,22,32,40,32,77,53,55,95,77,60,69,55,57,44,99,29,36,38,91,65,98,70,81,47,66,22,54,63,53,82,79,68,54,47,24,87,91,81,59,83,49,65,36,17,21,33,80,8,25,14,36,55,29,55,52,3,41,27,80,32,44,57,5,49,47
85,5,4,94,24,86,48,4,92,38,37,33,42,25,63,8,81,83,55,31,36,97,7,41,57,46,17,74,25,71,78,62,48,84,17,43,41,41,51,21,27,63,8,46,26,24,20,99,45,94,3,70,62,7,46,68,29,93,38,71,26,7,20,77,33,28,32,69,56,61,44,20,44,49,97,87,58,91,24,56,69,9,50,19,88,0,54,36,13,93,16,82,58,51,95,70,37,74,1,46
11,92,59,17,49,10,72,41,54,40,75,57,85,86,29,53,43,63,49,39,63,17,6,52,34,49,83,80,46,45,90,94,51,55,68,45,52,62,62,96,53,21,36,49,25,96,18,97,27,15,64,75,94,9,12,20,13,54,87,15,98,65,25,67,66,18,26,58,23,16,65,43,15,91,89,76,33,80,19,11,27,18,14,39,93,41,6,56,28,10,41,51,87,95,41,99,16,53,34,86
93,28,92,47,45,58,44,2,61,28,87,74,15,14,1,0,6,78,73,57,54,69,39,21,3,90,19,67,49,44,24,87,45,31,64,32,23,98,70,24,25,80,83,7,96,84,55,72,7,36,4,74,88,19,97,87,72,51,85,2,23,27,27,47,21,76,15,61,92,55,14,5,57,75,22,90,54,57,61,12,18,38,31,65,45,60,65,11,64,93,45,93,45,53,13,22,44,47,59,4
76,12,38,96,65,93,92,18,48,39,35,1,82,72,3,15,23,15,21,12,21,97,15,84,37,8,48,22,65,37,83,86,73,91,12,27,89,87,81,20,87,31,65,58,47,90,39,44,50,42,35,62,41,41,61,74,3,10,93,4,86,10,76,34,60,23,1,25,17,56,2,32,30,17,22,91,64,10,51,71,43,4,32,21,31,16,69,80,40,81,64,9,38,64,80,2,39,99,85,63
90,12,42,57,14,56,71,40,31,65,75,77,66,20,11,25,74,55,82,97,80,23,20,76,97,54,78,26,94,52,48,39,66,84,61,44,22,86,8,29,63,97,72,5,2,67,39,91,60,60,12,75,34,37,35,32,7,33,2,44,20,99,61,23,42,19,64,4,63,18,49,79,96,53,89,32,3,45,99,77,24,95,68,36,86,87,31,59,84,95,17,6,94,78,93,45,70,18,6,91
56,59,37,37,66,78,98,26,26,63,92,93,18,59,21,12,49,49,45,5,32,80,98,28,96,46,52,99,71,72,91,63,70,31,61,50,97,3,88,94,99,31,6,14,18,56,67,32,7,27,28,4,30,42,17,27,16,15,54,76,59,38,99,76,68,48,42,12,41,24,74,6,33,18,12,32,27,59,91,64,7,89,46,90,4,79,22,47,37,49,82,32,15,90,51,55,47,51,65,10
66,62,36,83,17,75,72,7,15,91,67,64,82,62,85,45,45,19,86,60,33,56,70,80,12,47,2,64,99,1,5,33,32,65,6,80,94,76,16,36,45,9,85,75,19,24,62,7,70,9,92,25,48,39,16,98,84,51,72,7,71,24,24,83,35,63,33,15,33,60,97,89,89,27,25,50,83,30,13,23,33,93,40,63,95,84,41,44,69,66,29,39,67,29,76,10,47,86,4,41
73,38,7,12,43,24,29,1,17,31,17,29,35,8,27,86,30,66,8,57,17,60,14,65,24,59,78,36,36,94,87,97,19,92,53,36,11,62,35,87,34,12,80,65,68,30,80,97,96,84,43,25,46,78,2,72,38,20,93,59,14,46,46,64,14,32,33,65,53,5,31,25,69,46,60,92,12,49,27,37,50,31,64,8,2,0,53,70,28,7,80,98,26,86,58,66,47,80,37,67
53,57,35,86,7,3,54,36,35,39,92,21,3,28,76,38,15,52,36,60,31,43,86,53,6,47,2,70,53,62,10,83,80,19,93,27,55,60,65,71,66,92,28,55,83,25,7,63,68,56,94,57,34,14,92,25,43,32,66,53,45,55,47,59,0,55,56,36,14,49,51,92,39,58,58,84,43,63,8,4,0,16,47,11,13,78,70,0,57,22,23,35,87,23,42,81,10,91,20,76
92,50,86,83,15,20,70,47,55,26,64,88,33,47,76,91,94,69,52,76,13,43,56,95,86,70,73,76,30,2,46,5,44,82,55,0,63,79,69,98,14,30,4,75,74,5,83,60,30,9,17,68,25,82,25,18,50,68,77,47,8,65,45,16,82,39,74,72,65,17,22,22,45,2,65,41,6,87,10,43,36,83,38,56,86,89,27,88,8,36,42,45,53,94,45,80,55,60,87,25
46,46,13,94,96,16,30,58,83,56,5,84,74,67,87,4,37,36,28,52,20,44,3,27,7,68,18,91,31,60,21,81,27,89,14,63,29,15,98,34,76,73,14,3,92,65,64,76,56,27,74,55,33,10,34,70,11,16,89,62,57,0,97,23,82,58,74,33,79,50,28,54,73,37,27,87,79,1,69,20,57,51,49,1,16,88,73,47,10,2,9,52,50,41,39,31,37,2,4,76
92,14,33,12,82,76,75,84,54,19,17,61,34,24,55,37,24,52,53,85,90,64,58,58,21,9,19,97,18,52,80,31,12,84,81,14,31,11,43,40,34,98,81,94,73,1,66,68,17,40,77,8,68,72,13,8,7,41,76,6,43,40,78,95,40,34,3,75,24,65,53,61,35,56,77,91,80,10,41,33,49,78,71,80,53,14,97,9,83,37,72,76,14,23,87,95,52,57,8,7
93,35,31,43,96,83,93,76,89,7,45,74,1,3,1,89,63,60,34,10,18,53,93,53,93,17,90,0,59,65,57,35,66,68,17,88,89,61,36,37,15,13,4,61,92,59,20,99,72,17,0,59,87,81,55,35,83,84,52,70,77,14,76,41,11,17,97,98,15,56,99,22,77,8,64,50,88,46,16,27,98,38,72,23,51,81,28,4,7,98,39,44,79,60,61,27,12,8,85,26
58,17,82,16,21,11,65,78,33,39,4,28,83,93,9,7,5,16,70,3,23,7,29,7,69,31,98,64,25,76,24,27,93,68,21,66,54,26,29,97,88,28,6,89,58,42,63,91,98,12,59,49,86,54,29,55,22,42,25,19,94,58,30,34,57,69,0,59,80,22,38,23,24,8,32,60,50,52,55,6,13,23,81,12,72,63,88,83,59,15,23,7,19,20,24,86,17,88,98,29
54,10,27,31,34,34,47,69,33,31,59,77,67,54,52,22,12,95,81,80,87,40,36,13,20,38,41,57,46,17,80,96,42,82,9,46,10,48,95,78,46,8,93,24,32,50,22,25,72,41,72,90,71,7,27,58,66,47,21,57,99,52,66,30,79,27,98,83,59,68,51,40,92,78,41,58,67,53,33,3,75,50,9,68,70,14,54,27,31,55,53,58,53,36,44,32,97,20,56,35
65,31,76,32,29,81,29,88,76,48,30,63,57,49,89,31,1,98,3,34,92,35,76,26,91,3,77,3,52,82,70,22,81,61,18,33,40,6,7,86,25,47,73,42,54,86,62,31,79,7,19,61,29,22,90,26,54,71,79,30,20,60,53,24,99,90,1,47,9,36,59,59,75,78,34,2,30,26,55,35,33,17,46,79,19,72,87,9,85,14,52,89,37,86,16,20,26,54,61,10
20,4,31,12,48,57,76,72,17,4,77,60,78,16,27,29,8,62,68,37,33,18,84,0,7,9,11,82,19,41,25,86,5,1,33,96,44,67,45,85,75,5,2,82,91,20,59,61,46,24,4,7,18,12,21,83,18,97,62,8,37,11,82,11,27,36,16,72,22,70,95,60,28,84,37,8,28,57,59,20,11,20,63,23,39,40,33,46,6,48,6,12,1,28,56,18,16,96,68,24
75,28,34,37,68,5,50,91,40,94,64,39,4,28,45,0,40,62,6,46,95,12,54,59,10,95,67,10,59,33,30,84,90,99,48,0,23,1,54,78,95,9,81,73,30,36,31,71,50,86,46,54,73,41,58,4,33,74,23,63,24,64,85,55,96,49,47,1,9,71,40,63,94,80,40,46,83,7,84,75,93,28,37,26,44,42,7,76,89,43,39,33,40,24,81,6,72,43,96,81
39,60,60,43,33,60,3,10,41,69,12,65,32,19,25,42,77,87,19,63,15,95,64,88,33,78,51,88,27,42,3,34,11,35,74,1,63,6,44,25,3,15,48,13,3,77,0,46,74,17,36,96,18,22,82,92,92,16,29,59,37,80,0,66,10,76,99,87,57,68,51,80,80,12,23,11,16,20,55,38,80,31,34,84,67,85,77,22,37,97,81,4,13,6,38,12,0,84,38,26
22,19,86,33,2,41,73,70,88,10,94,51,71,42,43,51,18,34,20,28,4,83,95,70,75,95,15,80,90,82,3,21,51,43,95,30,48,89,79,99,21,85,13,51,80,69,53,8,18,97,84,32,1,50,17,95,8,37,21,58,38,99,55,26,35,60,75,58,5,76,35,45,79,6,87,76,89,80,15,0,63,84,57,17,64,78,33,60,60,91,17,59,5,42,64,38,71,26,54,9
67,31,19,1,82,5,85,17,43,88,66,27,74,50,47,7,94,68,2,80,86,88,30,13,44,95,28,92,10,60,16,47,33,37,75,95,44,10,11,10,47,28,25,72,27,23,86,39,97,0,25,60,42,54,86,14,1,75,27,10,21,92,0,24,11,11,1,22,72,93,61,0,39,56,92,48,93,46,21,11,42,41,76,8,1,43,47,93,90,38,40,37,31,92,32,49,77,20,3,71
80,62,91,89,13,77,27,59,45,37,57,5,34,75,21,87,83,89,98,14,37,54,78,64,89,18,82,13,78,44,52,6,72,29,32,67,99,79,35,40,26,50,82,47,47,18,36,2,63,42,46,41,48,49,0,24,3,52,26,64,0,84,5,63,29,62,53,88,67,61,66,36,72,62,56,63,79,3,67,17,78,3,37,70,45,95,83,1,44,47,58,81,62,95,84,21,10,20,42,62
11,15,51,22,57,69,66,28,8,2,48,36,79,48,17,98,14,11,69,95,44,19,48,11,40,38,15,96,36,17,43,44,65,45,11,44,78,99,53,43,84,18,10,46,11,61,7,40,49,85,41,5,40,36,89,47,34,48,78,90,3,71,67,98,68,52,84,76,34,24,13,70,9,71,86,3,5,38,95,39,80,94,3,71,68,22,17,10,24,5,3,69,34,35,55,65,31,96,73,70
83,4,54,31,5,46,10,93,54,10,21,85,6,97,88,31,51,97,8,97,42,50,12,1,38,13,7,19,28,68,98,11,29,43,36,36,78,86,72,70,69,47,32,65,22,74,83,75,1,73,66,15,96,78,68,72,34,98,75,26,78,52,24,7,17,37,18,99,58,47,20,26,99,4,97,12,94,90,44,91,48,13,82,72,83,98,83,60,66,4,71,9,45,57,93,54,38,61,37,55
95,2,88,15,32,28,72,12,17,5,32,93,81,63,41,24,65,53,2,85,36,75,78,16,44,10,95,67,93,61,41,0,31,58,58,50,35,92,61,95,31,54,77,71,95,17,95,31,51,8,60,73,73,29,93,23,53,27,66,47,70,95,6,43,69,52,85,10,44,33,92,27,88,93,33,65,7,61,67,93,9,66,5,38,88,77,56,98,35,21,5,9,32,69,3,74,77,95,85,97
92,29,68,42,40,30,88,85,64,25,3,19,55,79,14,84,46,83,15,86,66,59,92,50,23,53,62,95,82,72,23,44,83,37,42,39,50,54,20,41,55,86,33,16,86,4,82,28,78,98,37,33,74,62,43,74,16,76,17,69,2,81,86,43,56,93,34,47,32,85,83,13,59,80,38,12,92,88,13,30,18,88,4,41,87,13,66,65,47,46,13,27,80,9,14,9,83,45,84,16
93,65,60,87,10,95,70,7,18,15,27,54,18,79,34,65,29,48,30,50,87,55,93,64,32,17,76,27,86,5,35,27,13,97,96,97,92,31,28,45,25,26,73,43,55,0,64,21,40,20,62,74,97,75,39,1,54,32,30,65,54,4,84,21,36,38,22,55,6,12,61,66,87,92,46,58,0,39,93,70,40,77,59,20,72,98,89,75,18,35,59,90,98,88,59,5,34,66,86,42
95,90,37,47,86,70,74,87,34,8,43,26,57,65,99,25,17,7,24,39,96,12,16,95,15,67,32,23,44,49,40,30,28,48,8,42,36,11,13,81,73,63,20,19,63,22,88,5,63,92,80,60,36,50,54,19,16,51,83,11,16,21,24,39,17,28,54,85,91,48,92,93,4,68,5,67,70,60,17,7,71,91,56,65,58,2,74,43,66,86,71,97,51,37,7,76,37,64,6,99
81,84,74,94,11,47,45,52,26,2,19,44,12,50,29,24,70,35,88,15,68,77,97,6,33,6,32,34,53,26,54,80,60,71,83,57,28,16,14,69,31,28,25,52,99,71,43,9,40,98,66,55,32,13,25,52,6,66,60,93,84,0,32,76,2,26,28,14,16,74,82,62,50,47,95,6,39,59,6,18,28,42,90,54,26,84,3,93,10,57,78,88,26,83,28,72,1,40,96,13
33,75,90,44,89,30,1,35,81,6,30,12,6,91,55,77,51,99,66,4,30,42,93,96,65,71,4,74,24,86,47,65,67,29,66,45,77,38,60,43,1,92,10,20,6,62,9,31,70,81,23,73,36,65,0,20,42,44,54,56,10,51,30,43,17,70,58,59,67,58,70,61,58,17,96,9,20,50,41,77,16,32,10,32,21,42,80,1,20,22,35,85,29,35,91,18,92,92,81,57
69,10,42,26,68,73,66,55,77,16,82,7,53,15,71,82,30,87,27,31,92,89,51,81,84,15,16,31,35,28,29,95,20,35,69,78,72,44,88,10,23,63,28,72,72,9,10,73,89,73,52,30,97,52,82,56,23,74,1,26,95,42,88,45,53,4,29,36,82,13,84,46,79,87,31,66,90,88,30,19,28,74,68,85,25,73,39,63,93,49,12,58,68,30,82,35,54,45,49,97
73,98,8,56,94,25,76,70,78,50,32,15,97,13,97,8,32,34,8,44,60,43,87,52,56,20,13,81,57,51,77,9,98,65,73,66,78,44,10,43,44,93,52,9,30,59,65,97,91,5,7,97,15,64,53,12,34,91,67,96,80,50,34,75,68,52,63,26,52,13,9,79,97,39,14,1,9,99,67,54,97,20,8,13,94,9,99,57,24,49,1,55,77,57,15,60,68,69,82,11
41,91,62,55,9,45,62,55,60,9,64,92,31,56,97,52,37,37,63,68,54,85,11,2,78,44,76,12,65,81,65,21,99,58,28,10,71,63,23,52,13,98,55,62,97,93,8,46,20,49,83,65,1,82,41,93,25,43,17,6,8,40,22,76,8,19,7,97,44,97,30,83,38,46,80,29,90,55,54,15,11,28,43,80,13,93,90,72,73,95,95,11,96,2,79,41,50,81,99,24
36,47,39,99,94,11,11,41,34,78,63,32,54,58,37,80,9,99,36,75,37,16,45,2,6,87,49,58,99,29,17,62,93,52,1,2,60,59,49,69,90,42,83,47,85,60,3,73,57,6,21,83,15,33,71,0,29,7,79,93,29,50,40,8,74,38,86,79,74,26,13,46,46,91,69,50,60,21,40,17,39,19,97,31,94,42,98,53,22,69,59,49,70,68,72,54,57,40,48,43
3,15,15,32,65,21,67,8,31,74,20,66,88,58,50,86,45,4,45,65,72,27,87,50,97,32,38,43,54,85,92,0,22,90,51,34,36,59,47,25,82,74,20,52,6,35,54,26,94,30,64,71,12,52,32,24,73,10,80,76,66,14,14,40,77,92,14,41,58,91,58,41,2,37,55,36,25,90,74,31,36,88,39,88,58,27,93,75,16,80,56,8,13,52,93,97,59,96,11,65
88,47,27,45,69,64,77,70,20,90,10,83,59,31,3,59,53,81,28,48,5,80,86,29,86,57,47,29,52,55,82,97,81,84,68,71,84,63,79,26,32,17,58,15,39,38,83,22,73,14,15,69,96,14,77,69,61,98,18,27,48,76,60,86,78,18,55,33,15,96,64,47,57,38,34,96,28,50,35,46,91,15,75,48,40,57,24,76,27,87,74,24,39,31,56,60,42,14,81,14
75,97,16,22,53,56,69,33,54,6,68,50,15,98,12,4,39,73,38,60,96,88,17,58,25,9,30,66,98,61,57,2,66,94,87,67,11,52,96,78,85,70,24,40,8,64,14,89,92,23,16,10,59,0,6,78,90,93,75,85,70,30,77,45,21,66,42,85,61,87,27,99,93,15,33,73,7,64,48,52,15,34,40,1,81,49,28,85,6,92,41,93,57,40,71,39,97,89,16,33
99,11,17,0,86,93,63,48,71,20,51,27,84,86,77,35,45,58,28,38,1,73,86,89,75,63,4,37,12,36,13,70,66,89,16,69,80,18,4,58,17,27,95,48,27,28,19,53,32,38,26,41,3,76,58,34,29,99,28,89,64,2,49,14,26,21,50,59,55,32,22,95,84,4,76,5,88,64,95,79,45,91,85,86,96,14,35,60,51,35,43,9,47,88,25,14,50,31,56,97
91,79,57,90,1,21,69,36,55,84,32,4,77,35,51,85,4,58,83,22,20,76,64,20,83,5,64,13,62,38,42,95,40,74,55,24,71,68,52,80,56,23,74,37,67,63,10,7,47,9,93,89,48,87,96,30,50,97,22,41,87,84,39,25,74,69,66,5,55,71,99,21,7,30,38,53,60,39,11,98,10,98,98,20,48,42,75,24,54,81,96,63,97,12,88,83,82,61,89,40
36,84,91,96,92,39,22,5,91,55,9,16,35,33,68,68,64,66,33,48,66,36,93,18,63,89,74,53,22,65,12,62,71,72,99,67,87,53,64,77,81,75,14,40,87,23,77,97,35,87,62,12,97,2,61,52,30,25,82,80,39,66,88,35,84,51,33,92,16,21,32,65,6,11,36,46,95,95,13,95,82,21,49,70,49,84,33,38,21,46,55,34,50,79,48,94,74,29,59,90
64,78,76,84,25,23,44,18,89,82,98,17,60,32,99,84,21,34,23,47,5,77,31,81,97,52,72,0,49,26,38,93,97,29,34,70,46,31,2,5,98,11,6,84,94,76,28,9,81,99,33,57,37,90,24,48,65,74,76,21,50,53,86,85,12,1,57,49,22,50,33,77,79,23,84,35,27,45,4,62,76,23,79,57,26,89,88,3,7,24,13,84,49,0,94,38,45,86,10,31
61,46,7,80,86,20,36,55,56,82,50,49,44,42,59,46,71,78,67,62,65,70,94,14,53,89,80,81,25,97,99,5,6,9,2,85,69,13,95,8,36,21,95,15,92,17,55,65,57,13,43,14,17,13,75,31,75,46,38,60,78,69,18,6,82,0,91,24,14,83,12,25,44,92,3,9,4,48,14,46,48,30,6,6,13,41,1,34,14,81,93,49,10,27,63,99,0,56,58,97
83,52,39,72,92,76,74,34,20,2,73,72,79,12,77,81,95,57,31,4,31,80,28,31,83,94,24,16,1,83,82,40,58,28,25,10,35,65,84,82,8,63,2,8,78,37,8,89,85,85,13,77,21,21,77,34,30,66,99,4,44,6,60,26,13,70,44,30,37,8,8,81,36,83,59,6,6,47,27,85,29,45,83,56,1,85,46,62,8,28,71,72,26,93,80,34,94,70,15,98
23,23,75,35,48,27,4,21,87,80,13,5,58,54,38,82,6,0,84,39,39,92,25,52,62,44,98,75,47,49,31,51,85,7,93,77,52,99,99,46,16,82,20,42,79,92,53,30,1,38,51,30,97,60,63,99,85,2,74,27,27,38,78,76,42,87,18,13,36,66,70,17,41,66,18,78,78,2,32,2,93,22,71,22,77,34,71,22,14,97,31,85,17,54,74,26,39,41,5,85
12,76,64,93,39,92,56,39,54,52,24,51,31,14,43,59,54,78,73,97,90,35,99,90,87,60,2,25,3,48,80,16,36,18,25,35,2,72,73,88,90,31,40,88,18,37,76,65,42,39,91,99,80,70,80,84,96,44,51,52,90,3,49,22,12,15,34,27,21,90,26,89,76,6,8,47,51,42,46,56,68,17,99,85,37,4,86,21,96,15,95,24,90,36,88,28,12,15,86,44
89,54,44,38,19,65,72,89,98,71,13,92,63,93,24,35,1,94,55,67,19,52,9,61,16,61,75,68,77,31,65,55,89,76,69,31,43,17,73,25,58,78,60,26,29,10,94,48,39,81,37,56,80,59,97,26,67,59,76,67,97,98,84,84,54,7,85,13,20,29,82,9,19,36,12,68,93,60,82,37,27,87,69,79,1,93,12,76,1,79,49,46,13,5,26,38,75,73,98,14
74,34,67,62,31,85,54,36,47,20,51,94,87,45,55,33,9,90,89,27,54,59,44,52,53,43,11,66,65,16,26,20,41,95,9,19,43,53,87,89,50,41,41,46,36,31,87,56,44,60,24,18,63,44,9,69,38,57,95,68,24,54,54,78,33,72,83,54,93,88,38,51,40,8,57,78,72,24,36,61,46,90,69,62,15,62,74,9,70,26,19,39,11,85,62,68,6,30,77,60
69,14,57,94,0,24,1,1,7,42,19,29,71,1,69,78,43,72,49,81,87,62,70,16,78,10,49,98,4,97,51,36,74,75,54,75,66,34,4,89,24,84,36,71,51,79,47,68,3,64,27,71,7,66,44,58,2,1,81,37,87,19,26,19,5,31,39,0,14,17,51,55,12,49,39,11,6,52,11,18,18,53,52,81,48,5,37,34,66,42,92,11,91,18,33,9,45,73,4,3
96,65,11,50,98,31,28,5,57,82,98,48,64,66,28,66,8,7,74,32,60,9,15,74,20,94,32,53,11,91,91,83,64,87,1,0,71,20,10,9,2,80,75,51,54,65,98,57,45,25,62,36,21,18,58,21,74,66,43,76,66,79,14,4,22,42,69,18,94,33,94,40,46,55,58,51,20,16,75,29,17,55,97,69,43,33,48,8,57,78,99,54,47,18,74,26,34,6,85,7
64,62,16,36,17,49,51,68,97,20,79,15,58,35,36,16,26,73,43,47,74,95,55,50,90,12,7,81,56,60,83,73,17,43,20,63,15,18,31,9,50,85,22,28,74,12,58,40,97,80,49,99,47,40,71,82,37,2,37,38,20,20,50,41,8,88,29,12,37,81,49,55,58,51,24,37,19,55,27,2,21,48,55,70,85,90,8,11,83,22,23,92,99,20,46,86,65,97,93,55
65,18,53,9,85,78,48,41,8,6,12,58,73,98,80,30,68,12,93,12,98,88,42,74,63,67,44,62,49,82,6,32,76,46,68,80,17,14,91,0,72,93,15,64,18,27,86,86,25,50,38,47,54,98,70,78,77,26,51,82,84,67,36,0,31,84,65,96,24,31,17,62,97,46,66,15,43,93,39,2,34,17,96,44,20,83,67,80,89,75,87,17,13,95,21,9,64,4,88,1
42,57,70,51,78,56,17,28,89,33,0,46,29,12,5,24,56,27,81,54,96,62,44,40,8,24,83,45,69,63,97,58,48,55,25,99,47,68,10,78,95,59,25,78,52,68,83,75,29,65,23,81,12,53,67,79,18,80,64,55,80,72,49,12,17,59,51,95,52,68,39,62,98,42,61,22,77,64,2,65,36,67,70,82,78,15,7,73,51,24,66,27,98,4,87,22,14,55,32,61
73,24,83,64,77,28,89,11,94,16,48,81,88,67,22,56,43,61,96,95,10,13,73,5,64,30,31,37,34,68,44,59,57,42,87,19,65,72,94,24,77,41,51,40,58,70,35,59,1,85,39,9,72,97,39,13,69,7,29,9,50,47,39,80,46,1,21,4,58,29,61,65,48,78,22,66,33,64,20,59,66,31,35,59,44,65,14,24,76,69,6,97,98,54,28,96,7,30,31,95
31,53,1,50,5,64,98,58,34,1,78,88,72,74,16,88,83,97,35,5,71,99,61,50,13,50,36,64,12,35,5,39,8,50,5,63,2,2,73,65,52,81,66,98,37,6,14,88,40,84,50,47,72,30,79,80,83,35,95,22,81,16,1,1,39,42,92,60,5,64,81,2,24,68,77,34,79,19,90,29,56,28,55,48,25,49,42,71,14,37,65,52,58,56,37,21,77,79,59,42
21,75,42,23,45,98,54,6,72,47,43,17,98,96,77,75,53,13,36,30,31,51,29,96,8,87,80,90,24,30,78,24,22,98,38,86,80,75,99,60,90,15,85,92,91,15,9,9,88,16,72,25,0,39,37,48,1,69,2,17,4,99,36,21,55,70,43,23,81,42,65,79,75,85,49,96,79,15,35,32,65,45,51,94,25,63,15,39,6,72,56,62,76,26,15,51,22,34,68,63
78,73,76,75,30,64,57,27,49,6,27,70,46,49,40,15,9,85,15,90,83,37,33,0,69,35,89,26,98,66,34,86,26,14,40,73,2,57,63,17,81,17,12,81,58,71,47,44,53,7,43,87,84,62,9,4,50,37,87,68,91,7,99,8,99,43,9,83,61,31,75,59,52,65,76,27,49,48,56,99,20,75,69,4,90,82,85,26,24,90,20,82,21,28,53,28,30,50,86,71
10,34,40,85,14,76,25,63,75,47,0,82,71,63,63,75,67,34,84,77,50,24,70,33,88,22,84,7,18,20,16,8,33,15,5,59,90,95,44,54,40,44,49,25,81,36,22,18,64,33,78,90,21,65,35,80,36,0,2,28,31,37,87,6,50,38,57,64,40,6,8,94,32,40,10,97,79,82,33,76,70,8,43,88,24,67,88,27,17,39,89,60,58,45,2,69,32,73,13,57
42,20,87,28,3,94,56,22,1,33,87,29,55,17,56,89,28,59,21,30,31,13,56,71,67,36,27,53,37,78,71,26,25,35,63,13,33,15,29,4,74,41,67,54,40,71,76,95,65,38,6,1,6,97,63,44,25,74,40,86,56,29,30,38,55,22,29,24,70,22,92,66,30,97,34,85,98,23,47,46,22,78,22,96,50,44,79,36,45,74,78,17,77,9,86,22,56,68,21,65
26,3,25,9,86,31,64,32,63,32,17,47,83,92,50,84,3,25,11,91,22,98,17,21,4,14,16,29,56,99,94,12,49,43,33,77,42,9,1,42,45,27,43,50,25,3,10,44,45,9,7,56,45,52,56,70,53,93,91,64,9,21,74,73,31,57,59,77,13,93,60,71,34,10,88,71,80,69,90,12,28,94,24,85,9,74,37,12,56,1,15,67,86,79,79,73,4,38,95,74
35,49,42,11,76,64,92,9,87,73,61,40,40,43,92,95,3,2,70,39,77,11,89,58,61,81,10,46,89,57,41,35,85,94,51,58,77,66,88,97,55,59,77,60,50,49,81,97,47,33,39,87,96,74,39,72,42,3,47,22,48,86,42,2,35,13,63,41,35,91,51,58,35,30,64,64,0,67,47,77,88,23,58,85,58,78,71,18,58,5,65,20,58,26,33,48,68,12,13,6
49,16,61,49,92,19,51,41,7,86,16,23,22,76,30,31,25,80,97,75,52,15,93,8,11,84,98,40,81,32,35,47,90,92,99,42,85,79,29,57,23,49,26,77,18,16,74,71,18,15,27,20,69,97,35,46,32,77,70,8,5,4,99,83,36,87,11,61,95,28,8,22,9,64,36,45,40,7,27,20,93,36,3,25,25,67,15,51,59,88,79,77,41,14,62,10,30,94,23,1
69,55,54,91,99,84,99,95,7,41,73,50,99,34,76,98,79,96,57,65,66,42,39,78,92,17,83,76,24,56,39,42,56,24,72,40,43,4,6,77,43,53,15,54,46,41,31,46,47,82,32,70,75,65,78,84,87,44,76,85,94,10,53,66,15,3,18,89,51,89,89,13,57,77,94,62,43,98,14,21,55,75,37,49,19,44,39,11,58,73,35,86,79,83,39,55,55,76,51,47
37,70,52,15,1,79,63,32,39,68,51,53,24,92,44,98,59,60,17,67,20,90,61,26,57,83,68,86,3,87,25,92,31,59,92,84,82,57,23,50,80,72,70,52,76,45,21,69,61,60,19,23,45,9,94,88,39,23,65,70,64,59,74,98,95,1,71,60,49,85,53,50,95,1,53,51,99,79,35,30,35,65,10,4,30,84,46,14,85,46,8,36,30,26,19,80,95,83,76,83
21,0,28,91,29,63,70,21,24,88,84,58,32,9,68,73,26,36,4,40,15,81,95,60,12,42,75,74,89,70,56,84,43,74,31,6,0,47,16,23,0,65,38,76,75,75,96,39,50,61,85,64,81,47,62,25,18,85,48,20,59,25,25,4,38,23,67,69,10,92,32,41,82,85,26,47,18,96,82,22,62,59,29,59,67,5,19,36,73,37,8,47,19,84,78,79,43,55,4,65
89,99,96,90,3,98,75,61,88,67,23,89,77,2,84,78,73,29,44,29,69,43,60,73,60,68,75,96,17,54,89,91,31,59,42,11,51,15,51,13,52,69,78,89,84,53,5,24,71,58,84,63,49,15,0,68,26,12,93,52,69,15,16,2,63,24,34,92,57,75,96,24,4,93,55,6,62,50,57,17,41,85,15,19,6,97,47,59,28,65,74,86,27,52,27,42,8,47,78,16
25,24,71,28,11,43,31,27,36,64,24,65,28,48,62,69,83,37,95,18,80,74,40,47,30,52,23,27,44,55,4,12,4,76,40,83,49,76,28,17,53,38,74,88,74,11,84,24,81,67,54,33,81,15,47,27,90,10,11,58,90,53,63,96,89,32,18,91,81,79,56,60,26,5,79,38,96,69,9,89,23,87,29,16,19,85,34,22,44,75,41,65,29,0,55,87,37,80,54,58
1,80,39,7,10,70,94,88,18,30,94,32,10,60,99,88,18,83,21,63,88,47,87,66,47,21,65,18,60,93,25,7,88,40,51,35,94,83,52,1,33,95,66,44,5,20,58,51,54,78,32,83,97,7,94,51,19,3,40,56,9,77,24,75,90,87,22,84,73,25,37,20,11,79,9,34,49,65,20,99,79,53,27,45,91,33,74,42,25,46,72,27,61,64,58,76,35,84,71,77
40,28,97,52,57,62,35,73,97,89,94,3,93,13,99,46,83,66,95,30,81,35,66,92,43,44,25,39,87,79,63,35,2,68,92,58,68,57,21,39,50,90,64,43,84,72,47,10,93,5,80,64,11,41,64,42,44,44,71,61,58,96,5,22,68,33,9,39,50,88,62,25,0,9,22,55,20,21,56,40,36,88,66,46,70,40,61,83,27,48,70,85,8,4,5,29,70,74,65,84
72,33,18,94,70,14,95,84,53,33,40,93,65,74,1,82,0,49,22,32,81,75,19,51,41,23,83,97,39,69,8,67,51,58,93,16,20,49,96,48,35,3,13,97,11,42,89,90,16,36,93,29,57,34,85,67,97,76,27,77,75,21,65,38,93,71,4,40,95,26,25,61,22,40,14,20,63,62,18,76,46,51,16,85,64,90,85,49,45,11,70,75,83,89,58,84,36,43,18,46
95,41,94,10,18,94,4,33,24,60,3,31,58,28,70,5,41,9,96,86,7,64,91,28,67,30,69,25,55,58,99,41,79,85,51,95,95,8,74,84,67,74,1,36,61,99,96,56,77,12,71,16,96,68,7,83,82,29,15,21,41,5,12,90,43,80,39,84,41,83,76,55,60,42,32,89,13,59,76,35,27,11,13,1,88,27,33,94,25,88,36,85,76,11,40,60,41,84,39,6
69,22,70,36,46,29,43,35,67,88,49,18,64,6,93,28,92,40,69,26,67,28,19,87,6,77,99,36,14,11,11,31,5,98,69,27,45,7,60,35,39,83,91,25,32,53,50,33,14,59,83,70,9,13,54,81,69,34,90,90,29,47,50,89,26,46,28,70,42,48,93,56,89,31,23,31,26,60,93,48,67,33,87,80,58,55,75,50,28,62,71,93,59,69,66,47,25,10,23,91
77,28,27,90,73,41,24,56,38,82,34,58,84,21,90,49,23,97,23,98,95,86,28,74,39,50,9,60,88,7,66,38,45,54,10,69,92,44,46,22,69,65,32,5,15,19,79,84,43,17,5,49,25,73,77,13,58,72,16,23,97,96,70,17,18,48,33,53,76,16,29,7,7,88,45,75,73,48,19,47,83,10,71,96,44,68,36,30,63,55,31,17,66,46,94,26,57,44,14,43
18,46,38,72,23,74,59,47,39,91,48,55,2,91,27,97,31,14,63,20,68,89,61,43,8,4,86,97,6,44,59,29,83,69,84,68,90,92,3,29,27,57,40,51,53,45,78,86,14,75,45,39,21,13,32,94,44,6,67,27,44,6,77,49,65,34,3,24,15,98,21,45,95,85,42,64,48,69,64,78,65,48,95,61,71,19,10,33,77,97,52,64,76,72,92,18,34,92,28,76
26,80,36,7,57,36,3,74,98,21,52,69,72,4,63,96,94,54,84,52,66,20,57,44,69,24,43,96,12,87,6,51,61,39,77,8,19,8,70,25,83,18,96,63,55,44,63,1,57,28,77,11,33,0,18,22,28,99,79,75,1,48,57,18,25,16,92,82,36,12,63,76,84,92,34,72,46,71,47,27,76,27,39,14,36,24,24,51,80,69,44,12,47,26,97,81,69,74,25,79
91,94,86,83,61,87,11,45,97,29,37,59,32,96,32,21,41,64,6,27,90,82,70,85,84,58,43,87,83,4,76,82,6,86,12,84,65,63,99,20,16,55,91,57,29,16,61,81,27,9,16,57,9,69,49,88,82,3,70,37,3,50,36,19,40,52,92,93,20,52,17,19,83,52,44,28,82,41,78,68,57,34,95,2,14,16,0,88,71,18,6,55,2,63,90,67,0,57,94,2
99,1,82,49,90,33,88,61,24,48,30,32,9,76,26,45,33,42,92,5,13,61,0,52,15,53,58,68,36,92,34,77,26,48,26,98,53,17,92,76,66,85,7,8,10,94,89,39,49,98,5,67,6,7,2,13,23,34,96,16,83,46,57,4,16,7,65,46,60,9,91,48,52,39,99,72,36,48,0,68,54,26,71,50,89,69,79,22,22,19,84,69,9,62,34,23,22,36,87,18
36,76,33,46,88,48,75,73,7,7,88,92,69,84,81,19,22,81,76,10,75,64,81,81,86,37,42,4,63,49,67,92,51,14,39,93,52,79,19,61,99,62,24,10,34,37,77,4,64,59,39,94,22,33,68,99,34,38,15,37,40,63,90,18,78,67,8,39,28,3,26,34,72,34,28,51,80,45,29,67,37,54,70,26,28,42,45,47,33,21,55,42,89,70,60,27,58,13,56,50
93,46,69,79,81,94,21,46,51,40,22,99,88,18,96,5,57,67,24,14,59,31,57,89,96,94,89,91,65,57,35,30,86,78,76,40,28,55,25,56,8,42,23,84,65,68,54,84,20,16,88,18,40,79,90,72,64,99,80,62,72,81,94,96,76,16,15,33,40,35,94,93,7,15,6,70,24,59,62,86,82,93,22,5,20,66,40,51,15,61,71,24,20,48,20,76,34,44,38,70
30,53,92,56,83,55,53,2,29,0,11,37,86,93,26,46,23,87,81,15,97,72,76,30,35,83,9,26,1,70,8,95,96,91,53,95,53,14,61,86,28,45,61,30,9,62,52,25,1,10,81,84,91,63,0,22,7,25,85,17,37,54,14,37,95,21,3,91,68,83,49,4,49,9,85,72,58,86,8,38,78,24,30,94,77,20,90,66,50,31,85,82,33,0,16,47,19,71,94,31
37,92,91,95,36,74,58,17,66,35,1,65,10,20,54,32,62,41,16,33,94,16,0,96,30,36,94,72,20,10,48,77,52,3,57,7,37,60,52,66,72,39,44,19,5,59,48,91,58,19,32,79,97,80,26,57,39,62,60,23,58,37,87,93,39,45,44,60,64,35,60,63,53,79,45,54,75,44,45,31,19,3,11,89,37,0,76,94,64,9,37,49,97,21,58,65,53,94,96,27
57,4,84,7,89,99,60,60,57,87,7,55,42,11,37,65,32,71,57,2,42,51,50,87,62,93,85,67,0,75,29,78,24,19,14,66,74,83,40,64,45,57,4,44,17,68,41,13,24,38,33,23,17,18,79,94,47,74,33,47,0,14,38,39,89,74,54,86,27,63,39,66,56,25,8,57,72,62,9,47,72,84,41,14,36,76,16,12,53,67,93,79,86,79,9,13,52,40,86,77
74,31,99,34,7,80,73,39,70,77,31,81,76,21,15,78,48,63,0,35,57,72,17,45,98,56,60,72,66,94,56,36,7,82,12,81,60,37,97,2,0,12,16,26,67,74,13,12,48,20,8,22,1,34,93,1,39,12,43,68,89,78,31,82,48,30,60,1,4,33,7,46,70,9,15,50,7,62,27,20,89,51,4,89,42,0,18,93,41,47,36,89,22,40,12,0,22,77,21,44
44,3,19,66,50,75,46,30,15,49,63,50,87,72,4,40,61,63,91,27,9,92,61,51,46,82,49,38,91,21,73,45,98,91,86,6,11,61,67,52,23,20,83,97,37,71,8,84,16,10,76,39,51,85,75,3,43,31,52,51,43,20,81,80,52,10,11,84,11,41,27,42,7,67,98,69,83,31,39,19,69,65,22,7,38,88,26,80,58,28,37,77,97,79,60,97,96,11,6,14
34,41,58,99,47,81,21,40,98,6,46,71,66,93,12,17,63,50,30,38,44,67,38,77,6,70,21,20,60,62,16,61,81,14,71,87,14,94,46,84,9,3,77,7,17,73,14,85,73,99,74,53,11,44,1,30,29,41,71,14,90,52,68,40,40,28,16,38,30,91,11,73,77,29,96,75,1,50,57,68,97,79,12,73,97,93,37,30,71,36,15,25,36,32,66,36,30,91,55,76
58,83,48,61,98,82,82,47,57,11,71,74,6,18,70,98,88,5,3,45,35,91,61,3,17,39,94,85,83,87,69,42,70,62,7,38,87,8,40,24,7,80,38,83,57,48,28,17,30,61,57,85,10,90,65,31,88,52,65,14,20,12,45,66,35,53,90,24,33,20,2,88,14,90,65,58,29,93,12,65,65,23,89,44,3,9,86,29,59,52,33,44,29,2,57,46,39,99,84,13
51,62,24,33,65,72,73,56,87,17,12,37,31,19,3,10,51,99,37,86,1,42,45,11,41,24,59,81,39,93,61,79,45,34,18,38,6,19,93,40,43,47,62,87,75,76,57,9,98,30,90,8,98,66,66,30,17,16,72,99,75,10,46,70,61,40,7,7,84,82,89,48,92,41,52,11,72,42,33,15,91,60,77,89,50,69,82,54,60,12,52,0,27,14,18,64,72,60,0,8
95,17,41,85,38,85,30,67,84,14,22,12,90,18,37,43,20,70,32,7,91,94,87,33,87,66,57,79,89,14,69,41,95,33,90,10,14,45,78,16,42,59,88,77,52,64,28,84,22,5,68,60,77,24,16,48,20,26,12,15,93,13,42,43,16,89,15,73,76,87,26,51,38,61,96,90,21,6,20,43,7,19,99,94,95,35,8,35,28,40,70,70,71,27,54,60,49,82,48,35
39,52,27,67,87,53,77,27,44,56,10,88,51,68,52,53,4,27,83,17,76,74,35,49,53,90,83,34,12,83,38,27,95,16,17,36,51,14,39,87,5,34,61,84,22,43,23,24,61,56,53,98,13,84,23,75,51,3,55,40,4,37,48,2,38,83,8,90,77,9,31,47,74,68,71,5,64,92,44,68,45,78,57,22,33,33,63,38,66,47,14,86,45,83,98,96,77,65,55,33
37,53,3,3,20,74,58,97,9,63,48,73,57,89,65,65,69,49,6,75,33,36,62,68,39,97,48,89,50,66,27,10,15,47,14,26,41,7,87,71,41,45,82,2,49,29,83,0,50,69,88,26,85,63,89,91,35,76,71,0,13,33,68,91,67,14,21,21,81,89,50,11,12,34,82,88,24,25,8,50,94,84,73,42,6,64,97,45,3,55,62,5,9,60,94,70,81,82,46,95
27,22,38,57,86,41,49,35,10,35,55,50,75,63,30,24,63,67,96,80,12,94,49,86,99,29,0,34,73,84,11,78,12,28,89,65,3,30,26,98,8,49,22,62,63,32,38,23,12,28,18,15,74,50,36,33,39,34,60,39,19,95,95,43,4,49,89,80,12,5,25,58,58,41,75,93,8,90,89,60,46,54,37,70,81,46,36,3,87,45,40,61,39,96,51,57,93,22,35,72
23,59,18,66,35,9,35,8,17,59,64,19,5,87,91,97,25,99,4,23,58,67,53,0,49,65,25,94,10,15,82,79,37,32,78,63,20,46,70,49,49,79,46,96,80,49,89,33,47,80,97,90,94,76,70,61,25,49,12,99,97,44,4,64,34,83,4,73,92,16,91,74,2,62,23,26,44,42,63,88,61,34,41,20,51,56,49,91,87,14,12,27,26,57,47,59,47,72,36,8
40,83,71,14,43,57,24,38,56,4,49,80,92,44,26,8,82,67,32,37,88,24,90,7,82,82,84,68,86,0,39,43,99,47,95,12,67,32,27,47,13,24,54,23,53,94,99,27,3,45,68,13,78,55,65,43,81,98,71,92,60,58,12,31,22,56,28,10,32,33,74,46,50,66,71,47,90,73,37,69,97,10,5,42,70,28,77,87,34,27,56,85,42,42,39,3,60,61,53,64
1,95,1,55,8,98,72,96,48,40,82,9,92,45,34,1,88,79,14,62,1,47,30,25,22,73,44,72,70,80,45,0,42,31,62,73,50,20,93,8,64,28,92,88,9,16,29,84,5,47,21,84,92,20,38,47,74,82,12,42,3,39,7,40,34,31,87,33,25,24,10,48,96,36,3,81,44,89,84,45,19,16,69,3,40,40,32,15,44,46,42,32,56,4,20,2,59,83,23,83
57,26,90,37,54,0,65,30,92,34,28,83,76,2,66,85,63,60,32,57,62,52,26,80,9,21,44,36,8,54,7,19,65,38,50,66,72,73,88,93,58,49,56,1,70,50,69,63,5,24,81,13,66,1,60,67,77,35,70,29,33,44,29,68,53,75,82,35,64,86,7,98,41,51,38,98,94,84,33,88,81,32,45,76,10,36,77,12,32,58,96,45,10,53,75,50,54,35,30,92
69,80,7,86,30,88,32,35,77,11,70,25,8,68,86,20,29,73,68,61,63,70,36,85,87,62,13,99,20,68,53,81,58,58,26,1,4,40,75,17,97,79,44,82,37,92,5,95,26,53,70,7,50,43,47,83,52,43,93,5,74,75,20,2,61,72,58,95,4,15,91,93,56,45,76,58,17,24,57,96,3,87,45,5,4,49,24,73,89,67,65,72,20,40,95,32,25,63,83,63
49,77,27,57,33,84,73,86,12,11,8,39,15,75,19,64,5,80,33,33,46,38,40,10,0,95,70,37,17,42,11,98,32,17,33,87,63,60,91,94,41,59,40,89,45,90,75,40,79,64,52,65,91,57,82,17,11,12,57,35,99,30,40,71,13,65,43,74,88,6,99,5,92,90,14,20,19,48,98,44,87,32,34,96,45,71,88,5,19,35,59,5,86,82,77,84,83,28,50,38
10,1,31,64,98,2,25,30,52,15,71,13,56,42,11,99,78,24,41,80,44,92,89,71,50,78,35,58,82,81,14,40,11,50,70,95,18,81,15,5,56,65,22,99,47,84,11,8,99,41,69,44,81,31,63,38,87,87,28,76,31,41,30,30,50,72,57,45,21,92,74,23,83,38,91,1,51,23,77,5,68,13,65,61,95,52,89,84,84,8,6,72,82,24,23,82,51,96,94,47
83,27,7,7,25,25,71,80,49,99,2,72,26,17,12,56,45,6,38,19,63,22,81,23,6,3,5,79,26,0,99,72,63,46,42,21,42,54,37,80,52,16,10,87,59,20,74,61,48,51,68,90,7,88,39,40,27,36,8,29,50,11,31,18,94,5,35,74,9,38,41,44,14,6,97,89,36,99,39,44,60,1,5,17,64,39,54,4,87,4,76,20,17,62,15,11,23,40,33,96
80,24,99,25,11,61,82,26,38,73,36,0,96,45,58,0,98,14,73,59,87,18,88,76,78,0,97,99,3,39,34,97,27,85,48,26,4,97,11,75,27,2,84,14,24,79,14,87,57,13,68,93,86,36,89,93,29,38,60,87,69,53,48,32,0,20,79,21,24,98,62,82,97,7,35,38,1,79,27,42,93,69,8,33,57,37,47,64,38,38,80,23,50,72,51,89,48,69,56,32
