28,67,71,44,8,2,1,7,79,4,65,16,78,15,68,16,34,70,34,7,76,28,34,57,99,67,69,59,13,47,20,76,49,6,31,72,80,49,14,36,61,12,91,72,51,87,63,21,58,69,43,38,73,75,43,58,83,82,17,45,89,25,67,49,36,22,6,11,32,8,20,95,8,88,22,29,59,92,51,62,56,76,73,51,90,88,70,73,94,95,64,10,53,79,93,63,35,21,89,39
66,64,46,21,93,6,78,47,64,95,89,59,89,23,82,2,65,99,55,79,81,32,97,46,33,36,31,31,94,1,56,35,92,8,52,22,15,19,19,18,68,68,8,95,24,90,72,56,80,73,31,63,19,46,26,97,61,97,36,61,2,32,19,47,72,81,50,61,55,75,68,58,61,50,40,95,98,21,80,19,98,22,9,15,22,69,73,15,81,21,96,76,27,64,97,67,37,2,45,99
44,54,46,3,73,89,77,55,2,16,38,21,26,96,34,75,39,73,71,45,41,24,56,13,64,23,95,96,18,55,40,83,7,60,73,74,42,58,52,34,85,3,14,29,98,37,40,9,24,74,16,77,13,39,47,60,73,87,89,40,5,29,51,87,99,49,28,58,54,52,84,81,66,5,19,27,69,85,53,27,77,0,23,13,85,33,73,92,8,37,43,53,85,79,59,96,17,89,13,99
35,19,1,56,18,8,62,16,90,39,56,86,5,38,45,52,33,19,14,58,38,57,61,34,2,78,39,97,65,55,34,17,15,12,40,54,29,66,47,42,7,3,42,29,17,14,90,10,69,4,83,38,53,47,86,99,39,69,3,60,26,85,8,20,13,74,4,0,6,61,26,87,7,62,46,13,24,38,58,83,14,25,39,71,97,87,75,96,78,5,59,78,20,93,26,56,60,6,61,22
29,95,59,89,18,39,48,74,43,80,61,52,54,81,74,10,69,56,20,89,94,60,84,50,32,96,10,9,30,59,51,63,43,33,97,30,4,7,8,23,89,74,78,51,62,64,44,67,30,76,53,95,39,57,69,70,94,67,54,80,34,2,63,24,88,99,61,37,89,53,91,89,71,93,94,90,6,15,70,65,4,89,37,32,49,21,70,7,89,24,19,56,72,77,44,65,79,1,27,26
52,65,39,39,84,65,9,20,87,85,87,73,1,53,6,74,48,66,35,40,49,20,69,73,72,83,34,81,20,59,86,38,95,76,67,43,61,78,47,9,79,86,20,87,76,54,70,72,68,32,37,91,51,15,96,75,53,77,97,61,28,81,92,75,29,57,36,19,5,68,68,65,39,71,99,54,11,9,90,14,61,66,83,5,11,25,47,54,61,74,10,60,15,31,27,87,22,93,4,23
77,19,47,21,0,79,58,83,82,83,97,80,3,12,78,37,60,33,39,27,47,3,44,35,8,76,36,37,35,35,14,65,1,99,53,55,64,47,16,17,58,66,57,15,10,91,12,28,27,13,28,16,79,62,36,78,20,18,7,45,10,11,34,70,76,19,82,85,77,82,86,81,19,7,56,85,50,78,19,90,15,20,94,55,61,42,20,1,38,67,47,87,0,46,73,81,38,21,53,49
5,57,43,27,64,42,87,88,47,73,83,34,69,33,64,99,17,84,94,39,47,64,62,75,97,75,17,80,76,27,8,41,18,27,43,71,1,58,73,23,93,45,74,97,20,33,36,64,87,7,45,49,95,94,38,18,93,11,53,68,78,42,57,61,26,44,58,32,7,81,20,14,69,78,2,75,77,17,80,2,43,80,58,70,92,47,68,78,56,9,54,17,99,7,5,95,7,17,65,59
74,46,14,93,29,14,22,51,44,95,9,93,9,6,31,84,29,76,40,29,43,13,70,10,56,84,12,76,56,53,7,43,77,8,4,5,82,56,30,70,76,0,6,38,10,53,39,32,4,89,53,10,48,44,76,32,92,86,65,69,52,1,40,85,97,72,26,96,96,45,39,16,81,0,93,24,20,42,35,49,61,58,12,65,64,5,96,26,24,49,22,37,29,36,20,53,81,23,4,40
96,67,56,40,44,27,0,62,84,44,60,81,77,34,1,98,31,5,78,5,99,13,29,75,86,18,28,23,78,19,9,48,24,69,53,43,97,33,8,74,54,72,43,33,68,11,64,58,26,19,71,93,78,9,35,42,6,76,51,30,19,33,78,3,17,12,14,85,15,37,13,59,35,29,43,0,57,76,85,75,3,95,50,98,12,27,79,39,31,45,49,94,49,61,99,4,80,87,44,73
62,9,10,70,93,71,53,75,88,56,79,99,80,38,56,79,14,62,59,3,32,26,3,61,75,79,60,44,71,15,42,32,63,96,93,97,37,7,40,42,54,65,55,73,23,20,71,5,67,33,77,91,33,18,32,57,6,67,5,92,48,3,40,30,14,21,68,30,8,68,80,88,7,37,69,65,66,99,73,31,16,86,78,21,86,1,88,23,62,81,61,85,17,39,19,42,78,57,56,80
32,19,49,74,70,13,37,87,35,45,14,86,17,55,66,71,51,8,71,2,18,36,17,18,52,56,22,89,24,89,36,58,42,87,59,44,28,17,30,59,16,86,28,30,65,69,40,68,24,90,98,7,82,98,77,63,95,5,49,43,87,67,86,87,7,28,35,62,84,73,46,86,67,41,21,6,52,28,82,44,69,16,48,54,43,29,69,20,52,23,56,7,32,44,8,52,37,11,88,79
23,81,55,54,26,94,84,67,35,44,50,84,94,29,81,54,57,47,16,61,66,57,80,86,90,60,19,50,34,51,3,83,12,17,18,5,68,14,37,21,2,81,89,78,99,21,18,92,11,78,72,94,8,23,72,55,90,55,63,66,80,93,99,36,92,1,26,70,44,68,53,67,76,91,30,84,48,85,26,56,61,35,75,76,32,74,4,80,67,24,72,54,69,8,51,76,67,88,37,85
96,29,7,10,77,62,59,32,73,56,9,41,64,90,53,85,85,5,73,82,18,25,85,96,64,40,62,59,31,20,53,35,19,71,47,82,91,97,42,88,46,7,23,24,20,7,0,19,11,65,6,64,83,89,47,7,16,46,69,91,39,11,3,38,21,77,22,79,55,78,44,19,83,25,29,53,16,82,10,29,41,17,35,20,25,59,2,79,3,62,58,17,21,91,83,92,45,61,90,52
39,83,73,2,36,82,30,59,25,47,84,67,17,38,84,7,24,97,90,61,12,50,16,12,33,70,80,55,93,51,5,13,31,58,13,7,33,99,38,75,62,18,30,14,30,70,86,13,89,25,74,39,18,20,44,98,16,81,19,33,4,83,99,63,98,89,79,56,31,56,41,93,52,58,52,32,20,28,84,69,76,72,76,47,3,40,96,32,22,36,33,53,18,2,94,66,37,65,60,11
8,75,36,64,22,5,22,59,39,89,42,15,8,42,94,16,38,9,42,82,62,43,55,83,39,20,68,94,80,74,92,30,69,74,46,41,53,85,91,34,3,47,33,17,29,31,72,78,3,75,53,91,65,70,56,12,47,91,20,82,78,88,15,76,99,85,4,19,73,64,48,49,76,46,64,33,97,31,64,41,94,75,46,52,10,89,71,6,50,54,31,95,67,31,48,65,60,27,16,60
9,68,45,8,38,33,3,68,45,14,76,13,11,56,28,37,25,83,39,83,84,62,88,9,56,67,73,34,53,76,20,26,57,2,85,31,85,40,50,45,63,20,26,78,53,18,79,37,0,34,37,10,57,97,11,99,20,12,68,49,75,57,27,81,30,42,78,86,17,72,74,21,79,65,32,33,30,6,31,41,20,13,65,15,45,27,80,94,44,69,42,20,24,5,34,70,99,56,94,74
2,96,78,36,44,12,98,93,41,52,65,4,16,55,82,90,72,34,59,90,72,8,98,18,66,85,92,97,42,68,2,50,20,20,66,81,63,47,46,22,10,66,20,23,74,49,45,83,46,5,49,78,39,95,78,95,91,40,41,98,44,38,46,97,55,81,82,69,40,80,38,8,97,59,32,74,30,0,87,99,32,65,93,35,66,64,80,59,81,94,93,56,15,49,57,17,60,63,75,76
69,0,43,23,55,80,45,97,69,46,10,32,32,92,8,64,44,13,21,42,83,76,37,4,91,99,60,58,89,28,56,62,25,52,5,39,26,91,92,91,38,24,66,16,95,34,92,22,77,71,17,40,60,73,44,81,67,46,59,74,59,99,93,30,62,22,92,5,75,71,4,21,90,74,49,90,89,26,47,33,15,2,7,74,78,17,30,24,4,16,66,87,86,17,11,80,76,31,51,95
14,49,73,10,33,32,81,94,3,36,13,25,27,10,52,91,20,33,99,1,21,67,65,99,51,76,61,22,80,59,43,27,19,64,16,19,54,41,39,36,7,13,92,85,3,59,69,35,57,13,60,95,23,64,63,68,68,79,51,30,90,57,48,76,74,1,32,44,57,75,11,61,98,84,78,62,23,77,79,98,79,80,88,28,37,0,90,5,14,15,54,44,69,55,26,82,72,67,49,8
67,89,12,31,5,85,98,39,39,19,29,44,17,62,27,73,56,33,8,50,54,7,60,89,37,48,61,93,83,38,43,73,56,78,88,76,14,29,49,29,49,39,38,17,23,39,54,17,91,35,45,47,94,96,27,65,39,23,64,50,40,35,15,36,83,79,93,19,27,3,89,0,40,35,73,26,1,36,52,62,15,84,95,33,72,77,3,16,71,42,4,60,36,73,8,16,52,61,32,16
70,60,88,0,42,89,87,98,38,17,53,25,27,23,44,86,74,74,66,69,76,71,97,6,29,17,30,95,89,14,53,27,93,31,69,68,19,15,28,72,44,53,25,65,16,76,21,24,46,36,30,9,91,59,27,18,77,70,10,73,31,35,71,4,74,96,21,72,36,86,99,10,74,0,29,87,74,66,98,74,66,42,6,56,63,90,21,47,14,44,75,28,93,52,23,96,11,12,95,94
33,42,94,47,28,10,32,39,64,3,51,92,36,5,55,89,73,77,9,65,22,8,89,66,36,5,49,77,58,7,67,92,37,23,47,52,86,84,34,8,58,5,51,42,59,64,15,89,72,57,37,81,79,14,84,60,71,50,77,5,61,23,53,15,44,77,3,79,96,10,44,11,62,5,92,93,98,35,96,88,25,5,9,57,11,52,89,1,20,91,71,87,99,87,70,82,79,40,65,46
70,55,77,64,53,92,8,7,79,11,82,77,19,4,7,19,72,88,95,46,39,59,6,71,35,76,9,74,58,4,35,88,80,99,5,66,21,20,83,58,53,87,15,49,83,90,45,98,64,82,94,43,73,48,32,26,23,0,58,35,16,37,75,77,99,91,68,58,18,82,87,37,67,72,73,51,69,46,40,58,61,13,39,71,73,80,82,6,86,94,69,40,58,10,46,97,1,22,47,88
7,18,62,88,7,61,87,92,88,22,12,31,49,33,57,47,12,21,39,29,64,23,3,70,27,85,8,64,11,16,93,55,21,3,34,31,68,75,2,20,16,64,25,77,23,35,72,14,6,97,14,37,45,94,95,1,60,60,5,98,13,42,66,68,63,83,24,18,66,49,20,47,58,54,35,45,67,62,60,62,14,89,30,64,85,72,5,52,60,28,20,12,87,79,86,18,46,17,35,70
29,59,55,68,74,18,69,6,20,94,6,81,80,53,76,89,99,28,42,52,36,41,94,77,82,12,46,27,37,24,46,97,21,49,94,84,51,41,16,47,96,60,13,87,81,89,92,48,13,18,21,65,71,83,83,72,56,84,77,5,53,54,12,9,58,69,90,30,69,55,80,46,14,31,49,46,1,57,6,34,90,47,98,70,30,14,35,55,54,76,72,40,25,33,38,57,32,36,54,79
50,32,16,38,2,88,50,99,63,41,25,85,34,82,26,68,53,90,17,14,97,91,37,37,54,58,60,53,7,68,34,31,67,96,26,12,16,86,13,5,32,40,86,43,53,24,51,83,62,47,3,47,11,9,74,92,80,61,41,29,51,48,82,13,46,87,72,62,8,18,93,26,39,88,37,83,3,40,23,42,24,45,19,11,78,19,50,73,42,98,75,82,52,49,11,22,35,12,75,78
78,87,39,39,69,27,78,61,45,74,54,2,77,27,82,67,60,0,10,27,72,5,52,94,18,38,8,66,21,33,99,58,22,37,29,64,13,11,65,81,21,35,74,6,53,87,15,82,15,32,45,99,55,82,5,99,49,12,13,53,37,40,47,88,16,81,13,0,0,26,33,39,64,70,57,31,10,71,52,20,61,16,43,20,31,69,90,16,17,85,59,42,87,19,41,35,40,30,90,68
25,33,11,92,10,48,82,9,29,97,11,57,4,64,24,24,19,46,54,81,94,68,92,77,81,96,83,99,82,36,33,47,69,25,43,30,95,36,58,68,16,15,65,29,6,54,97,12,28,16,51,62,49,15,94,36,90,44,42,97,98,40,17,38,67,8,41,95,67,50,51,11,35,14,74,97,57,13,29,3,41,89,75,95,96,34,77,53,92,95,53,87,4,10,94,53,56,3,80,46
15,19,7,87,61,50,69,99,56,86,60,47,87,55,54,69,4,37,83,32,43,77,78,91,96,89,60,0,76,9,34,67,73,46,45,95,59,51,3,29,86,11,50,5,29,44,70,83,14,1,26,71,20,54,7,84,34,13,19,74,62,52,21,78,50,36,30,73,80,37,48,82,49,84,60,92,52,18,14,44,64,2,13,52,95,30,97,10,83,10,8,3,70,35,49,36,63,88,21,82
97,40,96,94,36,43,61,1,7,38,81,50,15,74,17,31,47,81,68,53,25,61,42,17,9,17,64,83,62,99,58,69,37,19,27,45,19,87,45,92,63,24,12,45,56,99,37,78,76,82,79,17,41,30,34,34,59,72,76,45,9,11,9,68,77,80,84,52,85,29,1,77,59,32,11,71,29,5,89,3,28,55,52,47,36,67,95,47,71,90,27,73,34,43,75,92,60,54,37,73
72,7,88,15,12,34,49,53,16,95,13,58,68,34,97,25,56,51,85,79,26,81,63,79,19,12,27,8,95,0,76,10,51,73,86,30,77,57,75,8,75,1,42,60,50,41,27,25,94,55,16,79,27,19,40,27,30,85,77,53,26,55,38,18,30,69,39,40,79,83,42,91,32,8,78,81,6,70,9,38,83,41,96,79,43,33,72,5,49,15,30,31,16,79,70,57,29,74,72,59
70,87,75,38,49,95,60,33,23,42,21,12,25,89,74,54,73,87,65,66,50,64,92,49,73,5,65,63,88,93,52,64,17,64,93,21,76,63,9,47,74,69,93,59,26,94,77,53,82,17,20,28,19,67,50,53,78,91,76,52,51,96,31,90,88,36,47,52,28,71,87,60,6,39,54,8,92,8,98,60,9,47,21,73,19,77,17,12,7,17,29,0,26,99,22,74,76,81,16,67
64,55,17,52,92,0,56,9,41,43,36,82,71,8,88,92,1,89,31,53,15,49,0,44,17,13,52,92,13,12,69,99,26,64,23,14,56,20,58,16,91,25,67,28,15,62,16,57,19,56,6,10,91,74,31,27,92,26,21,83,94,69,86,14,77,22,93,51,76,11,98,60,36,51,35,14,58,96,78,73,68,93,29,27,98,20,28,93,23,39,25,80,4,56,50,14,72,7,32,86
99,0,2,21,71,51,20,39,20,81,10,42,47,64,81,90,28,6,92,94,46,63,25,66,54,9,87,94,45,21,71,68,11,41,3,79,43,52,11,60,51,22,20,58,98,50,80,41,31,50,15,42,66,2,84,43,61,44,87,94,51,4,51,77,8,12,29,10,10,3,75,29,98,48,19,3,36,54,9,48,20,18,88,22,61,33,18,73,4,29,27,99,30,47,3,25,19,94,19,79
59,51,37,33,63,93,37,47,49,96,72,41,54,47,65,36,0,11,7,84,52,59,50,39,50,10,22,63,32,60,50,56,2,60,15,85,63,42,48,37,69,93,78,42,82,90,16,34,43,49,44,98,36,92,74,60,91,77,35,28,78,20,78,47,26,55,19,73,69,39,85,77,96,17,42,39,75,89,10,63,63,46,80,21,41,30,53,5,17,74,43,7,98,39,67,79,9,0,24,72
45,80,23,68,30,39,44,42,71,73,39,91,58,91,44,9,30,74,96,82,56,58,76,25,51,13,5,68,54,45,99,51,80,53,40,84,23,27,20,65,50,29,62,78,13,42,90,47,96,21,15,27,48,39,17,58,85,10,83,42,29,68,47,45,6,73,98,99,7,97,91,64,81,15,32,96,77,14,60,47,7,33,62,36,41,76,91,21,30,69,98,26,34,77,60,20,22,22,58,56
34,82,0,52,87,74,14,2,24,21,89,65,50,43,60,45,59,22,16,31,87,32,6,94,17,7,10,13,37,2,16,39,52,10,51,1,93,90,65,66,32,11,78,32,97,95,10,83,6,24,78,48,51,62,79,48,18,86,54,55,86,87,51,76,77,88,13,27,43,70,72,54,47,92,82,65,17,65,96,5,2,27,16,80,11,86,85,95,73,39,7,20,58,51,33,23,65,4,93,25
40,96,1,53,23,49,93,79,30,61,78,30,55,53,19,18,98,17,91,91,74,5,93,65,40,11,60,41,76,30,67,76,61,2,30,15,86,1,55,31,39,10,55,44,61,5,46,2,18,68,78,20,5,65,28,85,33,8,65,24,83,47,3,99,45,93,73,36,66,49,13,33,56,22,97,87,5,97,57,58,7,77,26,7,34,50,49,18,89,64,55,34,80,15,98,44,48,61,74,5
82,24,42,61,31,43,78,81,97,97,24,96,98,77,27,74,77,84,39,57,99,20,28,2,80,69,59,53,48,54,99,80,17,59,22,66,29,31,39,95,66,9,76,96,86,40,0,95,18,8,62,21,19,43,46,20,19,65,42,86,74,60,30,59,61,25,33,25,89,24,39,30,13,58,95,28,32,10,42,69,2,65,79,28,2,79,10,24,38,44,96,12,73,11,80,97,89,38,48,29
0,87,92,53,44,68,8,70,96,43,41,60,23,0,73,75,40,7,44,91,31,93,4,43,82,79,53,82,48,27,2,23,21,88,8,52,68,89,0,22,49,6,57,52,14,88,56,21,52,42,48,51,68,36,34,10,88,80,5,70,60,23,99,79,65,55,36,83,86,27,89,82,95,97,14,73,55,97,0,31,94,70,49,34,91,70,94,19,61,13,87,6,92,59,52,76,31,72,44,50
44,70,74,56,56,19,83,67,87,36,34,21,87,41,4,31,61,14,81,43,89,32,9,8,64,38,12,4,49,7,31,70,52,1,91,36,1,27,61,11,52,8,57,62,23,45,97,62,63,73,42,65,29,31,41,58,88,84,71,36,15,12,87,5,4,76,93,8,16,86,88,12,84,22,93,87,9,40,36,3,84,62,37,39,80,55,51,35,72,74,61,71,62,15,78,57,2,92,39,21
53,37,12,98,89,13,47,4,62,75,12,90,55,34,2,50,35,5,65,51,48,27,35,27,82,95,25,81,96,44,53,54,67,82,40,9,44,53,98,65,53,6,43,32,90,23,70,57,46,95,65,58,0,80,80,84,70,82,79,65,32,45,91,25,99,78,53,9,74,31,2,45,75,49,31,55,95,52,84,73,20,98,8,76,92,40,8,64,14,90,14,37,44,42,38,67,16,57,91,54
17,74,79,68,63,96,5,21,8,38,89,30,97,74,98,58,36,64,48,1,27,44,24,54,82,60,61,28,87,87,50,93,87,83,14,96,18,6,32,61,60,24,91,87,30,6,15,70,84,34,59,67,65,72,58,74,65,25,76,47,84,15,6,61,67,65,30,19,44,9,14,27,34,55,0,73,15,32,39,14,52,17,85,24,63,91,28,67,13,60,84,9,25,75,6,53,92,24,35,53
11,80,85,24,80,81,67,56,63,83,5,73,60,30,34,26,6,71,69,52,37,86,32,53,17,38,27,67,80,57,54,0,86,42,26,54,69,5,13,15,87,14,86,19,60,31,11,29,41,80,83,29,75,81,16,52,2,47,49,39,45,95,98,42,19,76,53,47,41,48,25,43,62,3,54,76,32,72,63,67,88,24,16,26,98,21,80,98,24,16,12,23,53,59,47,75,66,15,77,33
52,29,55,32,9,76,88,37,65,4,26,90,77,90,81,55,62,77,57,87,12,19,71,56,99,68,25,60,4,89,11,78,61,97,59,97,19,7,42,68,49,39,92,94,62,58,5,77,35,13,86,58,6,17,92,67,19,43,69,17,93,59,11,49,26,79,10,47,9,2,58,39,73,30,82,36,19,59,38,74,13,70,95,68,9,94,89,79,29,75,42,42,24,9,89,78,74,35,42,22
10,46,61,33,13,48,23,0,21,55,66,80,4,19,49,92,2,42,67,36,8,40,96,2,70,11,13,90,37,74,14,93,67,39,27,34,82,21,44,94,91,56,94,22,76,84,54,83,56,25,1,42,42,31,47,26,14,8,58,43,23,35,23,21,20,97,87,86,78,82,67,13,46,11,42,64,1,86,52,29,67,55,1,21,62,67,68,54,28,74,14,3,32,71,15,34,60,39,70,85
23,39,34,22,49,4,2,74,55,72,51,14,1,64,85,26,68,40,54,41,10,32,87,89,72,45,1,55,47,39,64,0,83,62,13,41,21,43,57,89,98,7,89,13,87,72,42,91,4,39,66,72,17,45,53,69,75,45,85,5,70,68,13,18,51,33,74,25,46,76,12,79,38,30,16,14,0,82,32,18,14,44,94,62,4,47,18,63,86,48,36,59,9,41,1,58,24,16,47,39
51,99,91,98,55,58,84,11,69,68,82,94,82,13,40,52,96,0,8,27,79,49,65,63,43,68,63,42,85,94,99,70,17,84,42,13,5,90,43,10,25,8,45,75,28,40,71,62,0,69,45,2,95,97,56,75,12,51,81,57,29,15,58,83,59,99,8,64,60,42,39,83,94,39,17,37,20,41,52,40,66,82,78,82,90,51,53,47,73,91,45,12,14,20,69,26,13,3,67,71
13,59,23,84,8,74,78,68,2,71,98,37,82,83,58,61,64,39,45,44,2,76,27,33,82,68,31,19,72,30,13,58,82,40,39,75,28,83,68,65,34,26,37,66,29,80,36,50,2,74,63,50,46,46,61,10,59,48,76,97,72,94,27,26,0,97,16,5,17,79,46,58,45,11,17,90,98,93,59,53,90,35,67,61,90,93,1,45,36,87,16,41,96,48,48,90,31,27,25,97
48,86,18,29,5,5,66,82,42,90,44,38,5,67,50,12,37,5,92,20,16,41,8,90,21,93,98,25,8,70,18,4,41,51,30,21,55,81,81,86,65,19,19,98,20,65,86,44,80,90,82,78,9,99,7,29,30,55,87,29,29,64,11,53,87,80,70,78,67,82,37,30,62,47,83,23,81,6,89,60,30,16,51,60,26,96,97,26,68,63,64,74,64,12,53,6,23,88,76,1
82,56,75,53,10,68,18,43,1,5,63,61,80,22,38,92,23,49,31,56,63,29,1,82,11,27,39,97,72,54,50,4,66,32,58,31,16,36,34,1,33,6,22,31,46,82,88,68,56,9,60,80,90,5,13,62,68,43,69,42,82,4,21,5,20,61,86,10,8,16,40,33,59,69,0,33,50,62,41,98,77,28,4,98,9,18,70,95,57,67,80,75,98,88,37,58,17,60,11,0
72,97,35,87,45,32,69,89,35,72,33,52,89,47,3,21,85,90,90,80,64,68,99,6,72,87,70,33,87,8,45,6,9,93,29,51,74,12,59,80,87,86,56,1,2,97,98,59,33,48,82,40,23,33,98,11,3,33,47,25,84,85,69,99,82,41,92,98,41,43,40,13,34,53,21,17,35,55,52,21,98,43,13,6,32,11,33,39,20,23,38,51,50,48,26,56,36,93,61,22
36,44,39,94,89,5,81,32,24,0,61,54,16,40,69,11,93,97,85,86,98,26,33,9,15,16,81,33,38,1,4,73,17,32,80,51,28,78,4,83,89,92,86,24,98,48,56,52,52,36,65,68,62,25,9,45,81,2,13,17,89,44,25,30,94,6,16,14,34,68,62,73,82,8,26,75,49,5,31,66,52,98,1,88,28,99,49,89,2,65,58,21,32,64,59,29,86,35,62,29
76,6,66,29,68,59,81,25,20,4,34,87,25,22,74,3,15,88,98,11,56,86,60,45,69,27,59,35,49,10,42,77,53,70,14,69,17,58,43,92,75,25,40,5,86,45,31,52,27,7,25,78,37,47,91,68,84,95,77,62,22,3,81,69,62,3,96,0,46,72,73,76,16,16,19,39,85,89,52,61,81,38,96,94,76,55,56,91,62,78,81,75,3,43,9,22,42,32,53,63
15,70,10,30,4,65,5,53,1,90,1,19,0,19,99,96,92,19,58,78,87,2,23,71,83,85,48,88,41,90,84,68,16,59,26,78,38,71,91,8,70,67,71,37,37,64,96,54,3,57,46,52,38,41,34,9,50,25,34,54,61,86,87,49,82,63,46,68,39,44,29,90,0,4,9,25,64,23,77,62,56,13,18,18,95,76,91,41,36,76,57,41,64,70,68,60,11,55,24,67
98,95,82,33,7,30,63,96,80,41,59,19,59,18,68,15,3,27,78,83,93,2,39,76,14,71,40,27,48,98,34,20,13,75,11,16,51,24,18,37,82,38,30,92,92,80,91,37,62,86,39,88,45,22,83,77,44,1,2,5,13,24,64,79,32,61,8,90,88,46,81,73,81,42,34,32,70,48,12,49,27,52,41,10,48,16,6,38,77,52,8,78,23,66,24,75,28,46,93,14
18,53,60,32,97,49,38,64,91,61,34,90,95,95,37,15,82,92,95,31,6,48,40,31,24,95,64,5,88,28,82,81,5,52,55,98,8,83,27,85,6,12,69,30,73,78,19,2,7,67,46,82,55,92,51,94,78,56,48,96,37,36,58,80,93,80,51,90,99,83,5,88,11,63,85,30,58,76,87,87,87,61,75,88,47,82,61,81,95,84,86,54,3,18,18,96,90,48,15,56
53,47,64,84,46,69,19,86,45,67,49,30,50,85,18,20,30,40,42,31,69,72,44,81,97,86,66,71,0,61,27,6,60,81,79,52,59,92,22,25,23,53,92,11,44,63,48,56,85,0,37,0,62,19,77,57,83,19,78,91,23,18,75,46,32,79,76,6,86,44,14,68,43,43,37,39,89,91,76,61,48,28,15,64,52,73,61,47,22,75,82,3,51,67,88,65,90,51,53,66
91,57,83,46,30,53,52,80,30,82,31,7,58,61,92,15,65,87,9,63,46,57,45,72,45,53,37,22,37,70,35,94,34,72,78,12,91,31,61,64,65,48,16,5,40,36,0,61,23,68,52,56,18,80,28,68,31,75,42,22,94,92,89,20,32,81,42,30,67,53,59,38,7,0,42,64,97,75,79,91,41,29,38,76,71,14,43,92,98,77,0,9,16,21,69,42,47,74,67,36
18,87,71,78,48,10,44,95,82,67,48,20,66,25,35,36,12,61,90,73,70,0,34,94,60,53,61,26,44,30,14,93,63,69,14,88,1,99,19,87,94,7,20,56,84,72,36,15,78,66,92,14,64,16,36,86,86,20,70,3,99,78,54,73,98,15,61,45,68,90,49,40,98,33,31,59,14,91,88,15,56,1,98,19,66,23,19,29,85,14,52,89,29,48,43,10,80,84,3,43
66,31,49,18,13,56,13,13,12,37,15,85,95,94,96,88,70,88,73,22,50,62,38,12,84,36,5,46,21,26,58,80,44,27,96,96,32,8,97,34,21,87,22,28,30,33,2,69,22,76,56,14,32,70,14,65,13,60,49,54,48,43,87,51,36,17,76,43,14,72,92,47,87,52,80,57,62,42,83,27,12,89,44,76,83,16,62,10,73,47,42,85,98,68,6,72,84,90,27,50
40,33,50,6,53,44,49,84,39,25,81,8,42,51,23,78,37,42,95,69,26,82,76,52,66,22,47,19,74,21,96,22,5,60,11,17,23,80,37,16,36,89,6,70,82,80,51,70,19,14,84,49,81,11,92,55,13,75,30,88,44,19,76,91,78,51,75,27,25,19,41,30,61,4,39,24,6,75,67,64,99,85,27,10,67,50,73,5,66,48,10,80,33,79,34,24,39,31,73,32
23,14,20,10,95,96,7,78,12,81,88,9,25,87,62,36,6,85,23,19,54,13,56,5,52,45,94,66,27,36,90,37,77,72,58,51,42,15,96,0,74,28,96,61,1,76,74,20,4,55,10,61,96,29,8,17,91,94,76,21,31,22,98,16,63,33,12,82,89,51,60,23,82,36,25,76,41,44,7,12,67,97,79,86,77,46,41,95,85,65,89,16,94,97,53,23,37,34,41,63
68,9,60,73,3,47,23,61,20,39,45,50,13,45,41,55,4,15,81,23,93,6,68,56,88,29,78,61,7,58,65,93,69,89,48,8,36,36,12,29,0,65,67,77,17,83,32,88,30,79,22,29,21,34,81,65,18,37,83,93,57,26,16,85,17,31,28,47,7,76,58,96,93,17,66,49,2,94,45,28,46,92,77,46,44,1,68,67,0,47,58,26,16,41,35,71,94,63,71,82
71,5,36,25,32,69,46,38,62,78,87,68,33,36,66,40,54,65,62,85,5,85,47,61,74,7,13,58,24,41,50,73,20,83,43,37,36,71,23,72,84,64,2,76,43,24,56,21,86,44,26,15,94,81,20,99,80,53,22,15,54,85,73,84,18,1,45,39,11,76,8,64,95,75,70,75,27,21,49,8,54,46,28,98,98,73,3,89,50,47,83,82,5,18,52,44,69,39,20,96
86,69,54,80,65,55,76,86,18,73,27,89,69,38,53,2,2,58,2,33,60,87,50,70,53,26,6,87,9,74,87,8,87,0,74,54,89,93,55,73,79,29,83,80,63,60,16,79,37,96,59,53,67,11,5,24,40,7,64,99,1,21,79,62,50,62,21,85,51,52,3,83,22,5,28,62,96,65,33,16,40,15,42,84,1,71,60,56,85,87,35,15,43,44,7,32,54,91,94,73
3,61,20,65,52,36,12,45,80,40,1,26,55,67,1,11,44,14,25,29,78,52,80,87,14,0,11,19,20,15,71,59,53,91,7,74,9,48,33,7,19,22,18,61,45,36,74,8,26,4,26,56,11,15,30,3,15,36,7,94,11,93,82,37,60,11,59,36,0,36,68,79,81,2,18,32,22,45,66,36,52,74,87,44,41,64,63,8,28,29,24,47,0,87,37,17,70,24,61,24
26,71,17,89,18,96,57,96,79,16,57,36,51,91,22,39,16,47,97,52,62,30,25,27,98,72,96,29,26,30,59,85,50,39,43,41,38,25,41,45,56,76,99,23,13,36,93,6,55,84,9,85,93,56,30,37,42,39,29,3,80,22,19,77,9,62,76,91,66,12,76,30,60,20,83,97,40,51,11,16,86,63,42,10,69,18,16,18,39,89,66,62,48,43,32,1,14,45,78,84
0,22,61,4,91,29,54,86,82,59,12,51,86,19,51,95,58,24,25,6,94,51,52,82,87,62,19,56,54,80,18,62,21,90,77,38,15,72,40,62,93,34,37,80,67,46,79,52,84,87,51,0,54,59,39,64,75,30,75,28,73,27,87,95,41,28,46,29,73,27,25,90,24,12,73,62,36,39,39,61,36,78,14,29,20,50,23,18,81,3,28,58,50,66,67,82,92,21,86,37
47,95,93,44,82,41,96,46,46,13,19,27,60,93,84,69,68,56,75,70,17,26,22,49,37,13,44,23,23,57,61,78,93,12,67,74,21,30,34,12,56,25,67,5,97,33,3,95,73,93,64,83,79,50,17,31,3,16,79,66,88,94,89,19,74,18,68,67,60,27,40,60,91,99,46,78,84,26,22,64,7,29,86,29,87,31,26,41,64,99,76,80,69,10,76,61,59,28,56,15
79,46,13,41,70,56,81,68,63,50,54,8,31,35,5,4,2,50,49,94,7,65,55,19,8,45,5,99,99,96,11,42,29,94,33,72,22,14,44,58,96,4,58,58,29,93,41,24,38,27,52,27,4,64,63,61,82,62,80,26,67,85,36,72,0,20,21,12,18,26,27,85,81,29,10,55,52,26,37,14,24,41,57,32,88,38,97,13,24,65,82,30,91,86,0,10,67,70,32,62
55,47,42,71,47,63,74,7,88,25,34,48,81,56,63,4,31,92,25,75,20,39,14,55,30,1,51,15,22,84,78,22,45,43,88,86,83,70,7,53,83,7,88,60,3,8,66,1,56,62,47,55,40,75,60,80,68,48,25,42,21,73,51,87,7,57,62,61,44,84,55,18,62,21,19,9,40,22,95,84,64,29,78,69,26,85,45,9,30,0,74,61,64,5,16,34,17,44,4,91
41,84,45,29,40,85,22,31,38,22,8,96,22,83,56,2,4,50,39,64,67,45,77,12,59,64,40,47,12,50,90,38,76,91,10,24,62,16,50,26,50,95,79,75,75,73,67,96,21,61,37,55,81,79,99,69,90,63,67,53,48,9,43,42,47,79,12,96,39,46,71,95,17,65,96,25,66,58,59,53,88,27,64,95,49,14,52,61,45,46,14,85,8,86,4,41,40,24,2,24
52,75,85,4,98,73,78,56,88,0,26,68,75,87,50,43,45,22,12,45,80,28,52,95,32,42,77,9,98,52,76,10,60,66,64,99,76,42,29,58,92,2,14,81,81,2,13,48,73,47,58,60,59,29,45,94,77,39,18,28,92,46,59,43,89,33,59,59,25,76,41,47,59,39,49,92,65,23,28,6,24,52,47,74,66,54,81,79,51,70,99,8,0,87,97,7,47,95,87,84
95,84,42,21,13,45,53,6,81,6,68,32,55,87,12,91,97,10,85,42,97,79,83,24,41,97,76,85,99,7,64,74,52,81,5,46,57,18,22,49,76,16,79,99,1,70,90,47,84,5,24,26,76,49,63,40,71,84,40,58,93,87,82,5,95,80,29,26,83,59,94,51,26,44,28,27,3,27,56,26,76,16,78,36,11,54,7,29,34,31,96,69,8,17,37,90,16,36,91,14
0,13,15,55,79,83,39,39,56,72,52,61,79,62,32,28,43,89,23,17,30,82,56,15,68,10,88,75,58,62,21,86,60,94,70,37,15,27,93,36,97,86,80,3,90,56,48,97,15,97,82,2,70,30,36,16,90,22,24,38,51,24,65,6,82,71,99,69,6,67,69,70,89,65,49,28,34,65,36,8,0,76,10,78,68,50,20,48,82,61,61,62,94,9,34,17,63,75,70,24
96,49,59,44,61,41,26,64,53,90,48,81,42,92,29,31,11,82,97,6,67,67,42,15,19,94,13,76,30,84,50,76,57,93,3,11,44,78,58,47,0,10,2,39,43,74,79,61,19,3,50,6,94,44,37,1,50,10,21,91,43,65,81,15,73,87,26,95,55,60,20,9,36,49,64,87,70,39,94,98,24,64,72,34,86,36,16,77,3,14,94,73,88,90,1,20,60,60,19,15
26,27,61,39,7,56,86,4,37,89,32,63,99,58,5,40,80,11,84,73,78,80,96,43,94,78,10,31,18,4,78,76,84,18,61,19,19,42,98,3,40,57,79,81,10,44,67,97,43,80,13,95,15,15,56,84,76,10,62,60,31,14,56,77,41,11,40,95,58,51,74,52,36,22,73,6,2,19,29,92,84,61,94,86,86,12,13,14,83,35,11,47,7,82,0,19,58,64,25,70
14,40,41,83,41,22,58,24,71,38,36,78,90,4,60,34,27,26,95,98,82,39,10,81,22,13,10,34,35,63,77,32,13,17,15,39,70,72,4,78,17,73,95,75,10,6,88,31,90,74,62,35,31,43,67,32,52,34,86,66,27,2,76,41,89,60,77,73,96,95,77,89,80,37,38,54,75,3,51,65,27,87,83,75,94,55,26,74,10,81,37,82,71,2,42,70,24,44,78,40
98,13,78,55,57,89,45,52,38,56,56,45,14,61,21,79,24,63,42,6,58,79,94,31,62,79,2,1,16,34,90,65,25,36,3,33,54,97,89,5,27,31,38,30,3,13,0,34,32,71,5,72,5,3,65,8,25,69,62,12,32,4,73,32,12,66,48,24,32,42,28,92,53,5,32,83,34,38,85,33,71,87,57,20,40,22,63,51,75,0,96,86,71,5,92,45,52,53,44,43
56,80,93,94,32,69,63,82,64,37,95,0,93,38,27,59,29,87,71,37,1,60,25,47,27,22,18,83,20,58,44,86,16,89,13,67,25,77,99,7,55,65,34,27,49,66,94,75,97,94,57,33,70,36,16,27,51,74,99,14,49,89,80,85,93,24,26,58,24,12,27,68,36,30,34,65,4,14,84,74,49,44,17,77,3,74,35,3,23,58,40,40,26,14,68,60,48,62,91,80
68,57,0,34,16,1,40,18,9,65,11,83,55,72,92,6,31,68,48,81,11,25,36,79,20,57,0,60,95,57,80,13,97,6,99,46,25,97,43,8,52,84,84,94,65,83,61,55,19,80,40,75,95,60,75,60,34,94,75,87,12,77,78,44,49,1,65,59,8,23,15,9,67,75,66,59,25,96,16,57,15,72,31,96,95,97,41,86,57,48,10,43,37,48,36,62,77,71,49,93
38,54,29,86,15,19,55,22,33,56,65,24,70,85,9,52,26,71,83,22,61,57,97,75,76,97,78,38,20,44,90,60,93,38,36,94,39,26,5,8,7,46,65,63,44,75,1,71,46,27,92,88,13,79,48,47,36,89,24,30,95,64,43,48,55,92,44,26,60,60,61,91,25,70,23,84,14,30,28,21,66,51,80,27,49,76,62,87,36,66,23,8,93,39,97,9,2,43,73,14
85,31,23,41,82,93,0,40,84,74,90,87,34,59,88,52,78,38,12,44,58,76,70,0,40,69,96,92,92,48,84,41,39,54,87,25,21,30,2,10,33,31,23,79,11,14,75,39,20,26,30,92,33,53,9,31,8,78,91,7,31,50,84,20,93,85,8,39,40,61,3,56,69,25,50,91,63,0,49,7,26,8,12,5,40,8,89,13,62,82,96,28,41,37,37,99,33,23,35,67
54,55,90,90,98,0,8,46,83,21,26,57,13,24,90,38,77,98,49,22,81,24,85,2,5,18,72,1,83,74,40,46,95,44,36,6,45,75,65,60,83,59,27,77,12,86,7,99,67,1,49,45,90,34,79,17,2,93,40,7,12,56,35,66,66,54,16,98,36,12,93,53,31,99,55,30,48,94,16,72,38,45,45,7,93,94,85,10,2,72,5,41,20,46,60,41,85,84,66,94
19,73,60,10,87,79,70,41,0,68,85,97,10,21,94,15,73,10,25,95,64,25,7,66,98,68,54,38,83,27,70,40,29,95,13,45,44,2,29,10,1,75,6,99,87,9,67,90,62,16,49,58,55,92,47,91,46,46,38,37,24,77,33,46,27,42,37,24,76,53,22,52,42,13,38,52,48,42,32,96,61,73,14,30,45,44,28,71,13,16,88,66,4,37,5,0,93,34,96,82
72,55,95,40,44,16,47,22,19,71,46,81,66,45,36,87,89,61,50,24,7,22,68,2,15,28,69,52,18,7,2,47,45,24,4,77,14,98,7,40,75,32,79,4,24,24,95,17,7,88,97,96,59,76,57,39,37,21,74,32,2,81,31,67,13,49,43,77,37,65,27,18,72,94,77,69,36,90,86,52,91,80,66,83,78,30,20,87,26,21,82,8,38,84,90,86,17,82,34,29
29,90,78,92,30,84,28,14,17,3,62,60,69,65,48,66,47,35,5,85,66,19,4,1,1,24,4,29,58,1,65,12,97,77,42,59,66,79,42,77,88,50,63,62,37,96,12,93,55,53,48,37,41,47,48,95,40,48,97,78,58,37,46,88,1,98,61,25,50,66,65,95,8,13,57,41,47,21,16,20,89,98,77,23,75,2,71,78,7,82,92,19,59,19,79,10,18,85,68,68
3,98,33,15,22,30,0,5,79,38,98,2,98,96,71,75,96,63,28,29,97,88,47,67,35,85,75,6,24,18,58,3,69,82,12,42,29,55,15,74,45,90,29,4,65,57,51,82,73,95,35,41,31,52,76,70,48,54,38,15,10,84,45,10,28,38,48,4,6,38,3,60,49,66,34,57,59,78,57,54,68,37,72,21,84,96,48,45,4,23,57,54,73,41,11,25,36,91,72,36
32,20,44,47,63,0,60,62,39,63,77,73,54,70,0,43,68,21,11,22,21,79,63,2,96,23,81,20,58,60,44,59,0,81,93,52,71,87,23,23,98,48,30,54,23,76,26,61,65,63,68,3,90,23,32,4,99,36,7,76,8,53,41,5,6,61,40,17,21,44,35,60,96,25,41,29,92,90,74,99,44,42,5,50,90,14,68,72,28,18,9,28,15,7,66,89,81,44,79,24
94,30,36,44,84,54,30,10,43,61,5,90,99,26,32,53,7,28,24,45,8,42,38,91,76,74,31,96,9,98,51,60,40,6,67,32,30,14,85,10,73,35,93,70,18,71,74,71,96,86,47,73,54,60,4,47,29,1,4,98,27,43,12,41,20,79,48,63,83,75,94,95,91,40,16,10,61,44,22,53,13,99,73,1,80,60,93,71,35,16,10,78,15,14,13,40,78,65,37,50
67,23,32,63,31,75,70,80,70,15,94,93,26,76,47,8,10,18,29,40,3,63,12,61,20,1,0,19,11,37,20,33,37,80,84,17,59,80,22,97,12,78,40,44,46,92,80,60,69,26,82,76,95,71,46,35,71,94,83,96,57,42,48,39,70,60,38,49,81,0,35,68,73,47,77,43,3,3,88,98,24,64,82,25,77,40,93,63,63,11,79,5,57,21,69,1,37,80,2,15
75,54,28,67,97,32,93,13,16,78,19,73,8,32,10,69,71,52,76,30,60,46,12,84,68,77,80,67,87,72,0,39,47,86,58,43,93,30,51,2,33,48,66,62,17,41,98,14,31,10,27,36,48,88,49,88,0,2,31,40,55,8,91,46,7,57,23,71,1,10,21,46,58,34,8,5,30,65,30,79,16,35,66,92,48,5,39,34,59,53,28,93,34,68,68,58,70,6,22,44
56,54,65,53,23,67,93,97,31,34,29,1,73,13,46,71,3,21,30,52,67,90,91,70,7,48,71,9,55,66,99,90,54,86,60,20,44,55,50,63,85,9,77,30,84,28,66,96,11,36,2,63,30,55,35,70,15,72,87,50,96,52,67,84,64,32,86,81,41,31,82,87,20,46,28,64,60,3,86,92,84,30,71,12,83,26,32,50,65,36,22,45,28,41,53,99,26,87,54,30
78,11,65,24,55,66,6,13,48,90,39,23,55,14,52,18,41,3,34,26,86,7,90,14,78,28,33,83,31,23,77,62,11,69,99,63,99,99,45,39,62,41,76,41,99,54,66,85,74,9,33,37,29,71,88,86,56,41,92,39,56,27,87,57,73,31,73,28,87,17,7,1,33,65,41,21,77,97,33,53,32,48,74,52,43,46,96,27,81,5,40,24,84,97,32,31,66,33,86,26
96,90,45,51,13,26,18,16,73,34,57,67,1,61,4,99,76,89,41,87,57,23,3,6,56,27,12,21,11,94,90,38,29,29,59,2,2,95,32,33,54,90,77,9,8,83,40,85,67,48,45,65,52,28,45,32,71,22,74,89,92,14,30,95,91,10,21,96,51,60,66,37,40,70,75,9,97,66,52,39,0,99,2,53,58,75,44,3,90,23,15,17,62,78,88,11,45,40,67,83
70,62,16,36,32,80,13,57,27,51,34,37,77,94,69,47,58,56,46,87,36,24,3,12,75,85,10,96,40,29,88,53,86,52,67,70,2,37,95,83,68,81,29,2,43,33,37,32,38,76,34,47,90,2,78,54,60,83,72,74,23,35,1,52,75,26,42,98,41,33,31,2,71,41,38,3,60,4,88,82,33,86,85,84,95,36,35,15,62,93,4,82,31,39,74,7,25,73,61,49
30,12,32,83,56,34,96,59,8,47,56,35,35,23,58,46,0,44,52,56,3,11,0,76,20,65,2,19,48,60,64,90,52,57,65,12,55,21,19,4,98,33,26,42,85,66,49,80,1,37,71,47,32,19,0,16,49,13,83,66,52,20,56,34,92,10,51,3,20,9,83,96,7,60,70,87,13,55,90,31,85,27,49,30,46,91,6,45,82,91,51,46,18,40,64,61,69,69,85,82
11,2,57,87,18,78,23,74,72,59,9,62,84,25,49,35,91,59,16,40,36,23,75,61,40,45,56,18,52,44,85,79,20,37,28,18,8,25,79,31,26,13,83,19,96,1,1,48,29,58,81,0,79,81,87,25,63,70,88,86,72,81,5,49,39,1,32,77,52,91,20,7,27,66,7,32,42,29,7,41,3,40,13,95,46,25,90,5,51,51,53,41,10,90,50,37,20,82,65,64
