37,80,65,95,12,91,52,40,68,91,82,35,73,88,20,66,92,87,10,76,59,1,42,73,17,89,29,57,19,27,31,8,34,75,75,52,49,1,17,16,76,64,15,51,39,55,11,81,81,2,27,32,88,66,28,49,41,23,65,18,9,12,72,46,19,83,15,1,67,30,9,54,0,62,48,2,66,46,98,2,15,32,8,93,79,56,51,10,67,70,3,1,82,75,99,32,80,28,6,36
32,99,12,6,37,86,12,37,58,94,42,66,39,20,42,32,40,12,63,22,8,68,39,2,82,0,16,51,48,25,36,63,46,67,58,55,99,44,64,21,31,90,70,77,64,44,93,0,47,94,33,57,75,43,29,5,50,92,0,87,7,44,73,57,99,54,68,90,21,64,64,16,30,78,14,6,39,99,20,4,80,20,56,44,69,85,84,46,64,7,62,83,22,43,48,34,41,85,57,34
63,38,4,48,93,35,95,74,55,96,13,98,79,88,52,23,37,19,9,50,61,51,10,48,33,91,38,82,86,56,45,53,23,89,75,92,29,89,23,85,37,72,46,74,4,66,18,62,0,78,80,23,69,90,4,93,91,69,75,73,36,38,45,16,90,79,71,61,18,2,76,58,20,7,56,82,35,13,56,80,53,4,85,39,64,8,1,7,49,75,19,99,98,95,72,94,78,90,18,13
36,56,86,74,69,69,82,19,52,93,92,10,13,14,59,25,47,91,96,14,90,38,42,49,99,15,14,5,31,52,65,5,68,3,79,41,72,54,82,66,7,39,38,95,64,87,23,85,32,10,21,74,71,22,11,42,13,15,56,50,16,87,87,14,16,2,13,42,80,58,14,54,45,30,88,16,37,33,21,31,80,66,17,74,43,91,91,10,35,99,20,92,50,92,50,59,69,29,44,54
85,45,75,95,92,27,56,85,40,51,1,4,24,53,10,91,95,16,38,41,96,41,64,84,88,11,32,48,76,1,38,49,68,91,41,13,65,85,97,41,26,92,11,42,78,23,11,12,78,39,56,11,6,4,28,26,15,76,26,57,83,29,81,46,1,44,35,16,88,12,32,17,51,26,78,91,76,15,93,22,81,43,16,84,16,17,14,86,99,91,32,50,72,86,60,22,75,27,47,53
70,89,39,73,30,63,3,26,56,93,34,89,63,3,67,53,10,54,0,91,34,44,25,24,69,15,63,73,70,82,3,10,57,79,97,41,28,85,46,91,95,46,25,36,77,65,69,36,80,91,81,85,11,47,47,49,92,40,95,98,56,55,68,13,90,63,79,68,8,42,11,26,90,93,6,1,91,99,26,35,70,6,10,58,16,20,20,27,71,66,94,78,82,55,97,37,38,56,46,66
51,75,89,91,24,62,21,21,20,30,18,77,44,86,5,32,5,42,33,1,32,32,99,57,55,34,84,94,71,98,83,29,32,16,94,83,92,10,31,27,36,46,4,26,94,44,64,88,79,3,29,31,9,15,79,58,96,4,95,32,83,26,81,71,40,29,0,64,56,21,67,49,48,23,21,43,12,70,35,29,2,13,62,77,56,30,92,34,92,1,63,92,0,31,17,76,78,10,32,64
70,1,41,28,68,89,41,86,90,80,92,0,93,21,62,80,80,17,5,12,80,89,52,88,60,38,33,98,23,74,57,98,24,92,70,3,23,56,88,41,60,41,97,37,52,43,10,22,4,1,10,50,15,36,33,2,18,62,19,51,2,83,69,62,45,98,81,47,81,80,57,15,42,17,33,11,65,92,94,77,34,69,0,37,27,50,56,81,97,48,71,39,48,72,82,56,45,2,2,28
11,88,49,71,32,73,72,83,37,66,45,24,21,22,1,36,60,82,95,77,23,98,23,4,9,80,17,5,71,76,22,5,45,10,40,96,10,40,51,21,98,97,33,83,5,51,88,93,63,46,19,14,10,59,9,16,28,52,42,79,81,73,75,79,90,92,90,63,80,74,45,44,20,63,8,86,37,37,46,29,84,44,20,56,60,0,24,75,45,65,60,68,34,96,28,14,43,80,75,69
79,44,62,77,58,31,83,33,95,70,65,39,90,2,69,20,40,23,88,79,17,69,8,31,14,10,6,97,47,48,50,11,25,17,91,79,37,45,10,29,74,45,88,89,93,38,91,4,50,0,54,18,48,1,39,16,57,42,90,93,51,65,52,59,75,94,63,92,5,88,72,8,50,27,35,12,26,21,2,90,37,26,61,16,41,69,62,63,19,8,61,82,63,91,77,99,81,66,66,38
20,78,90,88,55,90,30,59,1,7,22,5,91,69,33,86,20,53,88,49,48,33,34,75,9,90,37,62,52,90,28,21,29,89,44,16,5,34,58,40,9,40,51,49,79,46,39,28,58,25,16,92,28,52,18,89,88,74,4,64,50,77,54,10,2,26,2,84,80,66,30,64,43,4,76,35,81,20,74,98,95,92,81,98,55,46,60,79,66,79,85,2,73,47,23,17,71,49,64,96
32,10,63,94,74,46,22,97,89,24,14,63,42,16,36,42,73,14,60,39,95,45,25,86,3,9,43,70,29,66,77,5,17,87,31,87,47,20,5,21,83,84,99,92,36,79,53,12,82,40,70,3,88,7,44,46,77,38,74,28,76,25,38,33,79,72,72,35,77,33,29,21,59,47,74,12,80,51,55,88,70,73,19,27,41,27,2,25,56,94,97,48,31,58,95,42,46,13,77,53
21,52,58,51,73,55,73,17,31,90,19,78,13,16,61,64,13,23,54,83,91,38,7,73,82,53,84,67,75,47,31,82,42,95,59,14,9,36,99,76,29,61,62,35,47,38,63,62,84,73,69,96,41,26,0,45,62,14,81,0,72,50,73,74,61,8,21,54,43,34,49,16,12,68,74,29,57,18,6,73,40,31,7,64,4,4,37,21,59,80,81,45,98,52,71,81,77,76,32,0
91,14,53,79,91,4,83,74,41,88,88,8,74,34,52,24,34,2,5,84,0,61,81,66,57,48,21,2,7,39,72,26,5,44,26,30,88,86,27,37,96,1,72,92,68,78,35,54,69,48,88,88,18,75,73,64,14,31,52,13,79,21,88,86,50,10,8,12,47,89,8,94,62,80,46,80,46,19,54,44,12,41,7,98,52,91,0,86,3,19,51,16,76,78,37,99,76,59,64,71
21,68,79,97,56,18,86,89,51,13,91,53,2,69,4,37,75,30,32,27,9,39,54,73,74,54,79,13,20,64,9,76,98,87,96,67,60,50,13,83,36,52,51,89,9,97,13,58,90,78,3,5,97,28,49,88,94,97,66,76,62,83,63,98,37,77,46,50,36,16,70,30,57,11,1,68,52,72,98,65,82,0,42,75,53,25,53,58,64,54,74,76,11,88,66,47,26,0,63,16
62,9,82,69,96,0,7,2,43,51,93,33,74,64,9,78,31,71,45,95,47,15,78,42,69,65,71,56,94,58,45,40,39,1,39,85,56,45,91,8,74,29,80,68,75,74,87,68,17,93,73,75,76,66,75,60,17,61,9,88,17,89,25,98,16,66,63,97,35,52,86,57,48,6,78,47,13,5,94,83,29,91,22,61,98,81,93,64,4,97,28,80,54,59,43,6,87,38,54,10
9,87,4,36,31,51,40,37,27,3,56,85,53,86,99,2,89,46,56,77,44,63,93,4,42,9,58,88,58,41,2,80,15,39,44,47,30,47,24,8,17,31,90,4,23,41,32,50,15,18,19,27,7,99,35,19,72,39,79,69,32,14,97,34,73,60,40,34,45,87,0,80,8,84,59,39,45,49,45,64,65,89,91,26,83,87,78,66,57,29,18,83,24,73,50,61,62,70,18,27
16,10,44,43,36,7,73,71,13,13,79,73,98,67,0,14,98,54,42,9,0,23,83,56,80,7,1,57,6,57,15,83,63,25,10,27,32,65,14,38,2,25,97,24,40,64,34,16,62,9,16,95,54,84,74,63,39,3,59,86,38,81,95,27,38,26,48,4,24,24,31,14,79,38,3,11,95,60,25,63,17,10,43,13,59,78,70,96,88,61,3,55,18,26,25,54,82,8,45,16
81,1,28,89,34,91,62,96,32,10,60,35,53,17,3,15,93,11,93,71,17,6,85,48,73,52,22,24,65,8,49,85,11,44,29,33,2,33,49,3,54,44,8,68,92,97,77,80,3,49,33,33,65,54,41,67,92,54,22,61,4,12,5,91,77,45,5,85,43,87,20,89,62,92,69,62,37,2,35,1,27,94,10,52,16,52,44,50,70,22,49,17,51,72,76,80,4,0,57,29
0,74,23,34,4,72,27,73,19,37,96,10,17,56,66,86,85,72,81,25,0,86,3,72,26,95,50,58,43,24,69,18,47,68,59,6,91,30,61,58,40,77,45,70,50,13,51,54,58,14,53,62,57,39,23,43,50,49,0,45,55,27,61,94,91,72,79,52,39,7,17,91,47,54,4,78,74,54,34,44,18,19,6,51,58,33,62,49,21,35,81,2,27,96,32,3,52,15,59,69
49,72,57,90,40,33,84,49,8,59,47,40,73,99,50,64,70,4,96,22,76,24,81,81,64,34,23,15,34,23,52,32,73,39,82,14,83,57,49,89,85,12,70,59,75,68,48,22,74,12,13,26,7,60,32,26,62,62,46,64,61,64,32,78,14,1,7,67,99,79,19,40,68,72,94,23,36,89,21,29,25,29,45,29,15,36,71,60,64,61,17,93,73,57,78,19,57,9,78,77
50,14,23,14,89,85,60,94,48,79,7,1,16,31,59,71,94,24,33,36,50,45,56,43,18,78,47,30,9,41,81,81,11,35,0,4,54,82,60,43,79,84,36,85,79,74,60,89,94,38,74,94,41,23,58,76,16,56,49,64,43,4,45,29,26,73,42,74,96,86,78,10,89,92,24,62,89,49,36,97,89,45,86,5,1,75,9,38,31,18,94,85,54,29,45,7,15,84,38,24
90,55,98,79,18,77,53,32,26,14,34,13,61,14,34,18,53,41,34,43,87,88,49,88,35,6,99,18,14,49,67,5,74,67,43,34,87,58,97,46,27,95,16,44,12,7,45,40,45,96,92,49,5,31,23,71,97,45,41,82,51,99,37,46,8,15,82,12,30,32,87,17,36,14,88,18,4,67,63,8,70,18,42,67,39,47,46,55,77,56,12,51,14,27,9,62,77,71,19,63
44,17,0,72,0,1,23,67,27,87,13,18,92,26,19,54,34,46,93,71,74,65,32,33,63,68,93,62,76,75,2,45,53,13,26,37,76,21,17,36,35,74,62,30,74,43,76,32,74,59,44,5,29,89,69,45,23,74,71,62,14,43,62,69,98,3,23,61,27,90,57,43,31,69,58,79,73,79,37,6,52,95,88,97,38,68,50,18,72,46,71,50,75,83,73,47,97,91,87,35
18,0,45,10,90,83,70,22,68,36,54,5,90,48,8,45,40,70,69,67,67,67,35,61,50,3,89,23,27,29,4,25,4,87,87,32,62,96,28,78,16,63,94,4,69,65,28,75,71,55,32,86,8,53,57,8,43,63,2,10,69,19,44,76,38,15,68,41,90,89,50,76,0,28,74,39,22,75,80,15,24,46,59,3,91,29,80,18,43,26,42,22,29,98,54,15,51,35,7,5
66,69,92,16,77,79,66,2,27,17,73,15,55,37,20,44,53,99,25,76,98,94,23,1,92,88,22,75,4,33,2,37,61,81,36,53,2,40,10,21,10,16,42,5,79,18,13,74,56,30,35,10,75,1,43,90,67,40,13,32,60,32,43,43,25,68,28,8,28,31,50,13,17,3,8,29,5,27,95,90,5,18,6,55,86,88,40,49,76,91,94,90,44,87,67,97,77,22,23,29
90,80,61,40,22,82,1,92,88,54,98,43,61,95,74,12,17,88,34,82,13,48,41,52,16,59,90,86,53,72,94,92,17,54,68,36,19,2,59,46,0,8,46,57,90,2,27,97,37,31,35,33,56,55,3,23,11,96,67,90,53,69,47,88,73,95,3,20,94,74,73,35,51,50,10,36,10,95,50,29,25,30,41,11,23,5,63,62,69,59,44,41,45,10,96,73,33,5,86,92
33,27,20,30,18,94,16,16,3,73,74,41,50,77,89,30,77,70,25,98,75,58,83,99,9,98,53,93,29,50,68,12,22,76,98,80,16,65,30,41,7,64,68,69,91,7,55,72,61,32,77,15,89,34,13,21,97,9,20,6,39,12,38,25,0,77,81,81,75,23,57,0,48,41,30,36,50,38,63,80,17,53,76,84,66,94,33,89,37,80,43,4,40,4,32,45,86,87,45,36
39,47,72,43,8,15,78,39,55,25,72,98,92,1,21,82,98,92,25,85,37,59,29,69,62,90,74,2,6,65,92,26,29,95,0,84,46,34,80,6,11,39,95,14,49,51,48,41,39,67,3,24,97,32,74,31,97,58,60,47,71,32,64,10,92,10,82,2,81,3,86,44,37,70,36,53,30,91,13,36,18,30,60,34,70,49,83,10,4,64,13,8,25,59,4,97,57,95,92,25
7,5,18,42,50,80,55,97,90,34,37,24,34,3,68,99,62,86,79,12,0,64,10,25,95,27,96,99,92,16,98,66,91,89,75,4,82,98,59,72,9,91,91,89,12,48,87,84,70,2,94,54,4,66,3,58,3,70,57,48,84,95,22,27,68,30,77,93,56,77,66,73,71,63,59,6,87,22,40,91,22,93,93,51,45,37,20,52,76,15,14,51,81,89,22,18,76,89,77,38
92,7,98,80,8,81,26,76,64,58,72,42,14,80,79,25,70,71,12,65,26,27,19,1,28,58,47,98,26,76,22,83,59,81,88,81,28,65,95,3,46,6,91,24,15,30,44,25,52,50,33,35,81,52,61,33,41,26,65,19,62,22,76,51,65,39,87,37,95,96,34,90,95,27,89,93,51,47,92,79,74,80,61,85,77,94,71,44,59,73,48,45,8,40,84,75,49,16,61,86
49,81,47,66,7,89,53,73,64,24,8,90,73,71,48,15,6,64,5,26,43,71,87,24,63,17,17,95,8,42,48,58,78,53,27,91,67,59,49,8,48,8,47,39,57,32,28,61,24,2,79,2,8,16,15,52,81,34,91,66,13,64,61,16,26,7,89,48,18,99,27,23,68,36,21,9,45,71,83,60,63,17,50,5,83,15,68,62,77,1,62,21,29,93,96,20,17,19,81,94
77,12,88,16,93,91,74,70,93,0,75,82,63,8,17,59,67,22,90,9,95,1,31,79,71,71,76,10,87,62,12,60,36,41,51,45,21,66,67,96,62,99,94,5,84,95,32,12,65,92,24,61,3,75,84,25,96,88,19,6,60,75,29,76,30,60,74,17,14,52,27,79,32,88,12,64,23,47,47,3,16,76,20,6,73,78,48,79,99,9,83,89,20,67,0,3,92,87,35,20
78,41,7,52,30,7,11,99,78,0,47,64,1,87,56,12,14,71,12,33,41,26,21,41,27,9,45,28,13,71,71,83,55,94,5,15,73,51,5,74,82,20,27,25,43,97,81,31,20,81,86,86,85,67,40,76,30,89,33,21,41,52,70,52,52,22,91,52,92,6,43,85,3,90,64,4,83,34,82,76,48,12,73,47,0,40,10,61,19,48,11,43,90,10,15,61,28,94,84,2
36,62,65,97,62,11,16,81,9,10,57,9,86,1,57,23,78,33,57,92,39,37,59,45,45,65,8,56,45,53,69,49,8,60,79,20,65,69,85,30,0,89,72,4,6,43,79,79,90,54,78,21,79,33,34,89,57,37,7,83,2,47,28,95,25,13,80,24,97,51,98,33,76,55,28,60,64,55,14,51,20,7,97,5,17,23,19,68,47,50,69,9,79,89,75,26,70,19,65,72
59,50,40,66,22,44,49,37,81,12,46,62,69,27,66,38,66,24,30,13,54,32,9,58,35,14,22,67,56,55,78,48,21,25,73,19,6,36,34,12,23,62,39,42,17,4,76,90,59,50,75,26,32,82,45,3,4,27,63,41,94,45,43,73,84,9,8,26,67,30,45,43,7,74,98,56,3,96,8,32,14,0,19,60,45,18,23,94,97,43,76,65,5,68,36,85,57,49,50,23
70,52,40,44,70,19,94,91,96,0,46,64,85,95,85,34,66,46,72,17,94,62,64,91,12,6,44,86,70,29,92,0,2,8,88,37,34,10,15,41,87,97,30,34,58,85,85,85,62,11,0,67,59,97,84,30,56,42,68,30,21,98,11,34,12,71,60,16,21,50,34,6,53,65,59,14,99,10,40,53,46,18,10,12,88,35,50,91,45,87,0,39,61,79,26,4,71,5,26,60
41,87,6,92,37,73,11,9,26,29,96,54,10,81,0,76,9,97,88,86,30,51,56,16,1,13,38,20,84,90,68,38,31,62,79,13,92,17,36,17,13,94,11,47,65,45,48,11,54,70,14,58,15,12,71,66,19,43,62,83,82,62,83,56,32,14,41,6,97,20,71,36,99,6,85,80,27,2,79,82,7,66,30,72,1,68,18,87,73,61,46,73,94,25,83,79,95,60,13,98
85,96,43,81,27,8,36,23,65,48,4,79,16,90,54,72,92,69,73,5,33,52,98,41,15,59,75,28,91,83,46,86,95,88,90,60,59,17,50,94,71,54,13,84,69,13,77,65,3,76,8,34,62,11,78,8,6,8,53,62,50,35,16,53,88,83,98,93,34,80,15,65,0,34,8,76,86,36,96,20,35,13,87,76,4,51,3,9,78,79,75,57,90,33,56,61,32,83,28,89
40,73,9,66,53,54,70,43,11,46,49,81,31,92,69,46,82,63,76,81,64,94,30,37,45,57,44,40,38,54,16,46,17,93,22,3,9,20,19,5,60,60,82,95,12,73,3,0,14,12,74,60,84,67,6,15,70,73,39,86,6,93,81,74,0,15,73,92,49,22,63,79,58,16,34,27,1,55,93,71,19,4,99,66,25,84,58,57,85,27,50,57,33,73,88,92,79,7,94,11
92,26,89,51,39,53,26,17,63,12,63,57,45,66,61,54,39,15,43,13,73,79,75,83,83,80,53,88,37,66,22,46,11,34,30,7,96,80,21,80,41,82,56,36,48,67,8,45,99,9,41,41,56,4,65,32,51,15,8,10,82,40,16,61,25,63,62,46,37,87,83,97,4,75,30,70,80,94,74,18,53,38,72,91,57,86,48,25,49,17,5,23,42,39,16,38,51,17,25,28
71,6,52,8,35,77,15,37,93,60,65,6,60,26,4,50,56,78,0,10,66,48,23,33,33,94,18,51,49,60,46,37,32,0,69,88,3,73,96,44,83,83,76,25,33,53,12,95,93,55,58,95,90,63,92,46,95,62,87,88,26,91,75,34,66,9,77,70,64,64,0,36,14,42,99,18,19,26,22,36,96,25,25,79,40,74,38,81,0,73,42,10,66,76,54,25,55,18,16,69
69,48,41,79,34,94,51,91,27,11,56,39,57,49,37,51,85,20,45,22,80,55,71,25,46,70,32,68,65,90,82,79,90,14,41,23,51,82,31,97,92,15,66,98,44,7,19,75,56,23,79,73,31,38,71,29,50,96,40,5,58,18,4,85,48,33,49,18,29,43,43,83,7,57,70,47,9,69,30,54,54,85,30,98,73,73,33,65,89,80,72,62,64,37,21,58,31,11,40,90
76,15,48,59,63,31,14,53,68,86,74,33,38,87,88,29,47,89,69,26,67,24,70,39,81,67,10,92,34,47,4,62,49,93,44,45,65,43,55,57,49,55,40,11,77,33,46,43,67,80,67,92,33,45,63,66,55,97,9,36,50,5,23,14,66,71,66,7,28,6,61,9,92,70,98,17,67,35,63,59,70,98,28,54,63,3,79,56,40,70,96,73,54,80,34,67,24,57,95,31
29,56,24,30,81,50,38,31,19,93,74,13,40,2,59,73,44,35,37,10,70,50,86,37,62,93,33,59,79,55,84,62,72,69,3,73,68,48,64,60,65,67,10,93,54,20,88,40,61,86,70,15,80,82,36,17,32,61,64,44,28,74,6,91,48,61,79,25,37,79,74,86,70,9,44,15,58,21,0,96,81,3,87,66,77,2,96,32,61,58,2,89,5,54,61,79,93,20,32,94
61,96,46,98,90,11,20,39,93,0,61,21,25,17,1,26,75,25,44,4,68,65,5,90,28,77,95,93,12,98,78,88,74,78,67,99,0,80,1,46,68,69,18,75,12,28,63,80,57,39,8,70,90,22,31,83,15,37,98,91,5,10,41,39,33,53,10,95,48,86,97,95,65,57,72,65,23,95,48,73,67,76,62,5,22,5,72,40,43,46,13,91,19,54,80,4,59,54,98,23
19,11,10,86,70,83,85,55,45,76,95,10,77,41,72,2,34,2,82,34,37,95,44,13,91,40,92,73,70,48,47,50,65,44,9,71,13,20,60,11,23,73,21,89,87,66,13,97,58,81,47,3,79,60,64,3,28,86,81,56,3,44,61,57,61,21,89,2,36,83,9,87,65,60,14,28,36,18,78,29,79,45,32,37,31,14,0,59,23,26,47,56,35,41,60,52,16,55,88,87
77,77,40,36,34,91,57,82,14,89,69,95,21,72,29,15,4,64,68,61,47,69,45,49,76,39,37,10,65,16,40,27,22,96,74,21,94,79,95,87,20,39,28,7,39,16,34,5,85,27,48,58,45,7,12,39,64,39,19,8,69,56,54,20,46,95,38,59,66,8,13,84,30,22,35,28,37,71,62,7,0,50,41,26,4,88,8,7,45,77,75,74,35,25,62,36,40,59,5,50
54,54,65,3,16,99,16,67,64,43,59,37,27,81,34,13,65,96,41,51,97,11,11,23,4,82,96,70,2,47,73,85,57,57,19,62,51,12,73,4,28,65,27,40,36,97,35,50,11,11,39,65,34,87,85,24,56,55,43,98,55,80,24,21,96,96,53,43,93,24,37,6,8,89,22,71,82,10,69,86,63,12,9,12,2,69,37,53,25,83,20,32,18,0,61,94,58,53,57,44
47,24,77,10,37,19,18,38,37,34,46,60,28,65,8,28,28,60,97,13,10,84,71,73,81,94,9,67,39,55,88,24,45,7,31,16,14,71,5,57,12,59,89,74,67,48,84,85,83,56,71,53,49,20,52,43,11,15,78,85,77,25,42,0,11,53,25,99,4,5,32,4,61,49,83,61,28,27,85,11,9,66,26,49,78,56,31,44,12,18,59,84,81,28,22,90,97,47,22,52
50,57,3,87,59,7,34,76,26,44,35,39,17,73,90,28,46,72,11,79,24,64,41,67,86,37,70,32,56,40,11,23,85,46,22,22,22,25,97,45,45,28,33,63,38,53,12,67,41,5,93,48,79,28,77,91,10,22,44,76,22,53,87,99,20,58,21,18,50,51,72,1,55,12,68,57,2,71,63,78,6,1,41,19,93,10,96,20,57,60,73,0,40,13,90,33,44,71,87,14
75,31,67,51,21,14,64,20,64,86,51,20,38,48,99,65,57,79,26,81,32,39,41,63,63,57,12,57,76,51,5,46,13,6,63,52,49,91,16,72,12,59,49,38,0,76,6,24,17,94,69,43,82,67,99,77,13,36,70,50,41,48,71,46,68,26,19,16,71,30,30,25,26,69,64,39,96,64,11,82,13,72,75,2,16,72,72,19,39,50,59,33,14,51,52,66,64,22,12,99
50,49,4,12,66,29,60,0,24,32,46,26,47,32,27,21,34,17,85,99,46,8,47,29,56,96,30,15,9,27,28,52,55,7,95,43,96,62,61,45,77,47,31,64,68,34,73,45,99,52,67,27,88,69,66,43,87,47,27,31,95,44,89,7,25,19,47,56,64,72,32,22,38,2,50,76,72,91,14,74,15,36,9,46,11,97,65,59,10,4,40,44,26,98,62,74,21,63,39,6
2,80,72,82,68,6,66,30,31,22,40,91,43,80,25,52,41,45,59,49,98,59,85,73,34,15,28,27,14,13,8,1,30,97,25,78,78,5,84,66,93,4,34,5,35,73,57,69,92,73,69,8,42,63,97,86,80,74,18,7,5,23,27,61,92,83,39,1,58,56,76,57,38,28,53,19,82,44,75,37,50,31,77,65,34,98,21,35,18,13,12,45,38,87,17,95,76,63,63,89
76,55,42,98,27,22,51,34,1,63,27,44,81,54,49,87,23,62,14,80,81,84,70,74,91,46,21,33,38,49,36,75,5,82,25,37,2,91,59,90,91,71,59,59,76,23,96,79,73,49,21,34,61,71,45,50,15,88,98,33,58,68,98,54,44,73,94,26,16,54,9,7,4,40,29,25,62,8,67,29,11,49,17,51,43,15,52,0,92,65,31,50,25,40,18,4,34,12,42,41
82,0,41,28,58,34,78,94,1,53,44,41,54,47,32,5,61,44,71,9,46,29,13,12,77,13,91,2,19,78,70,62,94,44,60,58,94,36,22,26,92,92,29,22,21,39,84,87,60,36,30,9,30,83,52,27,75,48,17,7,86,97,45,6,61,67,61,16,43,64,29,85,39,40,86,92,9,41,35,41,1,1,6,11,56,81,75,43,59,17,92,44,72,11,77,84,24,83,97,51
35,37,26,87,54,26,77,65,22,17,29,96,90,43,90,0,99,5,35,76,62,38,81,1,84,22,31,32,33,3,98,67,6,90,87,1,20,64,76,43,51,55,40,14,65,21,50,63,56,5,5,99,26,98,51,57,82,60,55,66,50,16,58,63,5,68,98,2,7,38,90,31,24,15,38,81,72,19,51,86,18,47,58,59,64,74,34,61,4,54,37,42,65,33,57,41,51,76,19,25
82,38,68,20,82,9,96,83,77,6,88,67,6,24,17,92,53,24,19,13,67,52,85,64,96,83,45,98,37,56,8,36,81,35,4,91,48,24,94,62,10,97,81,78,11,41,65,18,55,28,93,45,78,74,38,93,49,76,88,33,31,73,87,78,72,50,72,76,11,62,48,5,37,5,58,80,2,92,73,37,12,13,80,76,30,64,45,79,98,83,97,48,32,31,89,44,31,13,40,2
3,73,89,73,77,45,72,13,42,30,14,9,30,27,92,50,34,54,30,72,94,49,76,28,60,50,38,44,14,68,18,50,39,14,23,4,33,50,58,73,68,71,20,23,11,55,42,61,15,36,12,3,84,9,78,24,25,50,50,16,73,54,96,64,12,2,20,11,27,2,40,3,23,34,86,10,62,56,97,83,68,66,73,80,58,16,34,5,48,67,81,11,44,55,21,59,41,71,68,59
54,0,75,68,16,85,18,41,54,94,81,68,87,43,91,11,67,29,32,59,31,0,90,5,11,64,46,72,18,6,77,67,70,89,78,87,22,87,18,22,65,70,87,42,64,85,39,97,3,64,56,17,34,71,54,78,47,4,17,43,33,63,9,7,74,19,5,62,62,79,75,29,61,71,58,54,4,2,81,44,61,46,51,48,84,74,37,2,86,87,8,55,3,53,10,87,60,26,12,66
88,11,84,60,24,62,42,43,47,15,20,50,63,38,92,80,50,47,74,65,13,18,70,13,31,94,14,99,55,77,24,54,63,37,31,24,5,34,87,91,24,64,42,62,4,8,96,80,99,60,47,4,92,28,80,57,94,49,49,80,95,60,56,68,39,34,46,22,32,59,18,99,71,21,65,0,72,33,85,61,28,46,34,46,56,22,13,82,43,41,21,77,84,60,28,33,6,70,22,97
96,2,38,15,57,38,30,8,35,89,81,15,52,89,4,50,43,39,65,89,16,64,92,65,78,56,29,16,73,49,15,57,87,75,91,58,42,39,60,79,49,11,59,53,88,57,21,90,38,80,92,37,97,8,35,50,57,44,33,26,14,59,93,58,52,4,69,9,37,68,41,35,42,19,44,20,0,94,52,58,66,11,43,40,83,86,50,91,41,13,75,15,65,92,27,60,15,11,65,8
47,21,35,54,58,1,82,95,23,56,38,8,73,67,29,43,57,18,80,65,58,82,80,75,77,68,82,28,64,20,10,90,59,25,63,95,81,98,91,88,45,47,19,57,40,90,22,61,16,76,63,66,88,20,26,45,55,82,34,68,91,46,88,0,82,18,21,2,71,62,87,57,51,62,55,30,68,16,94,44,44,88,17,92,47,10,59,54,70,12,11,74,72,81,64,93,19,62,4,91
36,60,88,38,85,79,74,78,71,45,78,49,8,38,67,49,91,89,82,21,79,29,45,81,27,18,89,14,23,63,82,82,48,4,52,88,42,0,3,21,47,66,85,88,48,90,65,15,72,44,4,59,5,44,95,41,24,52,67,99,77,79,21,39,12,86,90,19,38,94,28,19,3,59,36,92,22,0,30,61,3,51,7,16,77,42,46,66,27,20,67,68,26,23,6,91,22,11,51,35
86,42,91,80,82,42,85,50,99,7,56,67,34,67,86,23,91,99,58,24,24,53,75,44,81,59,64,5,23,63,97,31,26,78,56,21,54,69,30,45,29,61,61,38,82,11,81,93,54,11,66,24,51,23,1,4,55,51,45,13,59,57,54,8,89,91,33,92,33,64,10,86,44,68,30,20,23,59,69,18,90,62,64,76,5,59,81,59,44,51,87,27,15,73,26,45,80,17,40,43
25,34,70,93,79,98,50,79,34,64,65,53,48,48,78,62,40,96,69,66,35,23,43,47,21,36,7,27,30,40,94,93,53,3,40,41,39,33,7,2,5,50,97,31,67,73,61,93,61,3,91,73,40,30,61,29,74,61,19,62,88,43,99,14,5,0,14,0,23,38,11,77,1,75,90,40,29,41,37,85,52,43,78,83,88,6,1,38,91,64,61,66,69,96,87,98,56,76,52,11
60,89,63,68,35,78,18,71,75,80,85,7,46,0,63,18,27,65,66,41,18,66,5,54,82,78,17,46,88,88,68,5,41,38,7,71,89,24,35,65,95,13,39,89,25,7,9,95,60,25,21,18,21,34,64,63,87,56,91,40,48,75,12,28,11,21,22,43,21,11,93,54,61,70,37,49,74,27,52,49,44,96,78,53,90,5,37,48,11,52,3,98,72,41,31,85,10,81,49,78
33,58,50,45,36,61,64,30,74,33,24,70,42,7,57,70,75,90,28,46,62,96,73,31,60,75,46,7,73,40,13,10,7,46,44,23,37,35,0,51,3,60,81,86,15,26,29,77,74,78,10,85,41,73,71,19,96,40,63,31,92,37,15,58,37,14,62,35,59,32,92,91,31,88,84,19,10,69,76,99,9,55,42,24,43,35,39,18,20,97,0,5,68,63,86,82,21,43,45,35
15,52,41,3,0,46,60,63,36,76,28,94,10,32,40,40,25,14,50,88,56,69,21,44,29,23,9,62,74,44,3,8,76,43,15,32,84,57,34,19,32,95,85,4,31,35,8,33,3,58,80,17,0,97,32,85,98,22,39,66,23,42,94,33,47,49,70,71,53,58,28,78,83,54,45,56,79,44,3,99,64,67,33,34,84,95,39,24,19,50,5,43,46,7,18,52,11,78,98,34
17,40,92,61,28,33,79,42,10,67,36,49,65,29,84,54,68,38,57,52,34,28,59,8,30,90,73,70,37,18,98,71,18,35,50,76,44,27,54,78,55,97,35,7,93,51,55,41,20,87,39,90,68,8,48,60,67,36,45,27,1,84,99,9,38,64,12,54,51,62,71,21,64,1,4,7,57,3,24,63,56,68,59,50,19,38,86,33,92,27,45,54,58,66,77,32,92,26,80,80
31,28,33,69,12,48,0,67,92,43,68,52,72,97,47,59,51,74,7,71,91,91,61,92,84,46,12,77,47,62,97,85,23,58,78,24,35,73,82,99,55,25,86,13,37,65,10,62,91,7,64,12,95,31,94,40,80,86,39,30,49,43,43,91,53,44,52,85,41,81,10,65,25,59,48,0,77,8,69,26,88,91,52,69,68,95,91,27,82,4,8,5,77,54,83,8,90,42,36,96
65,63,5,63,51,90,32,23,77,83,7,85,10,85,85,87,58,84,4,13,25,97,57,21,35,34,12,96,53,44,86,93,89,87,78,49,84,54,43,29,18,5,28,25,75,92,93,89,5,77,10,1,97,5,10,58,47,59,34,24,38,66,42,89,36,38,25,0,85,95,60,14,22,70,68,14,2,21,73,99,5,90,4,41,11,40,1,20,20,58,66,92,34,56,23,2,62,63,2,68
57,41,9,10,10,23,28,81,93,41,69,69,90,84,94,98,35,90,5,63,72,46,3,0,69,26,51,10,19,39,22,1,89,12,32,53,87,56,95,82,12,54,41,99,48,22,32,43,36,78,89,91,74,43,57,75,58,51,20,0,23,97,96,82,41,56,26,76,55,15,9,53,64,57,68,42,79,33,43,78,27,34,90,25,50,22,88,66,90,37,90,60,3,53,72,76,32,4,67,77
64,82,42,69,81,94,3,44,79,60,70,68,95,81,7,60,0,31,73,29,16,62,11,98,69,48,3,31,34,6,15,22,4,65,87,99,22,21,94,67,52,60,5,20,13,42,66,75,84,4,27,67,65,28,45,2,2,13,80,10,92,92,45,18,33,11,55,26,63,73,13,38,26,60,8,23,88,99,37,77,74,47,82,93,60,93,57,56,14,17,51,62,26,60,74,13,65,80,83,0
57,8,7,93,69,48,72,9,49,74,1,71,2,40,90,34,82,70,87,9,17,7,72,74,39,36,10,39,50,41,9,98,80,17,98,52,74,73,16,45,16,16,58,2,8,42,92,87,63,43,31,60,39,83,84,72,24,65,73,57,10,33,87,11,59,91,16,19,43,38,85,4,64,65,12,51,61,5,27,52,82,56,76,29,29,50,62,45,68,27,19,50,83,37,32,81,23,8,66,83
41,35,37,50,9,57,86,48,23,26,43,40,99,13,76,96,5,63,46,68,52,74,71,85,12,28,65,37,35,94,43,78,89,97,54,50,44,20,42,15,19,32,97,21,39,14,29,49,60,11,13,51,7,50,62,8,25,70,68,66,64,86,73,10,81,20,23,17,5,58,70,39,21,80,56,40,54,94,72,68,7,73,98,35,58,79,20,54,1,64,47,25,73,60,98,78,58,54,81,23
67,19,62,60,37,5,96,84,31,43,44,78,64,70,29,15,84,92,25,7,94,21,14,66,99,96,51,22,81,38,67,79,90,54,36,74,40,75,1,99,14,95,31,10,85,53,58,60,46,11,68,8,51,34,59,69,93,86,60,11,16,77,57,58,95,21,38,38,24,51,0,22,84,20,87,48,4,66,98,14,55,78,6,67,36,46,64,5,28,50,0,3,85,21,99,72,18,70,65,14
62,52,60,68,57,68,77,0,47,58,8,33,0,51,91,38,5,53,84,62,36,68,25,60,58,46,21,88,6,11,53,4,47,15,73,58,12,0,44,18,64,72,92,12,1,20,87,32,94,56,28,46,72,56,45,24,25,62,4,55,60,86,30,23,25,23,36,80,70,56,10,66,41,64,47,0,88,10,18,85,31,90,70,83,76,9,25,41,0,8,71,76,99,68,95,7,14,72,84,21
6,92,89,93,64,79,3,92,16,13,83,41,31,12,96,14,33,53,48,14,61,1,39,81,60,5,18,76,64,63,25,42,9,36,82,29,27,28,34,25,23,17,79,20,24,21,22,30,51,38,40,92,75,67,47,40,98,41,49,15,61,23,95,75,30,52,53,60,37,92,12,99,46,10,82,55,90,21,74,56,77,17,95,81,93,46,27,93,10,92,56,74,55,49,59,51,42,48,18,17
57,18,67,85,80,60,20,64,91,25,74,72,91,46,38,18,49,16,23,13,47,46,73,75,52,96,0,63,48,23,68,84,65,39,45,20,45,55,24,97,20,8,33,29,30,77,25,40,74,48,95,76,18,62,74,85,19,77,6,11,85,67,64,93,24,50,86,48,86,55,16,9,29,83,60,12,30,26,75,74,99,7,64,30,71,2,13,68,95,6,78,14,33,46,14,65,37,39,76,88
87,19,70,56,26,45,69,88,26,81,50,76,98,79,49,66,73,0,31,28,42,62,83,25,31,46,6,98,18,43,89,89,71,69,10,94,71,79,18,15,51,34,8,86,46,4,43,77,56,74,91,89,19,82,69,52,27,41,92,58,70,37,96,31,7,63,42,8,68,88,78,59,36,49,10,92,35,93,36,34,77,74,64,32,65,45,72,86,38,76,23,48,5,29,9,53,66,62,8,16
10,80,82,96,74,10,55,95,53,70,18,46,36,17,57,36,62,8,9,80,28,35,84,4,23,4,53,20,69,54,34,28,79,32,81,32,36,8,9,42,48,76,37,29,96,72,39,56,29,9,79,90,48,98,79,50,56,90,59,88,40,27,42,31,4,15,55,69,87,52,2,8,92,62,27,63,41,53,50,2,22,15,10,71,63,61,8,83,0,86,43,80,49,45,68,53,50,33,32,71
11,71,51,7,1,80,10,67,56,49,73,77,17,67,6,64,8,80,66,77,47,36,17,85,75,64,34,22,79,31,77,63,42,31,28,26,67,31,45,57,65,39,26,2,73,4,80,20,11,27,62,10,49,84,66,11,28,20,26,18,60,28,73,89,3,57,49,58,98,50,60,11,75,41,67,23,96,55,43,93,42,69,64,61,62,15,61,93,16,45,85,46,70,97,36,97,80,73,81,61
6,46,48,27,39,14,85,78,89,19,87,16,50,76,84,70,30,85,2,80,32,2,91,85,99,81,58,70,33,27,93,53,75,82,60,42,32,77,92,81,88,28,21,72,62,82,10,41,25,77,34,71,40,57,72,70,77,73,96,17,35,51,49,88,5,19,96,83,71,48,87,58,37,79,92,67,99,33,37,90,83,3,96,68,71,16,47,55,18,92,85,77,82,45,77,20,0,80,81,95
23,73,52,24,64,47,64,18,16,87,70,33,76,43,88,36,13,49,53,35,48,6,42,99,41,5,89,48,88,97,25,30,45,58,49,95,25,36,90,40,95,49,41,39,85,98,90,34,48,78,98,27,18,48,97,87,29,26,84,40,6,27,47,71,13,69,99,40,9,47,80,91,16,71,6,51,72,8,31,44,89,48,98,33,63,65,24,13,17,90,31,61,96,77,0,39,34,39,25,77
18,88,20,20,4,61,24,85,90,84,54,35,62,79,45,39,89,18,86,44,62,31,54,45,7,27,41,46,52,48,13,16,37,41,34,78,66,87,8,97,96,82,99,3,47,79,58,31,27,14,36,97,83,38,88,58,8,10,35,7,28,52,97,64,10,97,36,23,27,16,94,15,52,71,31,67,55,0,18,39,16,37,76,3,93,40,91,31,1,58,42,99,66,51,2,57,25,17,8,44
63,10,90,63,27,14,25,35,11,6,25,74,30,20,32,47,91,71,77,80,51,41,72,10,21,28,20,59,23,83,33,76,49,60,4,22,98,59,93,65,35,76,95,65,0,6,44,13,94,16,47,77,23,18,95,3,93,61,46,2,10,67,8,40,50,5,95,51,79,7,35,63,17,80,83,50,86,0,82,16,49,91,57,22,11,2,26,67,11,32,86,27,99,79,92,12,45,79,48,93
72,49,72,62,0,81,98,27,75,17,28,90,25,8,62,87,13,15,17,26,47,7,78,0,47,62,1,27,94,0,15,39,39,70,47,49,50,54,84,98,97,13,9,84,81,18,72,57,7,9,33,87,68,40,47,91,72,33,95,66,15,65,60,26,38,57,24,65,31,60,93,69,67,25,86,13,62,87,65,39,99,98,13,51,31,16,8,11,75,98,78,61,65,82,35,83,39,15,35,54
36,3,33,7,69,72,65,75,36,5,18,69,75,37,81,58,51,36,55,68,33,93,31,0,23,91,27,42,96,55,97,92,97,4,59,36,39,43,8,86,98,78,98,91,97,51,41,95,25,38,14,54,4,8,93,42,86,52,97,60,63,21,9,54,13,69,76,56,61,17,7,48,8,0,15,33,28,2,22,3,8,55,10,6,86,42,93,79,97,93,17,76,58,10,72,68,68,3,0,96
7,42,64,55,23,13,91,55,99,66,3,61,25,75,7,86,10,76,81,21,81,94,54,82,0,61,0,16,95,45,71,27,69,95,41,3,79,39,39,86,4,45,84,58,15,9,20,76,31,44,55,62,97,70,18,14,88,98,95,96,50,81,16,80,23,23,97,38,31,99,55,41,66,2,46,78,7,35,39,79,43,18,27,26,63,99,43,76,20,42,64,52,64,14,97,69,6,11,69,94
12,29,70,31,8,46,59,5,97,56,30,95,44,69,43,7,91,91,34,13,11,25,0,22,70,95,72,45,72,90,75,23,65,41,82,94,88,83,70,74,40,43,94,8,92,29,61,3,6,60,55,27,53,13,2,20,7,98,1,93,94,92,61,43,67,15,61,26,33,41,84,66,0,94,7,42,94,55,0,34,48,28,9,56,22,4,18,74,84,37,38,31,64,94,26,28,33,26,20,69
91,51,99,52,70,51,72,70,29,90,5,45,40,32,50,23,41,70,24,34,40,5,33,65,90,4,35,46,28,96,47,20,26,41,10,5,34,67,38,6,35,2,10,16,26,28,44,0,16,62,16,18,44,47,0,41,65,36,15,6,95,87,45,40,38,8,77,29,67,78,49,44,95,88,89,79,67,36,40,67,94,88,3,6,67,37,16,61,3,36,86,12,31,13,43,16,83,43,56,16
69,28,97,27,9,80,5,53,63,76,85,60,35,33,97,60,22,8,16,36,17,36,88,52,7,4,9,96,49,10,56,89,30,17,50,71,9,48,67,15,33,52,37,68,71,12,68,86,28,88,7,50,20,55,10,85,20,33,39,24,40,70,4,93,47,65,11,12,55,74,14,41,78,40,86,78,10,98,46,80,58,24,4,84,86,5,43,72,70,41,41,36,32,94,69,47,6,28,73,7
91,70,22,94,97,3,9,14,44,6,22,63,40,78,84,68,21,59,95,57,60,70,54,60,5,47,69,80,67,41,60,62,97,83,31,79,27,63,6,27,37,96,60,7,57,41,71,24,15,44,94,63,98,21,59,33,75,84,38,80,73,66,32,19,93,45,94,35,95,62,44,32,22,21,65,40,1,88,49,67,26,49,77,23,1,94,68,22,50,30,39,82,13,54,13,9,67,37,2,55
50,77,49,70,45,96,83,37,61,53,73,53,88,93,59,64,57,96,13,55,58,88,77,63,39,20,22,64,47,26,19,43,91,69,43,2,35,22,89,11,29,62,80,34,31,20,5,67,33,69,54,56,35,98,51,35,9,93,0,12,69,9,13,87,39,24,47,25,96,82,44,26,80,36,78,10,13,99,53,48,2,48,58,1,18,41,81,77,86,5,75,14,69,1,77,34,97,59,8,34
76,24,78,53,31,15,7,45,84,5,61,91,15,0,22,66,33,4,7,38,36,24,31,80,39,78,54,69,58,50,60,97,36,33,18,21,21,51,94,28,19,46,4,71,28,14,26,0,25,27,90,66,55,22,3,48,35,89,56,11,54,61,1,54,18,45,20,85,11,8,41,74,37,83,75,25,99,39,90,45,55,3,93,4,0,27,36,32,21,97,32,97,92,31,96,37,55,66,52,54
8,90,14,7,96,92,20,12,1,37,85,75,37,84,12,73,71,27,78,18,58,2,81,83,88,38,65,10,80,74,87,36,73,93,22,15,7,8,45,73,1,49,40,77,64,72,99,13,27,46,65,2,12,93,7,97,43,69,27,30,75,65,92,35,89,45,8,34,82,27,78,16,77,55,15,63,49,18,63,71,84,72,5,10,84,18,42,50,61,71,52,32,66,50,24,22,53,53,34,60
52,33,37,68,93,99,26,26,26,11,75,88,7,60,49,71,46,4,31,6,1,26,90,83,27,97,29,57,64,95,98,82,23,35,16,6,46,21,8,4,61,69,59,28,84,44,22,74,3,95,5,95,92,28,26,13,55,43,97,90,95,69,21,10,50,73,30,82,39,97,55,15,0,88,72,26,22,58,24,2,37,55,12,95,13,98,24,98,19,91,64,91,82,92,31,6,33,82,4,91
93,78,13,85,13,10,33,59,14,31,47,27,18,86,73,63,93,56,15,96,22,61,68,81,52,97,68,69,8,98,92,47,24,2,51,52,6,22,74,95,51,31,18,37,76,77,23,70,79,26,96,72,91,54,19,47,93,78,71,15,87,93,48,67,15,99,13,11,77,81,59,13,6,90,58,0,77,34,54,1,16,44,80,75,44,17,56,38,46,0,53,81,10,68,52,50,10,3,30,26
92,49,17,46,22,72,55,64,39,92,46,4,3,94,76,0,51,35,75,98,63,91,2,97,89,71,94,90,46,36,47,14,65,14,35,9,72,29,9,14,72,44,60,38,9,28,51,63,50,59,45,42,95,2,58,49,4,65,88,83,43,35,92,57,91,70,33,80,63,97,8,97,82,21,59,88,9,17,63,56,8,22,25,71,2,55,92,8,59,46,13,51,56,88,1,5,46,44,84,84
