27,21,70,23,67,5,22,46,81,80,71,70,36,3,79,7,84,37,91,80,31,27,49,69,73,2,60,32,52,59,41,96,96,9,90,9,81,91,64,99,43,36,2,33,10,57,50,65,94,82,12,8,14,42,38,80,65,74,48,35,12,73,91,23,80,21,90,39,23,64,60,25,46,65,81,52,53,64,17,94,62,71,23,60,8,19,55,15,64,90,6,56,75,57,72,55,28,74,72,59
89,77,32,34,9,77,55,72,37,22,92,54,79,66,14,6,16,49,62,66,89,70,50,47,49,39,67,87,95,96,89,83,44,89,39,55,33,58,70,96,33,17,4,77,61,96,70,61,26,12,79,8,1,46,63,13,46,40,8,9,98,95,49,58,42,33,9,27,73,10,96,16,67,53,88,58,5,93,42,41,34,45,96,70,87,57,83,16,74,27,15,11,72,51,59,8,85,55,71,80
38,99,6,44,30,25,8,54,51,9,64,86,27,87,11,84,16,65,88,78,5,48,9,37,22,88,56,34,83,30,4,71,60,14,23,68,47,29,84,80,10,83,46,41,51,22,27,57,55,37,3,54,75,16,57,61,72,18,0,90,21,27,0,4,10,27,77,93,4,2,53,89,23,37,73,92,61,79,92,90,8,60,76,32,80,99,31,24,13,12,15,94,20,45,20,42,32,2,18,13
82,15,10,89,37,14,12,53,69,22,83,66,81,12,31,12,64,80,36,73,65,48,9,25,6,29,82,30,15,43,7,30,61,4,63,59,45,1,85,67,75,69,95,19,40,7,47,82,20,27,51,22,5,84,17,11,33,89,45,27,87,6,7,87,1,22,8,60,38,47,98,22,95,43,16,86,17,10,69,50,2,9,72,76,77,9,41,0,43,36,90,18,39,55,44,48,74,13,2,24
57,17,76,90,18,89,63,94,57,81,29,13,79,49,15,55,24,64,3,0,6,43,46,47,91,97,72,61,16,95,84,82,78,77,75,64,58,85,2,69,47,12,7,22,43,55,57,94,99,47,87,3,25,65,94,46,69,10,60,54,64,46,26,19,32,84,91,86,48,26,75,80,60,75,10,97,34,88,1,46,85,43,79,34,23,79,38,10,34,68,88,0,68,30,77,59,7,42,23,10
68,85,14,66,16,42,27,42,5,27,19,50,55,16,49,20,22,40,48,24,69,8,56,49,65,22,52,97,52,19,69,59,66,5,57,92,54,73,58,53,86,49,32,55,92,2,18,1,17,0,94,11,7,11,51,11,0,38,67,50,91,39,71,17,62,75,78,82,30,76,71,62,34,61,51,25,49,57,94,13,60,56,7,48,43,75,42,33,99,47,91,34,99,65,53,20,53,74,72,36
33,30,86,46,94,15,68,76,9,36,57,40,42,47,35,59,18,77,57,71,79,0,26,60,52,71,5,80,89,54,36,29,63,1,74,20,36,48,99,51,93,5,58,2,29,78,23,99,35,41,68,90,77,94,86,57,7,4,1,97,67,4,4,85,71,79,48,24,14,67,41,47,80,74,10,76,48,64,33,1,0,82,87,24,67,92,11,81,84,31,78,72,24,23,22,98,34,53,12,70
34,69,65,99,47,1,65,24,75,77,48,97,61,34,25,71,71,74,23,23,18,81,0,44,14,56,74,50,75,36,94,22,58,89,75,32,85,80,51,28,30,74,9,31,55,48,67,61,35,69,72,16,66,67,55,33,34,70,94,54,78,10,5,24,16,48,71,30,3,8,72,19,53,90,94,34,93,43,1,16,9,44,89,12,19,3,18,63,21,2,0,33,89,68,75,89,50,13,50,52
81,13,3,69,24,78,66,74,28,25,31,95,28,24,87,62,94,54,43,78,65,86,47,72,5,86,94,55,67,20,87,23,62,15,57,27,79,1,73,13,8,36,12,7,67,40,12,99,18,32,48,46,76,17,44,63,37,95,19,72,14,10,87,83,23,82,38,59,82,99,20,33,88,50,54,34,0,36,30,30,32,77,54,12,33,80,57,9,55,57,9,55,41,10,68,47,95,70,26,51
57,69,77,94,97,37,79,57,46,17,1,61,55,13,60,75,27,73,32,87,99,71,78,56,55,48,36,76,90,39,92,90,48,59,90,98,66,14,91,53,4,54,43,73,60,75,67,18,88,8,81,17,14,36,36,67,71,61,10,10,77,0,42,28,19,27,91,67,47,33,28,37,76,64,46,17,11,37,92,79,2,68,90,74,31,6,28,29,19,17,3,20,88,71,98,25,54,91,27,53
14,86,88,17,5,78,25,79,3,57,25,98,75,77,17,31,99,75,50,24,26,50,62,11,98,86,5,9,17,95,49,14,20,69,60,9,71,8,45,76,80,93,30,69,78,76,37,28,54,84,73,90,60,59,51,43,36,3,22,28,65,2,12,87,24,45,36,17,38,63,20,15,51,19,5,77,26,40,30,72,15,50,6,98,21,49,98,11,9,52,47,15,92,48,73,11,59,76,8,58
22,7,72,42,68,68,56,19,25,9,33,24,58,51,34,52,61,14,92,96,50,62,18,41,7,62,10,48,56,96,12,11,54,74,52,6,18,28,44,26,6,24,49,3,48,48,62,68,16,93,71,62,51,9,96,37,86,3,54,23,37,55,39,59,60,30,33,42,81,59,9,66,9,8,14,43,25,61,73,15,30,79,86,76,58,25,88,61,46,19,57,92,34,67,14,4,43,19,66,44
86,21,47,43,6,62,1,2,44,33,18,91,59,35,98,47,42,22,40,17,93,67,12,66,52,61,85,33,31,76,59,97,97,58,17,77,1,53,60,80,90,90,12,94,51,30,93,99,49,92,18,15,17,43,78,66,98,98,71,95,20,25,0,48,37,10,16,41,34,78,85,94,94,47,88,99,38,35,86,43,67,83,19,20,40,97,15,36,93,28,74,36,87,31,30,30,43,81,24,17
9,96,48,60,93,59,34,74,0,6,45,32,25,2,63,57,0,47,96,75,73,28,56,94,6,97,48,47,22,10,5,15,82,55,47,14,26,60,53,95,61,28,55,38,99,99,18,1,63,73,95,44,57,73,82,47,26,55,58,26,75,83,50,50,61,92,96,67,30,64,58,54,29,52,83,96,68,8,3,56,67,10,31,90,53,89,16,85,99,70,9,16,17,22,65,2,78,50,15,92
20,36,14,19,88,59,73,55,64,43,23,94,26,78,9,26,91,87,85,23,21,22,23,93,85,20,96,23,65,1,58,32,65,84,91,87,42,28,49,30,21,46,50,35,26,22,90,96,88,79,10,29,84,45,70,84,23,22,64,65,98,70,51,0,69,68,65,29,32,64,20,98,28,66,52,96,97,5,15,44,38,80,47,16,29,73,30,51,62,22,20,37,61,61,69,48,10,32,14,41
68,33,45,11,23,31,89,23,5,88,80,69,45,83,76,42,14,14,85,91,86,77,74,93,74,33,12,76,19,60,68,79,55,22,40,13,94,17,24,98,69,10,71,19,56,85,37,57,36,39,77,31,72,87,80,27,13,46,77,71,10,36,56,11,58,36,6,91,68,72,58,24,60,47,74,96,72,64,33,76,12,12,33,73,36,71,7,98,39,0,79,22,71,96,10,85,59,77,77,2
14,40,19,33,92,32,32,74,32,29,46,95,60,70,42,29,41,35,71,42,86,72,66,64,99,71,61,70,23,73,27,53,23,32,55,89,44,88,5,90,81,64,18,78,13,88,67,92,19,78,27,88,67,22,38,14,26,39,47,29,3,11,8,53,12,62,81,89,72,88,14,19,75,73,29,97,56,23,60,86,55,75,1,94,51,37,56,76,71,6,94,46,29,51,18,66,53,12,50,19
84,15,9,26,92,64,25,85,99,66,53,3,69,20,15,98,32,97,95,81,67,81,39,41,11,78,99,84,17,68,94,21,92,61,85,87,15,97,0,80,44,73,95,58,80,27,6,78,47,30,55,58,45,68,66,38,83,79,55,10,60,92,69,50,67,71,79,29,86,71,63,16,69,33,88,12,65,13,97,88,25,81,17,35,38,20,62,81,79,66,16,48,63,13,11,46,19,16,89,89
61,60,90,24,52,81,47,77,35,67,94,95,68,74,84,19,61,15,20,91,21,88,4,16,50,43,79,41,11,81,98,87,21,46,69,40,36,54,69,96,23,55,47,96,94,40,80,67,43,66,84,6,95,61,6,56,44,70,46,87,55,69,66,18,82,75,75,28,60,15,84,98,28,78,89,85,89,43,49,15,87,20,2,16,20,91,2,17,81,38,40,28,19,12,18,67,19,9,42,96
86,8,87,58,79,47,84,4,31,16,40,14,98,15,34,20,71,8,37,50,98,75,49,29,24,71,0,90,85,37,60,53,61,10,86,74,55,68,95,35,22,34,96,81,23,70,91,50,42,84,58,4,7,89,76,41,60,77,54,54,3,55,25,78,92,36,65,68,9,96,40,76,36,13,41,80,11,24,7,50,0,78,45,51,27,92,11,96,92,11,24,12,25,23,71,98,41,3,5,48
21,47,25,30,36,58,60,90,42,75,12,9,93,10,51,54,59,39,48,34,68,80,53,84,5,77,24,35,51,14,81,79,90,24,47,97,37,44,79,12,63,53,66,49,0,97,98,66,10,28,7,35,32,25,24,57,56,93,30,85,14,69,70,85,8,12,30,46,73,32,40,26,14,47,87,4,31,58,64,19,61,69,42,63,40,88,60,64,84,59,14,86,70,53,31,14,32,84,81,83
19,25,27,15,48,22,21,37,5,22,85,52,99,39,95,7,73,8,34,57,13,14,59,31,74,38,79,93,22,62,1,66,94,15,78,96,77,80,77,76,50,48,55,70,29,62,80,18,5,54,48,83,11,24,72,85,80,66,21,94,81,55,10,46,20,11,15,97,40,22,99,65,30,64,88,49,2,11,11,8,25,65,13,95,92,43,84,75,59,47,90,39,81,51,92,2,36,1,50,93
33,99,55,97,69,43,63,16,71,88,80,49,6,66,81,1,51,49,12,17,51,89,20,2,15,26,71,29,46,19,93,1,57,53,96,50,79,28,49,24,67,81,9,77,74,95,9,24,10,72,20,31,64,91,66,80,43,72,78,92,62,35,74,80,88,23,15,70,32,20,9,68,59,48,84,36,90,43,8,33,77,93,55,89,74,65,61,88,20,69,39,96,80,73,84,84,53,13,40,4
8,70,75,74,23,68,30,95,19,63,70,91,1,84,91,79,97,36,7,67,19,48,56,30,48,96,87,22,41,90,91,59,27,98,67,40,46,33,99,44,63,58,92,72,86,81,82,94,6,99,22,1,23,95,85,49,22,8,16,73,7,95,44,94,33,5,17,46,48,98,7,21,40,61,69,33,7,76,41,49,15,62,69,49,73,84,28,56,66,26,18,59,28,33,22,62,14,98,50,33
78,80,97,5,60,59,93,41,80,13,68,36,21,14,17,29,33,5,75,77,84,97,53,69,84,18,58,0,31,38,65,73,36,8,22,56,17,0,4,18,50,39,34,23,44,47,13,42,9,80,87,8,96,34,82,95,45,95,96,13,18,32,63,66,69,20,34,10,69,69,18,45,61,20,69,14,36,27,29,3,96,22,36,63,50,80,3,68,2,92,0,0,20,52,43,3,34,65,77,68
74,9,96,9,48,54,95,17,98,68,57,18,52,15,70,24,78,11,90,57,73,73,53,89,73,43,40,77,50,7,79,8,79,81,82,96,28,47,40,25,92,38,86,59,73,59,92,5,36,52,27,5,26,74,69,0,34,64,25,67,46,82,75,20,63,83,2,51,4,49,14,48,75,32,42,0,4,30,7,28,93,50,72,57,70,51,46,25,1,24,91,31,17,38,50,27,80,34,22,81
57,37,88,16,40,26,84,71,17,40,51,84,87,82,11,97,57,7,68,88,83,34,16,50,28,59,24,73,93,76,5,96,54,72,85,28,49,93,73,16,99,85,16,69,3,91,3,28,66,32,17,10,25,70,63,7,54,57,69,50,34,33,91,37,20,36,2,20,51,60,63,33,62,80,18,87,9,17,17,95,85,57,27,10,49,93,41,56,80,35,40,43,39,13,89,63,38,17,75,77
83,8,45,80,95,27,16,63,6,69,91,10,36,41,40,19,77,39,52,14,53,47,74,6,3,45,53,67,37,5,7,29,43,28,63,17,46,84,11,23,92,78,11,29,28,69,10,76,19,42,34,64,66,47,71,21,84,9,6,97,57,83,31,30,13,76,58,13,42,13,55,53,92,77,53,3,23,77,65,78,33,16,50,67,11,16,3,75,45,52,37,0,33,99,56,6,99,17,41,88
8,60,36,88,63,49,3,16,41,82,11,66,5,41,29,35,67,58,78,16,18,10,88,97,29,64,43,71,23,22,36,6,99,50,37,52,79,86,63,38,85,46,38,80,45,4,74,71,86,66,83,48,59,64,70,44,38,96,99,36,72,16,31,30,92,35,43,49,82,33,0,31,88,13,83,77,63,77,57,20,41,38,83,87,48,81,71,56,68,29,11,82,5,18,51,9,38,7,38,12
42,97,99,7,33,93,78,28,9,65,38,22,8,91,26,62,61,53,48,50,42,16,70,3,32,28,95,35,78,90,18,31,81,67,54,52,29,41,67,33,30,51,58,49,2,72,36,71,70,29,91,58,16,58,33,36,20,75,23,71,75,68,7,84,69,26,75,48,12,45,5,16,6,27,68,20,11,27,0,92,15,92,46,51,23,69,68,26,40,42,56,62,94,9,60,90,24,18,14,43
4,76,81,21,8,6,24,67,89,67,71,92,8,63,41,42,3,26,50,24,10,58,69,11,3,68,34,77,85,28,61,3,64,80,7,1,62,64,86,36,25,87,10,95,66,57,75,3,7,41,21,62,85,22,26,39,85,91,61,9,31,59,30,34,14,7,91,66,47,83,11,53,33,81,54,49,59,86,24,85,92,21,15,80,61,43,67,18,4,84,57,86,8,16,88,40,30,46,40,62
7,18,2,62,77,67,78,87,52,47,44,93,33,24,45,10,10,51,69,12,41,12,46,53,3,42,91,19,13,49,20,52,42,42,19,21,53,54,20,63,57,92,95,83,19,13,54,73,79,49,3,16,92,84,95,28,56,58,96,72,99,49,13,44,56,49,35,52,11,19,5,11,23,7,62,14,37,27,28,87,38,50,89,7,4,22,33,41,70,59,2,66,71,71,80,18,84,27,89,15
86,68,89,38,96,74,0,99,20,76,17,18,62,36,44,72,65,39,68,91,91,13,9,55,14,46,20,90,96,2,13,84,16,22,36,88,61,29,21,38,44,90,74,69,83,47,86,8,9,79,47,22,54,21,42,96,95,65,27,45,3,13,40,92,21,93,34,85,11,95,70,42,84,46,59,88,33,14,49,47,17,14,16,3,87,10,7,93,10,16,51,18,1,13,80,34,66,92,30,61
32,40,14,16,72,96,0,32,24,13,57,8,11,67,57,28,86,12,70,13,9,94,9,92,75,60,43,84,90,29,61,1,85,33,45,71,13,28,64,43,8,93,0,76,63,44,43,95,99,12,43,97,5,21,93,21,31,2,17,71,70,23,7,20,39,89,0,36,55,26,56,71,62,65,72,91,20,68,62,70,82,38,8,96,53,95,38,53,42,25,48,19,42,89,68,69,56,9,58,55
53,2,60,26,68,81,13,37,83,98,9,3,7,12,11,28,91,50,18,62,68,68,26,95,5,13,99,22,34,3,47,92,63,56,60,66,67,74,21,73,96,87,1,17,50,0,72,26,95,96,23,61,1,88,22,36,52,89,41,22,88,22,11,62,66,76,59,66,55,72,90,19,9,36,55,8,75,30,13,21,10,66,62,71,13,47,77,5,22,42,66,86,1,4,74,66,58,17,31,22
48,89,99,97,93,63,28,69,46,29,28,91,43,96,70,75,53,45,49,48,15,20,30,4,11,45,89,71,46,13,6,95,55,96,76,5,58,93,55,54,99,69,48,5,75,14,33,93,79,80,60,26,53,19,72,94,52,81,64,70,91,22,49,23,42,82,74,59,96,62,75,53,83,15,49,34,38,8,33,13,52,55,97,38,37,23,38,66,14,37,77,55,68,50,31,84,82,41,68,21
36,70,83,21,48,10,32,59,63,50,23,19,60,51,13,90,10,36,30,66,76,93,82,10,22,59,22,81,44,32,10,33,94,65,64,86,75,87,0,96,94,7,83,59,44,58,95,27,53,22,9,57,14,67,34,18,24,14,36,22,86,40,56,95,1,26,34,12,44,77,41,1,16,65,81,14,14,28,55,36,1,85,46,24,55,62,65,95,51,43,58,19,25,0,55,53,25,83,0,35
84,16,11,73,9,10,44,19,80,60,69,55,91,72,91,89,73,39,84,39,98,6,68,84,2,49,58,73,87,11,3,8,21,9,99,16,56,0,9,61,96,78,74,81,66,45,42,41,3,44,65,36,62,71,21,5,99,94,37,23,87,29,4,57,16,51,48,48,85,93,92,6,80,3,1,73,68,82,12,49,89,57,71,47,70,41,71,47,86,11,81,56,40,30,12,72,82,51,78,75
14,94,53,78,14,82,94,81,53,64,81,96,99,57,59,19,75,6,20,1,49,61,81,32,47,3,22,84,1,12,2,66,68,87,3,31,88,35,38,58,74,76,8,46,37,64,27,37,85,21,53,11,98,27,77,3,31,38,81,85,79,54,79,88,18,12,76,74,0,67,39,79,87,32,7,35,47,22,30,33,19,21,33,25,23,86,21,32,89,28,92,87,26,6,33,90,81,85,82,40
88,22,68,17,95,41,68,47,85,84,48,66,9,32,50,47,54,81,90,28,0,45,92,75,4,91,4,48,44,78,30,96,27,62,26,96,82,35,48,3,35,22,86,25,57,84,90,65,94,48,99,19,97,29,33,91,75,30,5,9,45,11,87,98,96,13,63,79,25,22,51,98,73,47,86,98,40,94,66,8,39,32,36,28,3,80,46,69,85,22,11,6,36,28,43,62,13,99,45,99
68,37,84,83,83,55,18,44,36,90,10,35,24,4,10,48,15,29,21,56,40,68,74,7,46,88,80,0,53,99,31,32,66,86,0,28,85,83,54,68,37,4,73,81,23,25,12,18,25,14,40,12,58,2,3,39,78,17,27,33,64,77,38,77,28,39,19,48,59,30,65,22,34,72,1,52,51,14,6,43,20,65,16,25,90,27,16,55,13,93,84,71,33,46,28,79,53,94,81,12
13,44,87,65,92,86,64,36,68,4,64,23,64,12,0,35,87,56,19,11,39,93,82,72,94,13,96,70,14,65,78,34,12,42,20,98,86,54,39,15,21,97,83,22,94,1,62,27,7,48,48,2,27,9,50,63,22,23,86,61,90,94,25,88,6,63,72,65,97,19,33,2,8,40,66,91,58,25,36,43,5,68,50,49,17,37,28,32,49,75,11,73,54,43,3,4,64,36,80,21
8,39,88,66,64,46,9,91,83,68,35,49,25,22,60,91,66,85,92,63,95,25,58,86,1,61,92,36,99,4,51,27,44,64,14,82,69,81,65,61,93,10,47,72,18,33,37,42,14,1,50,52,8,90,15,99,32,80,76,7,57,24,82,94,44,35,40,82,43,41,21,94,94,55,20,12,98,26,22,32,84,73,81,36,12,61,54,13,31,24,39,93,47,91,7,68,9,17,66,66
2,57,85,98,15,59,1,45,12,68,29,37,61,33,35,62,23,23,40,4,36,65,36,19,38,5,24,15,75,72,32,74,42,93,41,28,67,78,27,20,12,12,45,30,92,12,54,49,37,55,28,27,30,78,4,91,28,35,84,83,25,5,97,62,55,90,38,42,55,36,74,47,94,89,54,15,98,84,42,55,94,57,34,19,3,9,83,11,63,16,28,81,23,96,94,95,69,47,3,77
58,92,54,16,66,67,53,92,6,47,81,80,50,70,35,83,27,76,4,50,49,96,31,29,94,65,79,88,89,76,20,12,65,84,47,70,12,99,49,60,93,11,37,74,41,33,98,5,88,33,69,76,20,24,77,67,50,68,0,69,1,82,29,89,31,78,28,49,76,36,78,84,54,78,48,82,88,23,83,10,43,30,96,37,66,24,70,38,90,76,37,30,26,93,35,28,26,35,10,53
70,86,1,59,90,61,67,49,1,19,30,13,98,28,70,81,49,10,67,95,39,83,41,19,52,47,89,43,18,44,33,58,30,94,56,50,48,52,5,58,85,29,28,88,77,20,95,96,83,5,18,17,48,3,45,52,87,79,67,52,4,99,4,57,93,96,9,53,49,87,73,17,76,70,92,56,31,24,58,51,98,30,62,41,50,38,37,74,16,38,2,51,43,77,33,13,1,54,92,4
17,2,22,98,91,61,94,13,61,73,5,77,89,63,40,31,72,50,40,87,69,74,33,74,28,38,94,77,43,39,47,50,83,29,93,77,52,75,63,50,74,66,2,58,16,15,66,86,95,28,60,77,47,54,68,51,39,21,16,71,39,8,76,72,3,99,6,90,32,3,98,8,59,97,78,78,18,51,91,96,22,36,43,19,3,91,72,78,31,84,75,39,17,99,54,61,2,34,0,38
24,33,39,10,79,61,4,73,21,22,11,86,58,42,98,57,27,56,3,81,60,62,62,3,66,64,38,58,20,72,37,76,10,82,86,57,51,85,6,67,36,65,95,67,38,78,89,91,61,6,87,14,48,94,31,48,96,21,22,87,92,67,35,7,40,86,20,17,86,91,34,33,87,7,2,9,3,36,15,66,79,40,36,37,76,14,44,63,24,9,84,11,27,89,63,77,32,11,88,53
9,21,5,41,10,56,0,17,48,84,38,77,83,18,48,20,78,40,10,51,59,29,52,75,80,67,1,98,48,67,22,86,12,61,91,73,81,41,81,18,62,94,92,79,47,73,17,49,50,93,68,44,59,19,20,67,8,89,8,40,82,86,82,44,54,13,51,24,68,34,54,1,77,57,26,58,17,16,58,88,15,82,16,6,6,3,26,82,30,23,41,0,24,51,93,7,63,62,3,10
66,65,90,94,68,31,47,5,39,96,48,90,14,77,72,73,42,11,65,41,19,53,84,35,40,2,26,62,52,68,61,48,5,88,73,0,67,22,37,12,15,56,85,55,82,35,53,81,9,58,94,60,94,3,57,20,84,40,54,41,97,75,74,56,29,83,68,96,23,91,18,60,44,32,15,83,20,47,19,43,73,57,99,90,52,57,88,23,15,36,39,94,5,7,17,80,12,32,37,70
72,6,47,75,97,9,62,33,84,35,38,97,96,58,50,40,80,14,92,12,92,75,87,39,49,71,4,67,95,82,35,97,5,60,52,51,84,62,40,38,88,82,73,29,33,73,59,34,95,8,82,75,93,75,5,29,20,65,85,32,2,42,91,58,51,83,60,55,80,12,75,93,67,56,29,42,79,21,16,43,25,97,94,5,97,7,50,59,74,88,17,94,29,66,67,73,9,83,9,79
9,58,86,32,91,16,82,1,56,10,55,48,81,83,12,20,44,81,93,14,69,27,92,98,16,14,14,77,32,26,85,11,55,37,98,8,52,59,8,44,79,93,35,41,83,68,76,2,58,81,38,6,58,43,98,1,39,93,52,15,23,75,29,47,37,91,41,76,15,62,62,8,67,9,92,49,16,85,69,46,98,43,29,78,88,53,26,4,35,99,93,43,35,42,93,96,1,75,9,66
16,95,34,66,6,42,67,41,36,90,80,36,22,84,79,31,76,7,93,41,46,69,90,4,63,98,64,88,6,30,42,11,26,95,66,21,19,77,7,65,6,15,29,4,77,68,86,0,9,86,99,18,49,30,74,27,60,37,59,13,36,74,50,34,94,14,2,45,70,10,32,24,50,76,84,42,59,49,69,47,73,26,32,2,5,34,78,79,49,93,66,46,99,75,87,8,63,4,92,42
7,63,79,7,13,93,44,99,92,58,89,14,92,15,19,18,44,62,0,65,39,23,65,87,99,44,60,1,45,49,23,16,41,62,14,97,59,50,94,86,24,24,36,93,7,21,2,48,59,26,30,49,86,43,96,73,68,93,81,33,62,37,18,15,82,3,76,52,51,54,98,18,55,21,73,6,70,91,63,29,3,52,91,47,89,21,2,82,86,79,11,67,79,55,54,32,29,81,78,18
98,75,56,69,65,65,12,34,56,87,91,50,82,27,40,38,4,77,32,99,37,61,81,71,87,93,94,26,42,80,45,35,19,51,36,95,43,82,22,88,61,28,85,70,62,12,68,87,96,87,50,5,46,83,79,59,91,65,0,49,17,45,10,12,63,76,37,26,51,75,10,2,22,77,83,5,9,17,75,53,13,55,60,99,99,34,58,33,26,41,50,65,74,87,93,77,74,80,28,55
90,9,92,29,47,91,71,11,93,53,89,38,98,81,6,57,97,70,40,42,62,95,33,34,17,23,0,26,74,4,9,55,68,58,24,9,79,11,82,28,1,89,15,79,28,44,59,79,92,69,15,29,95,68,13,72,59,72,37,38,86,92,88,61,89,6,27,41,94,63,12,5,28,32,11,99,82,30,92,54,4,58,75,15,26,36,6,20,38,54,7,26,44,84,4,37,22,56,36,22
50,92,36,60,0,27,16,16,36,37,53,80,78,6,90,60,14,99,87,20,43,14,70,17,40,56,58,91,85,12,19,43,68,70,36,59,68,13,99,91,48,70,58,99,64,47,82,47,44,33,49,82,50,7,79,12,31,48,79,99,99,62,89,53,11,93,26,77,27,54,90,31,59,50,38,82,35,72,30,85,36,54,48,77,23,93,85,39,69,47,0,97,13,20,80,76,32,20,51,38
31,35,12,1,36,27,58,81,48,94,67,46,41,46,60,33,39,29,76,5,85,11,84,6,97,83,66,56,66,37,70,74,51,75,73,37,84,62,46,84,13,40,28,9,31,44,1,71,96,59,64,23,63,26,57,65,69,97,91,36,75,99,65,25,43,51,82,31,6,95,34,27,28,59,77,15,8,58,26,65,91,38,22,77,8,78,64,97,67,37,94,37,23,81,90,4,18,50,90,74
12,42,53,82,7,6,26,39,65,62,92,73,53,10,73,55,48,57,13,40,21,84,46,58,91,84,46,94,10,24,81,50,42,30,17,74,92,5,56,3,68,10,43,65,28,43,9,20,42,52,44,50,65,81,38,80,82,93,89,30,98,22,47,97,1,61,76,82,37,21,17,49,97,96,51,91,13,83,35,64,15,7,1,73,5,84,19,87,85,74,66,90,74,87,33,89,17,62,83,90
36,21,72,93,95,89,3,42,13,19,70,97,50,54,59,46,67,90,87,90,88,80,39,42,78,60,26,91,49,48,81,94,35,46,82,4,79,41,73,83,50,17,94,37,12,1,59,14,57,95,93,30,30,15,86,32,66,16,34,18,57,8,80,74,12,55,85,58,12,80,95,60,2,88,99,80,24,12,69,12,1,5,29,27,55,35,84,85,42,7,94,35,14,75,30,70,62,56,64,59
87,98,77,59,39,21,14,8,63,83,76,32,93,71,96,0,32,12,72,14,90,18,56,50,36,67,16,63,92,94,47,38,80,31,65,42,91,27,62,47,93,61,50,2,84,46,97,38,41,38,8,54,98,1,71,90,10,81,62,32,20,72,71,96,90,11,85,83,13,58,71,49,28,4,33,90,6,68,56,53,33,88,26,89,51,18,40,48,77,49,0,40,89,35,54,24,21,81,47,85
32,79,38,20,7,98,50,21,70,72,78,16,33,84,63,39,11,51,77,88,68,95,97,69,35,42,42,56,6,27,84,4,38,85,21,98,44,5,57,33,74,47,65,40,36,4,95,92,7,84,21,17,4,99,54,71,2,94,15,97,92,55,87,33,62,29,50,47,27,63,97,84,81,72,35,93,11,98,58,48,19,36,16,44,92,24,7,60,97,45,16,58,96,18,87,14,39,58,21,5
69,77,96,45,35,88,4,38,37,0,95,96,27,87,98,24,77,52,44,45,58,86,33,45,18,61,63,57,79,89,41,26,26,15,76,4,72,62,94,36,11,99,55,31,96,94,96,19,2,9,40,83,76,94,66,39,57,22,28,20,49,57,21,94,89,77,98,53,72,18,35,63,32,99,50,69,72,44,81,15,72,77,4,29,83,20,95,31,2,58,74,17,65,2,16,38,95,91,73,36
71,37,78,70,1,36,0,74,80,53,90,12,18,34,73,59,83,73,9,58,72,77,84,27,67,21,63,90,91,61,59,70,53,50,0,30,58,58,24,38,69,58,93,59,29,18,44,37,16,7,79,28,27,83,32,75,35,9,8,70,85,59,70,38,94,2,28,35,26,29,88,53,65,98,36,0,20,51,0,3,50,61,6,61,33,91,12,75,81,78,94,1,99,16,27,63,2,80,42,48
93,57,2,40,70,38,34,51,24,50,55,9,9,24,20,12,43,47,41,53,61,61,33,12,42,94,14,87,1,44,14,34,8,17,51,93,14,25,20,91,69,27,63,80,81,35,83,57,80,62,27,55,91,69,38,62,13,75,74,78,59,15,68,41,63,75,86,54,59,60,65,25,82,54,34,55,67,43,46,74,45,75,49,95,27,23,36,49,1,16,33,14,72,36,25,88,21,97,25,6
11,34,45,0,28,86,72,78,1,38,86,65,81,7,25,16,17,58,43,2,25,82,77,84,24,32,12,32,14,44,6,17,24,15,88,17,18,93,19,53,16,27,10,43,34,91,13,51,13,15,28,96,15,35,39,53,60,90,66,80,7,81,2,27,8,44,47,80,60,34,5,48,28,96,10,55,4,13,38,10,99,13,73,13,87,64,18,12,46,86,58,29,0,14,89,49,45,44,16,33
36,64,35,27,25,85,54,62,24,22,15,90,75,80,88,10,18,61,72,41,31,37,4,47,80,56,66,13,2,36,38,63,43,21,5,55,60,54,71,20,77,94,22,76,69,1,21,90,95,82,35,92,39,98,80,90,28,23,94,77,42,3,26,63,43,99,63,66,51,40,24,96,64,13,61,35,5,3,46,94,27,78,60,97,35,46,2,57,71,39,78,68,51,77,90,20,68,91,52,30
3,31,77,55,77,67,53,99,36,3,89,22,34,83,91,52,1,32,3,33,22,87,63,50,40,39,89,75,21,89,49,30,25,9,98,81,43,59,66,40,88,8,1,38,87,88,52,2,39,85,2,65,48,81,80,67,32,36,15,36,39,33,86,54,47,76,12,97,19,31,27,82,26,22,75,57,87,16,18,82,95,55,0,22,94,52,68,28,29,21,17,74,62,23,55,38,27,92,82,48
16,38,34,2,34,2,21,4,89,93,54,91,6,69,59,64,0,71,14,43,82,45,10,83,5,39,60,35,71,96,92,70,10,15,25,26,49,23,21,22,9,9,96,19,5,96,41,11,24,0,95,18,19,36,62,0,72,17,96,3,5,84,15,62,86,23,17,60,13,42,51,84,45,21,80,18,11,87,9,26,13,61,91,48,76,27,73,16,64,32,80,12,27,37,22,61,80,91,57,19
56,22,29,14,6,17,25,22,35,39,12,37,65,31,25,57,73,57,84,69,80,86,4,97,19,38,33,10,31,37,59,31,64,55,81,15,79,93,65,16,99,78,89,74,44,78,43,61,98,91,22,91,41,57,84,18,87,44,12,87,56,90,93,0,87,46,82,92,37,21,34,89,89,35,80,11,51,46,75,52,79,4,79,0,11,59,51,99,81,50,0,65,26,94,48,43,43,86,73,5
35,57,92,48,15,39,17,89,26,95,70,23,40,32,28,70,13,38,66,49,48,8,80,43,58,41,24,26,6,52,88,41,14,1,17,61,0,81,49,75,68,45,15,0,65,88,67,21,24,59,37,58,23,91,4,7,60,71,72,35,26,39,65,29,29,40,32,28,91,22,91,18,94,12,48,25,50,51,63,15,95,26,68,0,0,3,89,54,55,67,30,49,9,59,24,89,34,4,36,53
30,69,99,66,91,99,83,49,87,6,53,34,10,7,87,46,78,30,62,8,39,87,0,76,66,93,19,36,41,3,42,53,8,58,41,54,84,44,25,12,60,28,15,22,11,42,81,72,57,10,59,36,33,89,15,64,56,41,4,3,3,7,13,38,81,18,10,3,32,9,70,42,82,50,36,41,11,71,55,50,4,83,32,71,68,87,63,77,25,81,42,6,96,26,35,6,57,48,61,69
36,32,37,48,99,22,52,93,97,6,25,68,53,84,94,24,89,55,39,68,84,35,53,76,87,45,62,12,59,60,31,19,95,63,72,60,76,27,39,26,34,34,59,3,47,9,0,48,36,54,8,43,64,75,70,38,64,80,47,52,9,95,30,62,54,15,89,40,57,14,14,89,89,41,8,85,46,46,70,15,60,68,86,72,71,60,92,95,20,99,70,90,70,61,24,38,8,16,93,79
55,50,52,66,92,37,10,52,94,41,17,60,70,65,57,18,88,38,15,33,83,82,83,22,22,76,68,26,94,50,92,93,16,36,6,25,67,92,39,35,87,19,31,69,85,93,29,37,87,98,44,10,28,69,37,97,57,47,63,63,99,17,69,46,5,34,38,37,7,20,4,66,5,98,6,23,94,76,37,41,16,83,61,62,36,60,18,30,83,55,35,16,48,69,62,46,39,35,10,59
7,42,12,49,52,61,50,25,80,50,54,71,55,41,41,18,54,10,36,4,64,74,2,87,5,78,1,66,60,52,41,91,12,74,45,21,96,53,85,53,7,63,12,85,60,57,97,66,31,65,3,89,72,20,60,94,5,23,98,0,30,76,8,48,50,8,93,92,85,13,1,28,13,98,11,73,3,99,2,18,14,95,81,77,7,35,51,61,64,58,51,90,59,60,22,47,40,68,61,36
43,10,38,21,24,13,83,78,4,69,85,49,64,69,52,94,98,74,69,21,7,57,42,91,97,43,59,23,34,46,32,32,59,14,54,17,8,70,23,72,43,10,78,16,48,80,69,89,11,38,17,74,10,74,57,39,74,81,47,93,46,29,40,84,91,96,11,24,22,6,52,19,16,51,67,10,79,6,76,71,87,49,80,72,88,43,94,31,84,3,11,17,37,3,15,76,32,26,64,33
37,58,90,88,35,34,86,92,96,28,61,55,50,95,96,46,38,97,45,57,94,60,89,47,61,87,78,9,30,72,73,73,6,88,97,33,56,62,10,54,96,82,79,33,33,27,19,13,63,16,28,67,63,32,96,14,26,4,17,73,50,58,87,28,56,37,36,40,59,88,87,4,83,60,48,65,18,77,5,80,16,44,69,63,73,8,1,31,15,83,96,54,82,45,25,33,84,49,8,44
57,71,34,53,0,53,30,47,62,18,32,29,28,93,49,35,39,16,62,1,85,88,14,71,15,37,51,45,26,75,45,97,96,12,6,62,7,51,22,87,34,21,94,37,88,55,56,90,92,91,82,61,43,40,48,52,54,4,33,36,9,41,87,19,57,86,39,78,97,61,35,74,68,62,22,39,79,21,38,53,62,45,53,39,90,57,70,41,61,96,0,9,10,26,14,46,72,77,17,6
58,2,99,35,45,66,40,65,50,93,70,46,36,6,84,6,81,44,72,34,98,57,27,1,72,93,9,62,10,18,5,46,25,75,28,9,94,84,93,40,44,85,66,98,66,83,62,47,5,44,70,15,67,70,82,32,35,68,29,28,69,80,2,25,31,73,27,38,61,45,4,87,82,59,20,34,72,32,51,90,18,91,35,49,34,87,46,17,25,29,50,35,90,80,36,8,83,58,67,42
44,64,61,47,71,25,72,25,54,0,79,50,83,84,32,87,33,65,22,69,3,17,36,27,90,25,52,87,62,11,82,39,18,70,37,12,48,68,12,91,52,35,95,21,4,94,33,33,94,27,58,95,44,13,18,24,31,24,97,37,71,40,54,74,94,25,27,69,81,8,58,12,6,54,78,80,86,59,22,15,31,14,35,57,85,55,45,78,51,91,55,39,27,73,0,88,98,20,67,4
57,33,80,80,76,96,68,82,73,1,30,13,18,29,51,69,33,56,61,29,52,69,78,41,41,54,60,64,16,24,97,14,37,99,35,60,46,9,42,97,68,41,26,3,6,40,16,47,49,99,82,90,64,43,19,78,46,31,94,10,66,48,78,54,32,70,54,54,60,46,58,33,31,32,78,58,62,68,57,68,64,26,72,24,13,63,1,11,65,31,9,50,31,13,48,2,18,78,96,20
70,86,63,24,64,72,6,92,48,33,43,60,84,64,2,71,57,73,92,4,11,0,10,36,19,33,18,86,48,3,32,29,28,10,42,24,8,70,78,43,83,89,25,7,41,33,65,3,39,36,73,72,8,12,33,33,97,59,69,84,22,92,31,49,90,53,1,41,49,70,41,42,27,22,87,0,60,60,77,76,38,80,6,72,10,93,38,83,35,28,63,6,35,95,53,12,56,67,95,17
67,71,84,37,67,80,25,28,81,58,70,70,28,30,98,8,20,77,41,28,88,31,43,80,56,18,85,83,86,61,12,41,5,79,51,57,25,98,28,86,11,68,87,13,80,49,14,35,84,61,17,15,64,77,93,64,24,30,61,52,89,79,28,76,28,33,26,36,40,48,39,59,50,68,18,18,58,37,24,78,95,17,31,60,63,89,18,40,12,15,51,53,31,95,72,0,0,72,72,4
52,51,6,35,79,79,25,64,9,43,22,49,76,69,31,51,37,35,85,0,84,70,48,5,1,67,79,22,55,82,47,24,13,66,42,86,10,21,17,83,27,2,71,19,19,49,41,52,10,96,70,34,42,20,28,88,12,3,34,62,32,13,57,0,67,57,6,23,30,34,17,11,27,59,96,53,5,21,0,96,86,19,57,71,97,12,34,94,2,62,3,95,57,58,3,88,30,73,22,86
88,6,19,4,77,29,95,95,18,68,49,86,5,45,43,46,51,37,11,8,68,4,32,78,34,29,64,60,46,65,22,93,11,85,49,83,17,13,19,4,5,56,84,77,91,49,91,17,64,15,51,4,63,70,56,74,96,39,18,48,83,54,83,26,0,70,8,6,59,66,64,61,31,68,81,71,12,31,85,5,97,86,82,48,17,55,60,69,47,54,43,61,93,95,92,86,34,67,16,63
83,36,67,17,15,47,8,47,56,24,54,30,62,85,36,78,48,35,63,77,70,90,16,2,32,1,33,20,86,34,52,25,77,84,27,53,22,30,92,34,31,7,73,31,14,81,0,80,94,27,97,42,41,77,97,59,85,95,70,29,83,33,77,60,49,69,48,89,39,78,38,98,41,85,42,25,61,75,92,22,73,35,10,97,37,66,45,28,50,73,24,97,14,98,15,68,47,35,63,17
43,81,2,53,23,81,5,47,89,13,78,14,56,46,63,78,14,12,85,81,88,68,34,91,54,2,18,81,7,15,6,60,70,56,40,38,11,71,79,43,19,52,58,77,46,68,50,80,75,45,37,54,11,43,13,92,44,73,30,24,49,61,39,19,59,31,47,25,70,4,71,14,45,80,54,88,5,53,22,17,1,15,21,76,52,58,43,96,40,15,90,88,50,60,26,49,18,74,64,34
44,59,81,51,23,17,48,10,24,70,20,46,87,36,61,33,21,66,66,38,57,72,36,84,64,72,85,59,40,72,99,33,90,85,14,0,60,3,89,90,6,11,14,26,82,82,48,15,39,59,61,99,99,60,46,42,88,57,70,9,61,51,88,54,58,81,89,62,53,46,41,3,5,38,15,71,29,54,44,93,19,15,57,75,79,15,76,37,2,28,12,10,64,98,31,30,65,0,14,44
21,50,8,94,48,94,27,58,21,44,7,79,47,53,48,29,61,52,52,30,11,69,52,35,5,56,87,43,32,57,97,20,49,82,93,72,75,60,31,50,97,4,65,33,93,14,92,70,52,37,20,67,17,55,68,92,25,54,17,79,81,96,35,63,9,52,78,82,26,62,6,44,6,34,36,84,59,60,5,42,24,32,1,46,37,78,2,85,48,33,81,45,22,25,19,84,4,62,9,30
24,12,24,96,72,66,2,50,98,54,81,4,79,79,23,10,60,82,38,45,73,7,27,26,85,10,37,77,86,9,78,18,27,40,1,33,6,63,20,85,39,57,82,29,86,32,50,78,84,92,66,12,21,93,91,92,4,8,37,91,4,77,75,77,6,77,14,80,88,15,30,60,5,4,87,69,64,64,73,85,59,0,16,28,47,7,88,48,42,53,40,45,58,91,38,51,97,56,6,53
87,8,68,35,67,88,9,55,62,31,10,28,51,5,47,23,80,77,63,47,6,60,45,24,47,65,60,45,44,3,29,15,51,84,13,50,35,92,74,72,43,5,39,84,62,67,36,65,71,83,72,60,70,14,13,16,79,56,1,49,47,98,76,19,91,65,27,14,8,17,28,91,92,10,45,10,22,3,21,24,13,60,94,91,85,6,74,36,55,63,17,57,10,4,81,49,27,44,24,21
37,1,43,57,84,30,79,16,85,84,20,22,82,82,19,92,82,53,14,37,39,36,28,87,89,73,83,84,32,13,32,53,8,55,45,66,45,33,3,56,57,58,65,7,72,44,89,23,31,82,0,51,22,70,9,53,53,46,83,89,94,12,49,65,4,20,28,46,3,94,75,77,72,94,74,73,94,37,49,57,83,85,57,33,1,24,29,2,28,46,79,68,56,37,65,49,53,50,39,40
27,59,88,43,85,67,89,30,90,34,99,72,22,27,64,20,47,16,96,23,3,13,2,76,51,44,1,93,62,69,79,29,41,34,5,15,83,14,73,54,52,40,26,66,43,11,25,44,61,84,57,54,6,24,60,22,98,21,13,61,37,36,82,20,84,72,12,3,16,14,42,63,89,13,64,34,96,61,84,28,6,1,22,97,33,22,49,14,94,59,89,74,25,67,34,70,52,58,55,29
23,67,77,11,21,70,79,68,16,58,2,17,7,24,61,66,37,64,58,47,70,44,1,98,94,35,87,63,78,6,35,48,48,30,29,46,35,91,24,40,39,50,66,39,71,55,87,67,24,21,62,34,99,82,56,95,52,39,11,39,98,25,76,60,94,43,34,17,12,52,86,38,89,44,28,25,47,11,39,51,27,34,86,79,5,7,83,88,39,95,92,69,51,43,54,45,19,32,17,24
63,89,31,39,30,52,32,32,90,80,7,98,63,26,16,97,27,25,18,21,19,8,65,34,70,60,60,59,66,48,36,99,48,9,45,90,34,46,99,40,13,85,33,77,14,45,42,25,5,37,0,94,24,13,34,97,50,31,15,58,87,68,50,69,49,42,45,26,93,23,4,4,48,48,6,74,82,28,83,26,32,99,43,36,18,79,4,83,60,54,75,63,50,94,40,91,15,42,15,45
67,35,87,69,2,4,62,71,77,50,44,82,67,51,45,13,65,49,18,48,47,92,24,17,99,17,24,32,73,87,10,58,84,73,73,94,59,20,57,31,73,79,16,42,87,45,3,23,97,0,72,55,52,64,69,28,86,26,88,66,8,11,56,66,85,17,37,53,44,62,18,62,52,76,51,49,60,89,89,9,7,23,99,49,94,15,84,20,99,20,27,59,63,91,87,3,64,95,87,16
57,8,90,28,12,17,33,17,17,46,78,79,77,22,41,78,14,26,79,85,90,80,70,31,48,84,8,51,50,0,39,79,89,23,93,9,63,20,71,59,19,86,71,89,88,46,36,13,75,3,31,27,75,49,79,55,75,32,38,29,95,64,54,87,65,27,75,65,43,15,31,86,53,43,41,76,24,90,16,23,78,83,3,99,83,43,13,27,9,0,7,45,95,58,11,60,40,16,0,9
11,2,64,27,0,95,17,10,30,10,59,96,83,30,53,3,40,7,60,78,73,27,5,35,63,26,58,54,55,82,43,68,26,92,43,22,43,28,74,93,92,23,95,51,49,80,43,89,51,28,61,2,52,91,33,55,93,65,0,12,65,37,9,18,34,17,66,63,47,31,38,36,15,77,27,25,84,13,90,68,56,91,27,28,26,55,7,9,79,22,39,95,51,41,86,87,2,38,68,29
23,72,43,62,64,38,64,22,53,64,54,32,91,63,6,27,46,70,46,90,75,45,30,58,0,70,66,15,18,90,29,73,24,15,71,62,9,53,81,49,88,43,34,17,33,48,50,69,65,62,36,92,86,11,26,58,57,99,72,2,13,90,18,34,9,56,78,17,27,91,78,67,32,1,48,44,20,39,24,3,6,73,19,49,33,31,89,47,97,70,89,65,29,93,62,61,7,47,66,56
71,2,79,76,78,37,6,60,37,23,67,36,57,41,0,96,86,10,41,56,85,29,57,3,37,43,13,62,89,12,77,64,83,42,17,19,17,48,33,8,73,33,91,57,92,76,43,38,15,75,37,66,97,1,8,99,9,17,39,16,40,23,44,48,37,85,18,1,53,47,28,54,14,36,45,38,88,31,27,5,14,99,66,65,64,67,26,59,93,50,53,56,44,35,63,12,52,6,65,62
