68,51,13,33,22,87,30,18,34,23,84,66,34,90,26,54,12,66,28,16,92,99,25,84,39,16,96,27,2,74,88,18,88,23,2,51,77,64,50,75,10,4,86,12,98,73,28,38,44,0,75,14,72,1,17,13,80,93,84,31,31,5,10,92,85,24,76,17,38,64,62,54,65,86,21,23,37,8,23,60,43,9,77,64,55,24,71,86,70,81,63,25,73,50,4,11,55,13,46,1
49,48,71,41,78,29,34,81,31,99,28,72,89,96,12,3,46,25,0,22,7,5,42,12,99,12,45,77,42,67,92,32,93,50,57,62,41,6,56,2,15,66,27,78,62,37,14,30,57,46,52,77,28,0,44,13,22,49,11,56,46,81,7,9,98,31,88,20,50,16,55,96,94,1,56,54,2,5,46,47,6,64,75,87,10,50,22,16,62,67,76,23,95,3,29,69,29,91,32,79
41,20,28,92,23,64,90,21,17,55,57,88,60,43,40,84,67,8,38,40,77,3,53,70,25,42,12,48,58,98,52,39,57,21,86,25,50,43,19,49,75,12,61,85,33,22,21,48,20,98,66,34,2,85,21,21,24,82,44,90,76,79,26,9,12,52,49,65,41,85,45,28,60,27,56,28,33,39,28,24,42,82,81,13,35,77,30,53,68,93,40,14,92,80,7,39,85,12,17,53
1,96,56,57,52,96,10,94,1,9,54,30,19,50,24,47,28,51,14,28,37,5,51,80,17,76,46,91,8,21,71,17,29,62,74,12,23,28,77,34,13,95,74,88,17,62,30,85,46,47,22,36,15,46,40,42,32,10,42,52,49,56,77,96,34,33,25,90,9,90,99,82,4,3,94,77,94,69,39,34,53,13,45,88,74,63,64,14,96,39,30,66,24,16,82,35,75,91,42,37
98,87,79,55,26,47,68,69,52,91,55,60,40,25,29,80,38,16,85,77,82,40,99,53,53,17,71,57,50,69,33,67,95,86,86,1,25,92,17,92,25,25,83,60,76,46,36,12,76,42,38,90,18,79,1,53,9,68,50,19,23,59,38,74,42,15,30,55,30,78,49,19,75,54,41,1,84,10,15,52,50,36,71,50,31,9,8,31,98,25,46,65,71,73,45,32,84,55,37,74
87,13,91,88,29,87,80,21,57,35,54,85,13,19,89,53,69,10,59,50,37,11,35,19,61,39,41,60,25,61,67,13,0,93,84,93,38,95,5,61,90,91,21,94,13,13,35,38,25,2,59,5,14,94,98,8,50,97,39,63,90,78,50,29,4,6,64,57,60,2,22,48,16,60,83,22,79,5,13,66,7,77,68,82,89,14,74,24,2,42,75,91,65,77,16,94,52,48,75,88
26,89,74,16,90,71,33,75,73,17,39,9,58,34,70,17,95,16,67,49,12,56,88,14,0,46,84,56,43,35,17,46,76,67,53,78,29,88,87,48,1,13,66,14,42,35,69,80,2,28,53,81,61,37,12,82,97,46,42,34,54,62,13,12,78,73,72,25,20,47,77,94,81,17,57,54,76,27,84,76,55,9,21,25,24,27,5,97,5,69,55,5,61,23,77,52,19,74,74,38
60,8,71,71,59,74,81,88,4,57,88,54,19,43,74,68,61,76,48,6,37,21,46,72,67,20,43,96,29,46,31,81,24,10,4,37,9,48,84,14,85,82,45,81,88,82,68,47,65,61,24,61,16,92,51,72,84,34,96,15,15,6,87,89,21,39,17,99,9,82,60,66,56,75,79,93,15,51,8,26,28,90,19,23,77,74,75,69,93,46,59,89,53,81,55,99,67,94,14,24
1,60,52,28,80,30,49,86,97,58,77,20,25,59,39,94,66,86,93,86,26,42,93,50,19,68,38,31,45,74,71,30,87,90,57,77,82,16,8,64,32,94,75,54,77,44,21,32,17,16,9,68,82,51,47,98,29,42,96,48,99,5,23,41,9,69,9,45,81,65,24,95,82,11,98,72,56,1,61,64,48,33,23,99,97,45,11,10,83,95,82,27,2,89,4,99,57,17,66,56
30,33,13,44,65,34,75,25,80,50,47,42,42,24,44,26,60,24,37,48,57,24,90,4,54,47,48,94,66,85,68,41,84,32,59,9,91,78,25,42,24,3,14,14,58,93,3,54,31,87,15,34,43,64,47,30,10,91,59,92,88,81,65,81,12,1,25,36,31,35,48,63,82,47,19,96,74,21,40,7,5,0,87,59,49,52,78,10,43,73,51,31,6,74,3,7,30,86,16,36
36,50,85,87,58,16,38,16,33,76,15,68,79,21,42,55,52,35,81,84,28,65,66,62,26,23,81,1,85,25,88,26,32,10,82,63,81,0,55,59,27,44,49,38,8,80,4,74,34,82,3,7,66,35,9,21,51,72,23,92,21,0,29,24,18,24,66,47,71,64,50,52,84,20,93,1,69,95,28,5,44,24,32,24,28,42,44,81,93,22,62,55,75,61,19,27,41,27,90,54
87,48,42,67,35,97,27,32,21,68,52,10,50,85,96,23,35,64,87,96,64,72,49,60,19,49,93,40,67,19,0,29,25,68,20,84,10,37,92,16,61,37,62,99,93,18,76,3,22,68,90,64,48,43,64,68,76,4,96,66,95,25,39,56,14,68,4,47,84,80,35,13,84,27,3,19,39,22,23,17,18,45,60,51,61,10,60,70,86,98,32,77,97,93,99,90,86,0,62,60
5,76,0,94,35,70,55,82,49,45,78,21,66,4,66,59,43,69,52,95,50,83,92,41,57,53,68,92,64,64,17,92,1,32,83,4,13,86,13,8,72,96,27,2,27,66,76,72,82,69,92,47,8,3,70,62,59,40,75,1,13,40,82,65,92,45,81,3,79,71,66,65,74,90,32,17,53,65,1,44,18,82,0,2,59,18,0,88,83,51,87,91,56,3,1,49,30,81,49,50
97,68,3,70,92,68,4,9,43,70,7,56,35,58,13,95,12,80,23,88,28,80,44,55,82,3,42,95,3,32,55,34,94,67,41,65,7,97,52,79,37,97,72,33,85,15,38,75,34,44,19,77,52,26,55,72,22,70,93,19,84,60,4,19,50,74,7,88,93,18,27,91,76,86,81,9,40,29,99,37,10,32,95,39,46,42,19,4,53,26,93,90,3,20,83,52,6,59,19,10
16,70,93,21,8,36,14,62,88,67,64,70,75,46,72,78,71,7,20,12,14,33,35,82,97,81,0,38,50,84,31,95,23,85,34,8,12,1,58,51,49,29,74,50,46,31,95,6,9,14,47,39,82,56,3,25,26,25,99,12,57,98,41,48,41,36,55,97,49,24,26,65,28,20,56,20,15,56,17,95,69,26,22,67,80,31,65,53,10,80,81,43,4,73,77,35,84,18,42,55
58,60,86,26,11,47,75,93,65,47,1,90,87,55,23,9,89,26,64,80,38,37,89,79,82,38,37,86,34,28,94,63,23,23,66,19,31,31,33,85,76,57,81,21,35,74,2,0,41,5,21,97,36,16,35,76,12,31,23,59,73,81,52,77,10,23,6,45,68,95,56,7,77,74,59,74,61,70,53,30,59,68,60,97,89,89,92,65,69,28,56,16,8,73,42,33,4,69,77,71
99,27,23,48,12,61,53,24,34,52,26,96,43,62,21,58,30,81,27,55,22,51,20,72,99,77,31,62,12,85,77,65,2,72,31,20,12,44,27,75,48,7,36,9,90,53,36,66,57,8,96,29,26,43,31,40,5,96,87,33,4,67,60,47,71,73,6,90,97,90,35,84,8,31,24,2,16,83,36,87,71,41,91,60,2,31,52,34,0,87,7,93,64,11,10,1,96,70,6,71
8,46,35,77,58,41,61,95,8,82,86,79,77,24,81,92,65,9,29,59,83,93,34,99,61,49,13,96,83,36,59,3,37,22,69,12,43,52,99,15,87,60,38,65,13,58,25,21,72,87,12,88,38,10,16,7,54,25,27,98,10,71,91,41,79,92,14,59,65,57,66,80,92,10,12,81,97,38,71,6,83,47,45,84,1,47,45,72,8,59,97,81,55,82,64,94,87,5,61,4
26,7,22,15,72,36,8,92,44,56,64,23,9,27,74,95,84,79,26,31,75,26,3,0,20,73,17,53,92,17,37,58,16,58,48,63,66,6,81,88,49,61,62,94,70,32,29,85,27,83,34,44,22,40,89,3,83,20,91,28,31,73,29,42,33,99,79,6,71,60,56,39,54,33,51,77,47,82,3,78,90,82,57,58,5,51,2,46,22,60,13,76,47,27,54,66,39,13,4,32
6,50,5,28,65,6,7,5,32,9,48,91,53,60,80,86,69,84,76,62,95,61,31,0,33,83,56,60,76,65,41,79,24,0,3,59,20,26,28,53,16,17,60,86,12,42,29,4,86,11,9,33,81,2,97,6,44,15,70,74,86,58,72,5,48,21,24,80,86,93,0,62,59,77,95,13,31,95,39,75,47,96,77,97,20,47,35,7,85,14,58,34,11,0,25,90,31,75,78,23
15,22,38,68,59,87,64,63,42,28,11,76,25,87,78,73,71,61,42,87,32,43,62,35,45,4,86,32,16,16,66,84,94,77,99,50,25,26,68,12,53,40,51,51,27,20,22,89,20,35,93,93,36,20,19,17,6,62,97,93,88,50,72,0,93,43,90,41,91,9,43,32,5,47,42,87,10,83,47,29,6,53,81,62,37,31,12,97,73,12,49,13,19,19,55,14,47,31,35,45
37,49,64,48,20,70,4,5,41,28,46,17,85,0,92,45,68,58,27,57,26,20,14,81,88,88,57,10,88,18,86,21,55,11,13,94,23,33,49,9,29,3,50,2,85,35,40,91,57,55,74,79,76,42,5,85,39,85,36,60,40,83,52,70,55,65,32,24,46,90,86,66,97,75,34,38,82,39,65,20,95,15,90,1,25,77,93,61,70,66,77,96,79,58,60,4,44,12,54,37
94,67,6,57,62,77,17,43,16,39,41,7,58,18,11,81,24,89,2,48,66,47,71,66,13,84,98,98,20,84,79,73,1,4,62,73,27,6,52,12,35,51,26,54,12,64,45,38,9,3,77,59,45,8,32,91,94,96,78,37,95,9,62,56,64,88,16,16,73,64,59,17,83,40,39,14,86,73,91,93,0,54,77,82,59,65,78,53,38,79,89,88,42,19,56,51,92,35,46,76
0,88,65,10,0,74,44,74,70,21,94,40,1,78,34,68,79,69,94,14,21,40,62,21,20,29,57,96,39,46,99,13,82,2,36,84,34,63,58,72,0,71,62,17,36,72,88,6,90,10,60,29,95,31,77,10,10,81,53,69,23,24,24,36,74,50,86,77,57,25,64,29,67,5,99,14,77,48,96,47,43,2,19,66,28,89,99,71,84,82,56,85,90,22,0,5,26,80,80,83
85,68,6,12,48,9,57,61,52,44,48,60,99,91,65,18,0,29,31,49,1,51,89,7,58,83,83,56,43,28,70,97,18,31,85,74,75,41,27,29,61,95,35,69,13,15,92,3,95,56,1,64,14,5,46,6,25,71,97,80,60,22,27,51,28,86,79,7,82,43,6,39,56,42,58,54,10,59,41,71,38,85,33,76,66,61,37,67,13,55,59,98,17,33,1,85,4,26,22,82
56,40,34,41,33,19,75,6,2,55,55,52,67,12,40,64,93,21,54,63,81,14,91,17,44,35,70,83,60,42,10,4,59,72,6,72,52,17,73,54,4,67,72,56,23,14,93,57,21,34,95,67,80,52,4,42,38,78,90,82,57,15,57,49,87,71,88,41,49,33,96,13,32,95,78,10,58,86,76,38,55,72,26,18,64,98,35,69,13,11,63,61,67,0,37,72,73,25,18,79
80,34,17,20,59,39,2,47,13,13,62,1,42,51,32,60,96,92,50,86,41,19,56,71,7,53,18,82,29,74,9,10,74,69,11,15,93,98,24,89,22,78,21,71,43,50,81,89,67,21,52,0,2,52,52,98,27,59,34,59,50,62,1,10,93,49,66,70,61,66,12,38,82,57,64,51,93,51,89,13,3,97,97,19,38,43,92,1,61,65,11,78,36,48,33,31,74,50,6,32
87,25,33,36,94,43,92,3,81,49,59,52,91,64,78,81,72,96,52,45,71,91,56,16,28,94,91,38,14,17,92,25,52,37,96,53,72,12,3,60,98,35,44,99,83,67,58,0,58,7,63,12,26,70,25,33,98,46,73,89,83,17,39,43,12,68,61,52,34,22,52,57,66,74,56,76,31,90,21,5,68,23,54,52,59,98,43,28,49,58,64,30,98,3,19,68,30,71,80,53
38,47,7,99,85,39,91,1,43,8,75,55,55,86,58,51,1,18,41,58,26,92,51,96,12,78,9,25,39,46,0,93,30,99,28,14,60,76,97,97,75,9,25,67,86,50,76,55,15,74,79,10,56,13,80,23,11,10,96,57,66,21,19,42,13,25,12,1,91,50,73,20,79,21,38,81,26,85,59,67,99,82,1,6,68,85,1,51,89,60,20,97,60,0,83,6,78,13,42,14
53,73,40,71,63,37,42,52,31,13,98,20,79,91,88,20,53,80,27,5,68,59,69,53,20,75,36,72,87,0,35,18,74,81,98,16,35,57,14,21,40,28,72,96,77,85,3,52,64,2,62,23,54,84,24,36,47,70,76,60,19,45,45,52,27,70,27,25,63,48,32,84,22,92,82,85,24,95,66,27,44,23,90,23,33,50,40,63,56,92,53,18,53,17,74,66,96,84,94,36
35,82,51,96,32,22,64,93,39,53,90,17,50,87,2,64,63,46,81,46,72,67,25,10,71,38,73,4,8,98,65,95,7,60,64,86,74,54,89,90,20,0,85,98,54,17,15,90,39,23,8,48,15,21,50,52,60,91,67,16,12,10,38,29,27,53,41,42,58,40,67,79,74,71,74,13,83,55,97,17,64,53,3,42,88,20,4,45,8,22,58,4,99,14,2,95,87,97,25,63
25,72,20,56,33,66,22,87,97,91,12,9,4,72,49,28,51,74,17,4,62,35,61,72,78,8,48,51,91,17,32,26,66,53,53,6,97,70,95,27,57,74,31,59,74,42,99,1,33,76,91,85,12,10,57,42,48,66,82,19,20,64,62,35,2,85,5,71,66,74,20,98,19,33,36,21,30,52,47,78,94,54,39,0,25,60,43,72,62,45,42,5,48,11,20,13,20,42,54,25
8,95,17,68,70,46,97,85,27,44,48,26,81,76,49,41,29,37,92,54,63,9,41,59,64,29,57,93,10,34,30,98,82,76,50,17,50,2,66,94,99,17,78,55,10,62,33,48,92,35,47,54,28,86,38,68,93,23,98,46,0,95,58,76,2,73,80,56,13,45,57,32,37,12,5,58,67,72,78,58,94,41,1,69,57,56,43,12,65,28,49,58,75,6,38,94,67,39,6,73
64,7,68,87,93,32,82,62,73,6,2,65,47,52,97,70,20,91,50,8,41,80,8,94,54,48,14,45,22,58,1,50,98,35,93,68,3,74,68,73,71,79,7,83,7,78,3,7,40,59,56,78,94,60,82,61,18,43,89,43,25,72,75,57,56,51,38,85,11,9,19,56,66,69,37,79,34,59,35,85,79,15,13,44,78,83,20,9,15,20,0,6,73,67,54,71,37,98,79,8
13,81,48,75,57,74,78,33,48,69,26,52,77,49,49,49,67,77,97,75,72,15,79,84,26,51,17,67,30,31,50,24,69,35,10,85,17,51,12,70,78,63,54,75,96,83,43,69,79,11,13,39,81,59,94,59,4,11,5,38,42,47,1,77,23,30,57,99,97,17,24,4,58,46,90,27,73,26,52,72,64,57,60,28,16,94,84,86,71,63,53,84,2,51,21,51,91,26,74,24
87,66,54,17,77,36,99,75,42,19,4,98,89,93,27,23,66,15,79,13,59,0,65,76,21,49,74,43,69,0,15,97,23,23,10,43,47,73,19,97,87,84,31,24,17,6,85,99,29,57,5,49,13,69,29,3,61,54,76,79,85,96,38,34,74,48,59,48,8,84,65,26,27,34,29,76,10,77,18,21,97,57,87,36,23,39,42,29,62,62,62,13,43,92,99,71,75,69,47,47
41,65,1,13,47,73,61,84,55,64,26,65,53,44,72,44,46,9,31,37,45,65,49,72,8,19,60,27,67,81,96,25,96,76,71,40,30,45,68,79,63,79,30,90,30,20,18,12,51,75,72,88,54,19,89,84,70,82,87,10,94,78,11,56,63,39,12,44,9,45,90,49,16,88,81,17,11,22,79,52,8,38,5,66,80,31,22,69,62,83,3,90,95,83,35,62,32,51,99,64
27,27,87,54,5,37,87,82,41,54,24,68,39,61,11,30,83,7,76,71,52,2,29,61,27,59,14,21,8,54,13,42,21,54,78,26,78,26,57,85,0,24,5,16,86,72,17,13,33,58,94,98,93,29,84,32,41,48,42,79,20,19,36,87,74,9,28,6,51,70,82,41,62,84,93,57,78,76,15,23,47,71,25,79,35,59,60,98,97,64,20,35,6,91,38,50,63,10,37,73
35,66,46,26,86,38,26,65,4,93,94,31,67,63,97,33,8,21,77,40,20,16,19,57,32,33,79,65,92,59,49,50,20,16,37,46,86,89,14,10,50,66,25,86,65,63,42,4,66,37,3,62,46,48,85,62,64,5,29,45,96,13,56,7,49,99,76,23,70,19,18,87,46,7,96,44,32,89,47,64,46,15,91,43,18,92,84,60,20,72,58,5,71,40,5,88,46,68,86,62
35,94,81,48,63,88,71,24,65,70,30,33,89,54,52,48,69,60,81,97,95,50,97,18,70,88,41,79,11,45,99,62,57,60,33,25,16,39,99,3,35,42,77,47,25,54,43,85,98,80,28,72,44,89,74,20,89,89,4,13,88,74,96,68,47,67,36,55,51,29,19,60,31,49,48,71,32,75,10,77,34,24,85,29,53,44,10,42,99,83,38,19,69,82,28,80,97,20,27,32
47,64,87,20,5,63,13,92,37,62,99,29,57,35,19,80,65,20,40,37,89,82,18,80,10,13,23,81,9,83,46,6,63,19,68,99,99,67,82,14,63,7,82,65,94,3,67,17,35,63,12,29,42,81,50,4,52,91,85,36,84,76,76,40,73,71,49,93,52,3,41,81,12,69,45,4,13,22,93,44,49,96,34,21,74,38,68,83,29,18,19,9,20,55,19,82,24,27,10,77
94,21,67,49,75,72,90,55,75,54,49,78,26,52,71,22,7,27,8,57,34,75,32,87,65,72,65,36,76,19,11,96,89,67,47,94,3,69,44,66,91,85,75,66,78,94,86,68,6,74,60,38,7,64,52,99,58,19,71,62,37,60,53,53,94,51,88,60,98,39,7,20,71,24,74,39,89,23,12,78,54,65,42,83,84,28,35,68,64,47,24,5,75,85,51,53,25,62,65,96
11,22,20,42,68,95,3,20,31,14,91,97,76,73,36,59,38,80,98,16,59,34,94,63,45,67,13,44,89,24,31,45,62,23,90,68,4,26,98,58,84,95,5,81,23,34,68,29,43,63,60,5,25,14,63,90,93,89,4,50,15,21,94,91,54,2,5,57,3,85,67,46,28,51,21,13,85,12,46,83,8,9,82,71,57,53,60,21,38,67,6,22,26,37,9,94,41,81,70,70
48,56,65,89,23,29,24,54,18,87,20,65,58,23,30,15,5,5,17,52,88,14,62,65,22,68,62,22,14,2,96,98,52,14,1,61,77,62,24,40,23,63,68,1,3,37,86,65,45,91,22,83,95,46,13,38,89,74,35,96,37,93,83,95,2,45,39,28,26,33,47,50,56,12,79,57,85,25,85,97,86,27,54,7,80,9,85,26,44,23,77,14,26,73,67,74,11,0,67,81
94,90,49,41,44,37,53,51,2,90,32,46,92,17,70,26,17,82,52,45,74,22,68,78,53,82,33,2,46,62,53,16,49,22,52,28,67,68,82,21,48,1,18,57,2,41,6,10,59,34,97,62,0,41,67,95,10,49,59,53,20,92,60,2,75,80,78,89,62,67,25,2,49,76,55,33,68,11,34,78,94,31,17,42,89,14,20,85,89,25,32,60,48,79,5,53,60,97,38,82
89,88,59,82,55,62,7,20,27,78,97,22,42,44,14,73,87,90,41,60,26,59,25,91,79,29,12,43,52,68,21,11,43,29,52,49,32,20,3,43,47,64,97,6,67,90,27,66,54,70,19,12,57,90,8,9,84,99,93,18,44,89,89,29,76,39,28,48,2,13,26,33,19,8,96,14,2,44,4,70,83,72,25,26,38,30,28,50,72,89,35,8,74,61,76,20,42,86,15,21
84,22,4,88,52,21,27,11,17,79,78,73,81,57,53,93,42,24,57,56,19,3,31,72,51,55,86,76,66,50,12,86,97,58,9,49,85,68,77,7,5,14,8,18,81,65,33,56,91,23,68,57,12,28,33,59,92,24,97,56,3,51,4,30,15,13,78,35,31,61,72,92,43,1,86,50,95,11,98,9,90,16,24,70,59,50,17,43,35,47,75,29,34,45,91,29,97,64,26,11
57,13,86,61,61,29,16,41,30,69,84,7,95,10,57,86,81,56,39,86,73,65,79,22,34,99,21,15,59,2,33,69,84,50,0,18,84,97,51,18,82,78,86,7,59,13,91,86,2,45,58,54,19,84,77,76,65,95,17,85,8,60,28,13,75,73,86,76,29,14,58,98,25,41,50,15,84,34,71,94,65,30,91,73,55,51,58,63,83,51,40,77,26,93,50,34,3,97,91,69
38,71,78,73,56,44,14,37,59,8,28,90,67,72,30,94,7,3,65,78,37,81,78,97,40,73,47,92,88,16,1,19,5,36,69,74,25,1,35,20,77,16,50,85,11,29,95,85,37,31,58,78,70,19,99,32,66,65,3,69,33,1,90,24,28,74,65,14,8,61,28,83,44,21,2,43,73,82,18,3,91,96,50,35,71,70,31,42,92,96,15,31,18,43,71,42,97,84,41,57
40,84,19,85,50,35,75,18,83,67,78,58,99,12,28,61,8,54,17,79,10,15,78,22,40,64,19,36,11,63,50,6,62,63,74,35,81,19,57,84,35,48,44,36,11,86,44,39,92,99,54,75,68,53,40,72,79,18,88,87,81,90,18,66,97,92,98,90,83,12,36,37,53,33,20,64,34,63,54,53,55,29,18,75,42,58,54,67,38,66,64,97,25,45,27,32,2,47,91,47
50,31,1,39,78,34,9,65,7,98,55,13,2,76,57,81,52,91,99,39,69,45,64,76,70,29,33,62,13,54,48,72,60,15,91,72,73,82,41,70,36,16,26,1,49,56,34,31,30,96,55,34,81,61,12,18,15,73,66,93,32,76,91,23,99,80,2,48,47,23,70,64,4,4,87,10,15,93,42,56,44,23,90,86,18,15,51,45,70,18,56,32,42,12,58,99,25,19,67,81
95,63,5,88,51,42,86,79,1,38,42,60,18,42,57,11,75,63,7,0,62,63,50,65,5,28,30,8,21,23,9,45,54,60,62,91,72,19,60,53,98,49,99,83,57,93,51,79,93,12,78,11,43,88,72,41,61,10,55,39,22,33,24,20,24,68,32,4,93,82,96,84,95,20,44,94,75,71,16,44,87,84,17,67,21,54,71,87,95,32,8,50,74,16,20,8,16,56,5,46
5,71,30,19,91,44,99,43,73,88,84,38,38,86,44,22,83,16,10,89,55,40,10,43,72,85,46,78,54,40,71,0,80,95,75,79,55,61,26,68,19,65,44,7,85,33,10,10,35,19,53,48,96,39,25,13,96,27,25,17,11,4,50,87,50,30,82,11,26,19,50,56,78,85,51,28,41,83,40,9,44,10,29,75,15,61,57,8,82,30,77,15,47,60,44,56,63,14,51,53
29,18,22,51,96,28,14,40,78,78,6,17,98,82,5,36,27,78,46,12,89,71,50,85,13,60,16,48,55,82,78,3,12,26,69,69,38,95,23,85,51,91,4,1,61,73,29,92,56,86,51,29,51,53,85,63,98,55,45,13,86,67,56,53,22,79,46,10,21,78,12,88,60,30,66,70,45,62,33,6,52,57,81,55,63,52,81,32,57,87,0,33,24,7,80,45,79,49,18,31
3,67,48,33,26,0,83,58,34,66,14,67,92,2,20,31,13,57,70,45,87,35,1,31,53,18,58,16,56,35,73,66,78,16,68,15,0,74,68,59,81,72,63,7,19,43,36,4,1,23,77,45,99,54,43,23,49,22,19,85,97,91,55,97,12,69,83,71,68,19,1,67,36,89,76,69,22,50,57,2,3,35,65,58,74,61,4,82,48,98,86,70,89,79,51,79,47,57,37,12
55,78,94,48,4,23,25,74,40,93,10,85,63,4,14,73,19,8,70,30,91,67,87,44,88,81,82,80,77,68,30,87,99,59,43,37,61,73,91,86,27,14,84,93,81,39,9,5,63,60,46,93,36,75,34,91,83,7,8,41,24,23,43,44,68,93,51,26,63,56,13,28,63,46,67,26,42,63,40,68,94,3,75,33,64,46,92,66,70,22,77,80,59,77,39,55,25,30,59,80
71,91,64,49,97,17,31,85,80,80,61,11,87,70,15,0,11,27,64,86,60,94,88,67,21,31,94,87,75,52,47,41,91,27,26,41,32,43,67,8,84,59,28,57,78,36,40,61,66,74,66,66,2,79,19,16,64,16,28,21,81,97,27,23,60,19,1,91,41,56,12,61,90,55,83,35,84,27,23,81,7,12,75,23,43,17,88,25,67,36,2,28,72,35,90,69,51,3,12,12
72,84,14,3,70,53,8,93,5,62,96,2,83,44,50,53,92,16,96,73,73,40,11,93,15,51,65,71,22,16,96,44,36,51,41,46,49,44,98,43,68,96,18,70,39,30,43,88,28,59,6,8,72,87,15,0,95,37,36,89,90,73,43,70,38,76,1,10,17,76,54,72,37,3,7,55,37,11,74,11,68,84,0,11,91,14,91,84,79,41,27,43,4,75,64,71,25,65,77,56
87,98,3,4,29,13,33,67,31,66,8,35,16,46,12,24,66,32,26,54,16,23,9,58,14,81,16,3,57,24,86,27,76,9,33,41,52,80,17,21,19,16,72,39,22,96,59,85,49,17,52,34,65,19,96,56,82,67,0,89,75,83,8,58,46,62,12,5,17,6,79,45,23,80,42,72,97,43,29,1,80,6,61,60,43,12,26,75,10,98,17,94,75,88,27,47,10,76,16,53
9,4,62,84,13,7,79,62,3,43,22,36,47,54,42,27,26,52,44,90,4,21,98,74,12,96,42,49,57,95,90,44,31,10,59,60,39,15,61,92,12,9,61,2,62,22,74,55,45,57,49,85,43,85,44,40,7,7,62,21,77,60,65,99,56,84,26,63,4,87,26,91,17,43,43,35,69,69,89,86,52,85,59,92,86,93,82,65,55,65,47,97,24,66,74,82,15,10,55,0
67,20,66,27,66,10,8,56,84,71,72,74,24,54,24,95,67,97,40,40,57,86,81,14,68,58,55,76,81,87,42,30,74,53,19,15,22,73,4,91,99,93,50,23,97,77,77,75,21,14,90,87,13,26,68,29,79,91,14,74,85,81,6,64,44,87,79,0,54,58,26,94,26,90,59,23,18,50,18,79,39,7,96,7,10,37,79,53,72,78,31,60,44,31,69,35,92,28,42,82
89,48,31,72,13,79,55,56,40,97,35,87,11,49,91,39,52,70,99,58,2,9,96,21,2,56,13,84,60,35,62,16,4,50,3,9,24,95,99,30,46,26,71,55,52,99,10,17,60,95,52,52,95,19,75,34,98,57,62,40,27,21,21,63,18,38,26,97,27,19,34,23,89,33,71,39,2,9,46,78,73,38,30,47,82,53,39,43,0,99,98,38,29,37,82,79,36,74,8,65
67,13,92,1,84,78,19,11,77,56,61,57,84,80,24,84,94,41,24,47,45,56,87,81,66,84,9,71,37,55,68,71,54,68,37,36,56,8,11,51,32,83,85,96,1,70,32,10,73,35,99,3,9,33,42,79,62,69,43,12,70,82,27,29,9,41,2,33,92,77,70,76,21,83,50,96,99,94,72,44,14,26,19,18,87,62,55,80,52,92,15,82,82,57,13,6,84,23,34,20
97,11,45,57,43,31,14,20,75,73,29,44,37,50,44,54,51,99,10,46,54,66,85,0,14,65,50,62,68,15,62,9,58,27,97,54,50,72,39,98,56,7,22,81,10,60,39,5,7,8,14,59,83,82,61,87,29,58,82,41,15,27,8,83,60,6,27,63,62,40,48,19,75,96,21,56,57,39,27,39,84,56,60,57,55,97,40,79,48,47,80,71,99,86,74,83,55,90,42,20
7,46,73,38,15,19,0,43,53,83,32,1,88,93,60,46,63,62,45,99,39,98,77,17,50,21,27,41,94,20,40,46,85,91,51,28,40,74,64,36,16,17,90,59,23,65,58,85,61,93,56,12,85,54,33,78,57,7,44,40,53,32,27,35,25,2,49,25,28,88,17,29,73,41,26,73,24,54,10,22,82,15,70,66,22,90,87,89,13,77,76,49,77,26,65,73,73,92,47,24
13,80,34,88,88,6,59,50,64,18,99,89,10,47,78,52,23,8,89,40,68,46,55,15,10,18,98,75,62,79,98,90,35,51,72,64,54,8,25,75,23,74,70,27,45,30,32,99,12,66,1,74,24,70,85,19,3,23,8,77,68,62,28,39,27,86,75,89,89,35,28,79,80,87,43,67,15,71,40,38,96,33,8,56,0,46,67,77,53,79,49,51,91,74,92,99,68,91,75,76
78,64,5,23,71,19,98,48,29,94,23,74,44,33,70,80,23,41,52,69,23,32,22,9,24,50,51,45,39,95,84,43,37,63,71,43,9,83,82,0,73,16,80,79,99,34,2,48,7,0,36,22,42,88,91,28,13,35,2,5,67,70,29,44,18,46,82,31,77,70,53,2,72,48,95,33,10,8,94,83,35,93,39,96,73,1,92,78,83,92,54,49,89,88,40,18,29,40,15,42
40,38,85,43,70,59,9,91,44,59,36,48,94,55,22,85,84,96,12,21,63,57,23,87,73,25,19,53,54,98,33,49,14,86,62,89,20,92,36,50,14,95,21,81,18,72,68,35,81,73,72,40,35,47,43,7,98,60,58,21,42,10,12,51,18,81,34,33,72,44,39,41,83,12,20,14,70,52,85,99,70,40,52,71,12,97,4,30,61,39,15,10,71,43,36,89,76,17,7,4
44,66,59,17,96,97,55,5,42,47,50,36,63,29,72,99,71,84,29,40,65,53,4,53,14,2,86,67,6,40,11,9,6,46,38,18,32,88,84,24,86,50,78,91,5,0,56,42,34,43,54,37,54,89,54,80,72,18,69,84,53,36,24,24,92,92,59,84,72,67,80,33,73,61,93,44,71,21,43,30,19,42,36,72,30,24,9,25,75,92,97,61,15,3,50,49,20,86,78,98
11,71,95,30,25,7,55,66,74,80,70,53,92,54,6,90,42,59,9,23,97,67,23,34,60,30,99,33,0,77,19,64,22,41,36,34,25,92,17,14,10,36,5,5,75,2,68,71,48,88,73,82,20,88,54,46,91,45,49,10,42,67,63,84,57,31,5,77,9,9,50,72,14,43,60,53,75,55,30,22,12,60,83,14,50,89,82,98,41,0,45,30,60,71,49,52,11,18,28,56
21,17,34,64,94,15,54,94,51,8,37,12,38,71,45,40,41,57,43,54,21,51,99,91,65,22,14,57,77,50,54,21,61,88,2,9,79,65,92,90,61,9,28,69,92,61,68,46,51,25,50,53,64,85,87,99,60,55,60,6,2,67,18,90,57,11,41,7,9,37,10,54,96,11,7,52,65,26,3,78,38,87,34,28,94,84,16,98,31,23,1,92,34,96,34,33,94,81,11,76
99,4,76,43,35,29,83,10,11,93,16,71,92,71,19,23,58,43,3,26,77,17,28,43,94,83,68,96,2,83,16,29,38,64,10,12,8,36,6,50,74,60,65,69,23,92,22,77,32,77,52,36,42,45,70,70,46,26,9,94,90,60,93,53,21,61,63,77,14,71,11,41,15,49,63,44,57,86,62,7,37,31,31,45,85,68,10,38,77,67,1,32,82,88,93,62,41,93,64,86
37,30,79,31,2,26,37,40,61,86,7,97,28,18,51,44,64,57,52,31,24,32,20,60,14,24,52,65,41,87,69,51,45,78,0,52,6,17,81,26,7,95,73,86,46,72,42,88,34,96,56,0,34,15,21,0,10,8,34,18,18,35,86,33,21,14,29,83,19,71,5,64,38,29,21,87,47,82,30,11,71,14,98,58,0,70,77,98,35,98,72,4,75,24,2,43,67,99,82,9
74,0,22,0,16,53,98,24,26,68,20,49,75,3,15,97,66,6,48,12,87,20,77,92,49,92,79,44,62,60,59,81,83,12,48,61,40,22,76,8,44,26,63,40,22,18,27,52,54,79,26,21,43,62,54,2,7,21,55,30,22,10,89,16,69,79,55,15,42,85,39,96,80,28,5,58,64,79,80,48,27,29,10,9,56,15,29,81,94,4,22,28,35,52,75,22,97,53,18,62
42,25,16,23,39,57,40,93,69,34,84,44,3,83,30,89,4,11,80,30,42,9,6,51,85,94,18,30,10,58,70,67,44,27,14,75,52,7,9,27,17,24,2,90,70,47,68,91,41,87,90,52,10,4,2,77,92,53,0,73,41,30,23,32,44,26,89,74,8,0,68,15,76,81,6,96,53,52,5,85,53,62,92,13,22,93,41,4,64,4,91,75,21,92,53,11,54,30,34,72
38,22,24,97,86,52,17,78,16,45,8,26,58,25,85,86,11,96,60,10,50,87,62,76,7,14,23,59,18,32,32,50,87,35,59,69,39,73,61,37,26,4,79,82,70,50,13,90,61,53,78,25,56,59,62,3,74,22,63,28,36,83,91,8,82,56,15,0,92,64,85,33,11,67,60,41,47,28,92,75,19,76,49,92,11,83,30,68,51,77,55,50,48,72,52,90,32,97,17,33
87,74,46,38,73,51,0,39,59,49,7,98,37,56,63,23,59,28,46,29,49,72,68,10,38,97,57,79,96,95,9,43,17,47,98,27,77,88,63,64,48,73,61,38,57,87,73,83,32,21,22,24,57,73,89,54,50,9,52,32,3,83,82,48,78,82,36,21,29,39,16,5,37,96,86,69,48,83,23,86,59,19,39,1,99,53,24,52,12,42,1,40,5,16,53,43,23,23,84,87
53,85,1,49,53,55,66,0,61,69,49,26,14,65,72,94,58,16,31,79,44,12,34,76,97,81,2,5,66,95,58,11,12,49,24,36,38,34,22,38,73,66,30,30,26,63,49,89,38,41,11,7,99,59,9,60,83,50,89,28,64,9,47,18,99,78,50,18,71,31,45,21,3,88,23,94,56,26,62,62,28,98,68,24,51,48,41,19,52,46,54,13,78,69,34,75,89,72,54,15
36,17,47,10,64,48,84,78,14,45,16,55,32,62,45,54,21,31,23,26,68,35,28,1,30,0,44,80,31,22,82,31,44,33,81,60,35,62,73,90,10,25,10,30,41,0,76,97,38,39,46,49,22,63,84,3,10,73,11,90,53,86,56,59,65,25,94,96,82,82,6,51,34,13,76,19,51,26,47,38,44,60,98,68,27,55,2,71,84,9,93,84,46,26,97,5,90,33,18,26
77,7,86,59,64,77,83,31,64,10,47,64,84,2,55,86,90,44,10,81,78,15,34,15,70,0,9,55,23,95,1,1,49,23,34,12,30,22,14,26,53,5,67,51,91,14,5,47,43,88,67,90,30,16,88,47,78,82,99,44,48,90,12,14,90,45,86,33,74,75,5,44,53,83,81,23,55,8,85,65,12,56,35,56,74,11,1,27,77,13,77,84,69,7,42,41,27,8,2,22
82,85,40,16,49,41,35,52,82,39,62,98,14,40,76,49,28,28,76,9,49,37,45,40,38,80,23,85,40,25,93,3,64,11,92,91,32,73,26,54,98,91,97,50,24,64,71,11,10,48,13,26,3,30,0,2,43,45,56,51,38,57,8,28,55,73,80,61,11,35,66,74,29,13,24,47,8,87,63,56,35,22,93,13,97,8,97,80,36,37,48,75,41,10,23,98,46,76,96,17
93,9,51,7,37,12,73,43,6,15,30,68,2,30,11,88,95,46,14,25,89,4,51,32,64,41,66,88,67,55,13,32,72,94,72,12,84,96,80,26,79,34,30,97,45,65,19,51,68,38,61,25,62,31,25,3,56,62,25,29,33,7,62,17,64,81,14,19,41,26,95,22,6,62,24,16,15,7,78,96,13,83,27,88,11,81,3,80,48,5,51,15,80,23,43,49,94,40,1,68
75,65,12,13,16,21,16,90,8,82,42,21,49,24,52,86,25,50,8,2,52,6,93,86,88,63,36,84,82,13,97,93,48,94,50,11,81,81,29,18,44,56,25,74,29,2,16,3,70,3,40,54,66,64,71,4,32,44,74,70,59,78,25,51,75,20,81,30,24,68,52,19,39,13,39,37,36,98,98,76,35,7,79,48,32,1,45,18,66,49,4,70,29,25,62,31,56,88,14,20
49,3,14,11,76,72,14,40,95,74,19,96,40,91,70,91,50,92,98,45,97,23,86,25,53,39,49,8,6,56,56,5,89,98,64,74,13,89,52,19,13,31,7,66,26,30,56,20,61,72,52,52,81,65,33,58,87,4,11,86,71,23,47,74,8,25,73,26,97,37,52,64,79,1,10,44,63,25,82,95,96,94,57,59,10,28,43,14,34,16,75,37,42,98,16,87,97,63,47,97
12,79,59,85,20,48,23,14,49,67,86,67,28,51,90,94,28,55,23,93,3,19,59,69,31,40,6,72,9,58,84,81,82,28,7,94,93,20,68,30,18,12,46,21,48,85,26,1,39,70,2,86,89,33,41,99,30,38,21,92,23,93,38,48,71,83,74,96,74,48,75,93,3,77,17,68,1,41,51,72,27,26,30,26,5,73,75,41,67,62,1,56,92,3,18,5,68,60,76,43
10,54,77,52,37,93,52,37,87,75,15,20,84,66,34,5,26,9,1,17,30,47,71,43,19,38,71,92,71,52,31,43,5,96,9,38,18,28,18,88,53,31,63,24,11,82,90,79,53,99,69,30,7,50,42,83,49,96,66,29,77,30,61,39,20,80,69,63,72,35,31,49,0,16,79,80,86,31,62,91,17,45,1,44,46,94,10,33,81,46,80,65,2,19,17,8,99,16,15,59
13,58,83,19,43,32,78,52,50,68,63,65,79,33,74,43,67,88,15,28,36,44,78,19,10,74,80,89,69,65,96,98,71,55,59,79,22,74,25,48,87,70,64,79,50,72,28,43,98,27,70,54,14,38,19,58,77,79,36,20,19,12,76,17,89,41,26,44,74,21,68,36,73,16,93,67,11,78,11,29,23,11,62,24,89,88,18,44,56,87,3,95,92,55,58,94,70,41,12,55
99,51,11,41,73,55,79,29,6,63,46,91,38,17,31,17,64,2,46,48,33,50,9,10,61,83,75,95,72,81,41,68,48,98,38,25,1,26,25,39,86,63,66,47,32,16,26,94,81,40,16,43,41,62,52,2,69,28,88,91,54,52,98,79,50,27,8,46,2,25,83,55,31,98,51,68,75,13,6,67,72,46,20,55,1,77,58,19,9,21,26,10,32,99,98,51,0,6,99,67
5,29,74,65,2,80,61,14,72,11,51,68,11,95,9,53,75,75,54,88,48,20,56,68,17,65,77,85,51,55,85,28,28,49,76,11,91,48,64,46,83,66,13,32,31,61,45,50,49,27,4,47,63,8,89,65,95,59,68,16,19,18,50,22,9,50,31,75,5,8,47,46,49,63,65,28,74,50,22,17,81,5,9,85,13,8,92,30,97,92,22,29,74,83,96,31,10,3,75,53
77,82,95,4,48,13,42,51,96,11,17,42,21,10,0,21,19,13,86,22,91,68,87,52,11,74,81,25,25,0,14,39,66,88,88,74,2,5,92,66,92,9,18,81,99,49,37,97,85,40,3,69,13,64,67,36,48,74,94,66,92,50,38,94,12,16,98,82,49,58,60,57,87,70,72,7,97,42,61,78,22,47,46,87,99,40,15,50,5,93,31,20,29,44,82,49,97,67,96,71
86,72,25,43,48,99,64,14,9,58,3,87,18,55,21,68,77,14,46,46,71,49,88,30,50,43,75,42,58,33,35,86,78,44,35,29,64,16,66,48,69,56,87,13,66,72,94,56,51,8,68,87,30,0,60,49,73,90,71,90,42,46,84,89,11,81,42,31,38,60,10,51,52,81,97,80,74,98,98,39,49,90,58,46,45,88,73,75,1,89,40,29,35,82,4,98,95,16,27,48
3,17,0,49,77,80,98,19,85,13,4,78,11,18,59,27,97,94,89,5,41,21,82,62,81,97,22,59,93,36,21,89,94,6,23,81,22,22,89,71,43,41,34,60,85,15,27,97,69,90,76,92,15,65,35,18,93,59,44,70,88,1,88,18,56,98,68,20,50,78,90,28,66,25,38,73,67,78,98,37,1,8,40,59,26,58,85,48,38,95,15,50,62,36,33,30,53,59,91,56
68,16,17,5,95,95,89,77,9,61,57,75,39,56,11,22,2,67,55,73,25,71,23,15,82,57,75,10,44,87,68,15,62,49,3,15,16,5,63,72,15,60,15,10,88,54,6,29,15,28,42,81,62,53,92,50,99,10,62,78,97,47,83,15,19,56,35,58,21,1,87,26,38,10,56,87,75,70,93,48,0,42,36,32,8,62,30,5,79,73,26,1,41,16,15,42,19,46,89,21
61,45,3,8,84,27,84,6,69,3,72,76,43,40,35,89,11,27,4,2,21,94,92,4,12,80,29,7,50,97,22,89,9,2,61,5,78,84,76,30,93,55,67,88,95,71,66,41,32,46,79,52,9,48,43,38,45,40,25,91,80,48,9,78,21,16,2,77,52,20,63,96,13,64,89,15,48,78,58,23,55,32,83,50,74,39,51,65,48,96,63,4,25,57,42,55,24,31,70,16
23,71,98,87,53,92,99,15,66,22,54,24,75,97,27,79,22,64,0,67,39,75,66,36,5,56,81,57,94,91,96,62,33,2,99,89,98,77,93,19,61,58,70,32,89,21,21,64,12,22,63,8,99,23,59,93,8,37,99,80,40,48,78,71,84,13,0,8,15,32,86,20,93,50,30,78,60,67,63,22,76,85,3,53,86,23,10,93,26,85,47,71,13,66,86,72,78,66,48,48
65,21,44,68,74,47,67,24,13,73,54,46,66,22,17,86,36,10,15,51,71,20,6,43,2,92,92,55,1,28,80,74,0,4,69,57,28,92,76,15,87,50,34,31,58,17,63,95,12,42,2,63,51,97,50,91,91,0,46,26,79,16,95,78,7,41,66,21,56,93,57,62,7,97,66,32,80,8,55,91,23,1,62,85,74,40,65,33,91,64,67,56,6,32,89,20,30,0,59,82
68,79,50,95,92,23,24,39,84,18,36,23,25,52,48,54,64,54,18,87,55,9,30,29,4,95,2,83,82,20,23,83,9,17,8,90,3,49,50,96,66,88,11,90,16,39,64,68,58,18,73,1,2,44,72,5,7,98,75,8,15,43,83,36,63,60,54,29,83,93,48,53,6,84,22,29,79,74,6,97,14,28,27,52,28,39,40,81,73,32,63,74,40,84,20,74,42,15,1,18
73,56,76,92,72,77,19,84,4,29,9,52,97,13,23,96,83,87,64,35,76,78,2,78,62,22,43,31,3,35,79,98,77,94,9,35,85,52,82,3,63,16,91,45,27,92,53,33,24,28,10,65,63,7,8,52,64,50,15,1,60,31,94,16,82,63,38,52,3,64,33,21,37,11,86,40,9,18,74,94,45,42,79,82,5,55,58,12,39,21,18,31,10,11,85,29,20,75,16,14
67,94,58,71,50,78,50,18,25,94,61,76,66,48,59,98,12,67,99,85,50,9,38,5,66,88,61,24,4,77,43,13,9,61,56,28,89,36,49,65,45,96,86,50,23,48,42,33,27,94,55,87,10,75,61,7,46,61,41,31,94,75,54,57,34,41,64,69,38,71,97,75,15,69,29,21,98,65,43,44,50,21,59,72,50,91,31,65,72,23,73,76,81,44,34,67,44,91,41,98
67,81,59,87,16,0,15,9,58,38,24,49,37,3,18,18,23,28,78,87,78,41,13,51,10,23,4,97,60,70,39,54,97,43,95,81,33,46,71,37,29,33,27,18,28,24,76,50,65,80,96,18,22,3,61,26,40,13,13,25,23,19,38,2,38,46,93,1,9,30,77,31,35,68,16,34,94,17,93,55,19,74,90,97,10,90,38,95,39,43,16,82,35,93,2,50,30,80,29,51
