35,60,29,24,95,84,75,84,37,22,70,19,31,59,78,95,27,98,34,78,66,51,24,51,38,15,35,29,89,9,25,50,10,55,67,70,44,30,68,98,81,88,55,92,52,59,5,85,80,13,30,86,41,27,41,76,14,59,11,47,16,6,13,78,34,2,93,81,38,53,26,31,52,71,82,8,3,82,94,3,92,93,25,86,19,90,29,51,22,25,98,97,25,39,96,44,51,84,49,58
74,25,90,52,10,73,62,85,49,15,33,70,52,9,14,52,18,97,73,79,38,37,12,31,14,28,20,69,62,16,65,55,32,79,11,1,22,16,84,69,3,50,71,6,79,31,59,41,5,75,0,57,3,91,47,22,93,66,89,97,55,0,95,46,25,82,17,65,29,46,56,59,95,28,91,31,18,45,66,6,84,92,74,65,36,35,21,40,72,61,93,67,9,54,68,5,11,71,48,54
78,24,98,55,71,20,41,52,13,77,71,86,91,69,87,26,6,73,11,83,53,12,42,12,97,43,3,58,92,25,8,33,10,14,90,74,14,26,18,45,83,65,52,41,78,21,88,29,5,12,81,78,50,3,15,87,10,39,11,52,90,64,62,61,92,80,11,42,71,99,56,12,56,42,7,79,61,69,28,26,68,78,87,81,85,82,29,2,37,35,83,16,19,33,73,32,45,42,90,9
80,55,61,27,53,96,33,64,12,0,67,36,67,73,76,44,28,90,71,50,49,21,92,72,53,3,86,30,40,76,99,18,27,56,69,27,42,15,74,81,67,66,38,44,47,62,26,80,57,43,45,58,11,73,62,86,26,67,67,77,74,62,45,25,62,8,70,35,30,91,58,8,54,32,11,26,16,93,59,95,63,0,39,44,94,29,56,88,16,0,34,51,54,59,22,66,60,63,86,20
29,27,61,39,69,1,49,85,41,46,19,27,82,89,1,21,91,28,48,24,81,6,87,44,49,61,0,53,13,24,44,86,33,93,46,49,56,58,21,22,7,17,52,47,13,39,92,9,18,17,76,41,79,42,24,46,62,42,76,90,92,79,65,68,23,68,6,90,75,6,33,53,73,38,60,11,10,81,87,83,46,90,69,23,16,80,79,7,18,64,66,18,31,77,96,95,1,11,61,46
55,65,64,13,80,17,9,75,76,31,19,88,23,93,30,59,7,22,83,87,69,69,53,20,69,25,45,99,99,63,2,86,98,32,10,15,71,26,4,71,67,94,2,75,82,8,5,7,4,86,80,31,18,2,35,4,82,96,32,55,1,9,15,80,89,63,99,87,19,9,84,88,43,33,6,81,31,25,56,97,74,24,43,27,9,63,18,54,22,37,26,76,45,23,86,10,12,64,96,68
43,77,4,68,56,77,27,2,85,9,8,11,63,7,39,43,36,68,15,58,33,96,46,62,54,2,80,27,60,61,80,83,4,39,71,97,58,81,75,73,80,4,17,35,6,19,28,42,68,73,45,96,27,14,12,72,26,2,65,27,99,30,36,23,73,4,46,74,41,81,36,96,78,58,7,8,11,41,27,41,87,46,78,21,48,14,56,55,13,19,0,66,82,78,94,10,99,30,53,23
37,2,89,60,96,75,21,51,2,40,7,80,5,71,76,75,92,5,23,38,72,97,78,81,78,81,28,2,26,38,59,72,62,0,2,28,88,55,48,2,31,88,44,90,85,59,8,72,3,58,88,83,22,35,79,70,21,88,85,11,20,84,58,34,20,21,28,50,54,77,60,27,54,46,18,32,92,44,78,55,37,25,67,44,0,11,11,63,61,86,38,86,12,24,28,59,35,51,26,95
33,15,81,84,63,30,54,17,97,76,37,72,2,31,41,9,18,96,34,55,60,52,34,67,60,6,34,81,7,2,4,18,34,95,63,7,42,66,54,62,69,17,71,76,62,15,69,23,11,65,23,37,32,85,29,50,21,58,72,31,60,61,15,48,61,99,25,7,39,21,57,71,3,17,10,33,13,98,23,2,0,27,44,36,67,49,95,34,66,36,37,57,26,80,21,37,56,81,96,37
38,0,48,96,56,5,15,37,88,91,15,86,80,31,31,89,63,97,73,76,63,23,95,59,94,20,84,56,58,10,24,11,55,41,9,92,12,45,41,94,17,30,70,74,27,95,76,1,43,80,53,15,54,45,76,17,14,80,64,98,57,18,4,70,58,75,35,28,38,73,18,74,17,68,71,99,95,72,25,21,6,62,50,68,32,92,76,48,19,33,75,11,73,5,38,71,27,79,18,3
98,49,68,8,60,12,42,88,57,78,72,48,2,68,89,35,3,37,25,51,41,70,27,14,51,75,88,65,2,84,67,82,89,17,40,65,43,47,92,15,60,57,70,18,66,74,20,92,11,33,2,85,97,59,68,16,47,64,83,96,32,95,81,57,95,56,22,47,92,96,11,77,57,8,91,23,53,39,58,26,48,34,94,80,73,49,44,33,88,56,3,48,35,11,4,0,95,84,78,64
80,55,62,77,59,69,99,35,41,83,15,9,8,57,34,27,75,75,29,64,50,78,83,13,96,40,60,90,9,91,59,62,28,85,94,73,75,23,69,90,57,50,28,31,50,86,22,15,77,93,70,98,86,8,77,80,92,39,46,23,98,35,46,3,54,10,37,30,44,93,30,25,77,69,84,50,4,29,53,78,44,52,99,47,56,40,99,31,17,31,1,5,86,14,7,22,16,76,14,99
84,64,94,50,21,96,35,15,6,37,12,14,49,56,1,94,51,12,30,12,40,9,49,10,92,49,38,51,4,33,53,41,67,9,53,3,45,14,41,9,53,40,20,37,91,92,15,24,92,10,45,50,66,52,75,47,45,4,22,31,80,5,2,28,18,22,35,23,93,7,51,45,4,20,54,21,49,36,81,80,10,11,62,61,57,48,42,83,0,99,77,72,3,91,46,43,37,96,3,58
49,95,60,7,0,11,81,17,69,72,23,88,82,79,95,53,83,62,18,59,30,70,57,52,56,15,84,52,91,59,38,49,77,83,64,26,57,87,44,10,9,5,86,62,35,22,5,3,70,61,3,27,34,81,2,74,29,38,45,80,36,51,32,82,93,39,40,59,62,78,14,10,67,15,29,70,94,16,84,89,20,6,70,86,9,16,94,10,69,35,71,6,61,64,93,39,53,74,62,2
76,78,64,27,82,13,16,1,10,45,88,13,55,72,10,73,2,74,55,96,59,23,48,16,2,70,8,54,69,92,9,2,26,68,98,79,77,51,84,79,36,49,72,50,97,56,11,56,54,17,99,68,25,64,47,18,78,12,99,9,13,70,94,68,80,32,39,76,78,74,3,12,28,95,1,92,53,97,46,46,45,43,84,62,30,13,53,70,66,40,4,55,33,87,39,0,48,14,89,5
24,65,48,75,37,41,79,55,70,99,93,4,70,70,62,75,82,32,56,14,69,48,96,61,61,79,79,49,55,34,94,30,51,52,24,97,31,41,42,79,98,10,19,98,69,8,43,14,32,73,59,86,52,6,30,81,77,51,6,36,20,7,75,96,63,44,21,41,19,44,29,69,20,0,49,79,91,34,33,59,62,4,59,80,54,60,20,21,26,78,40,89,76,35,71,89,92,32,82,56
89,63,66,91,52,94,37,64,52,44,41,86,19,18,13,6,8,67,48,11,34,45,90,99,58,84,52,15,26,81,75,82,0,0,11,23,93,62,90,52,91,14,91,39,47,71,82,0,69,91,3,13,78,19,47,47,96,44,28,24,92,66,52,67,4,56,88,84,9,75,64,29,8,12,11,46,18,17,49,56,70,36,16,62,11,37,64,52,94,57,32,62,0,59,2,18,99,75,79,30
11,74,51,40,5,30,0,20,8,23,71,47,99,98,1,22,23,58,63,68,93,60,24,52,33,73,84,11,26,73,74,53,11,50,16,64,11,88,20,19,5,62,99,92,6,57,44,34,83,78,46,84,20,74,32,75,60,84,23,0,0,73,7,50,41,84,14,39,61,9,61,5,81,12,97,89,78,21,74,28,48,26,64,51,88,45,35,13,51,66,69,71,22,5,8,11,73,59,37,98
92,19,83,89,4,61,9,71,33,77,59,26,0,49,42,67,21,66,90,92,51,25,20,97,91,64,13,74,27,71,18,17,75,96,84,23,82,19,92,54,47,31,35,7,25,99,23,93,10,77,29,6,56,21,71,41,76,89,8,82,19,13,24,99,83,17,38,48,80,69,32,13,62,61,69,67,97,57,11,25,95,49,12,69,6,93,15,72,56,53,27,67,89,16,55,41,63,11,66,26
44,24,88,65,83,16,6,90,50,87,86,90,90,48,50,56,81,33,71,50,72,17,83,93,37,8,28,18,89,16,32,31,19,58,65,5,44,21,82,8,31,55,21,13,4,85,41,75,9,2,71,98,79,43,4,77,75,18,73,27,61,89,48,21,9,95,61,27,69,62,93,86,15,68,47,97,3,99,63,27,71,7,19,89,75,76,6,45,43,82,8,80,8,62,77,78,34,38,7,28
9,60,75,74,16,71,8,67,75,11,81,38,29,9,56,15,72,36,56,95,89,58,85,49,57,19,1,13,91,47,55,95,13,59,71,10,61,66,92,55,43,34,70,46,52,91,53,67,99,75,47,82,10,41,2,73,29,3,62,55,34,82,33,94,12,83,38,25,37,49,0,60,64,78,0,98,9,65,62,58,48,53,43,54,16,40,45,68,92,40,21,50,97,53,50,26,87,47,24,91
90,10,47,83,81,84,81,50,2,92,79,8,94,9,84,79,0,97,1,52,33,73,73,88,50,33,85,94,53,57,33,92,59,51,97,68,43,96,66,38,81,75,93,52,17,21,34,49,22,72,87,3,9,73,92,95,14,72,63,76,67,20,12,24,88,24,51,75,14,46,43,42,96,26,67,83,47,64,60,96,71,19,6,50,99,30,44,53,22,97,50,65,12,99,42,16,61,28,76,59
96,6,39,75,72,18,69,9,1,25,23,21,13,89,22,48,83,90,42,93,56,37,36,76,57,28,35,91,61,28,24,16,8,76,0,11,90,79,48,41,1,5,51,91,90,99,19,74,90,82,49,43,58,35,33,55,34,17,71,44,74,90,39,76,64,55,72,48,4,96,31,48,43,57,8,98,0,51,9,64,52,6,95,72,14,7,63,7,42,15,74,53,35,89,30,9,60,93,96,53
56,61,38,50,26,11,61,38,60,21,81,21,44,94,70,30,46,26,20,23,33,18,63,10,92,10,0,60,69,28,27,86,17,14,65,18,47,44,36,51,35,8,70,18,67,38,43,35,93,88,59,48,48,90,31,89,61,3,45,56,27,54,99,19,38,45,21,13,5,28,71,25,59,52,89,63,72,38,66,2,86,75,16,74,11,71,18,43,86,16,54,10,97,13,66,77,85,63,45,38
17,31,10,69,58,97,36,55,88,74,79,79,31,50,56,24,61,45,96,13,99,76,66,70,59,34,89,22,1,62,81,82,43,37,47,98,43,48,89,27,23,33,73,10,23,70,90,31,87,48,56,30,84,11,41,63,35,97,72,12,93,77,74,57,69,29,56,32,53,53,44,59,20,89,41,19,9,21,94,91,16,99,60,38,42,65,47,30,46,22,54,2,71,49,71,51,70,81,19,19
2,63,99,66,59,8,47,70,7,98,28,59,36,56,38,49,11,56,41,99,82,57,25,24,2,77,0,11,0,19,53,11,21,30,0,93,89,60,71,84,4,98,1,40,93,89,2,67,24,5,78,13,35,82,99,54,62,73,13,94,27,1,17,56,49,71,10,8,57,75,81,96,64,84,60,98,96,52,62,0,93,2,6,37,16,97,53,56,55,70,87,3,60,85,30,22,56,69,53,2
89,46,80,9,63,45,6,20,76,99,92,89,22,62,53,26,2,13,74,71,81,11,97,79,95,48,67,58,1,56,78,0,94,65,77,14,5,84,41,59,34,7,18,77,36,58,40,62,69,40,20,81,27,9,3,46,63,34,17,47,96,65,40,18,38,72,88,60,82,85,87,67,33,56,42,39,45,29,74,15,87,44,53,56,91,35,62,88,5,91,60,57,84,20,15,39,77,79,45,76
86,41,95,51,19,42,92,9,38,91,96,57,75,3,66,91,96,69,24,8,84,51,67,12,83,99,76,32,62,54,63,99,61,83,70,44,40,57,74,15,48,25,40,69,99,71,91,78,82,28,52,47,92,46,68,84,44,36,98,32,62,92,91,59,3,16,30,86,21,65,10,63,45,71,92,43,79,13,8,45,29,80,35,88,31,60,37,86,75,35,77,81,56,87,81,30,8,95,93,4
86,26,17,71,51,47,75,59,16,69,24,61,66,47,87,28,30,73,43,44,76,31,33,60,93,86,89,39,8,8,47,79,66,27,63,61,96,92,26,40,46,59,60,80,63,80,58,83,20,40,78,80,39,16,75,96,4,52,47,6,63,88,34,98,29,14,96,55,38,51,0,11,76,11,52,20,13,0,95,56,62,67,53,53,12,15,41,59,62,70,58,16,37,10,84,47,92,53,71,60
51,98,65,87,98,81,64,80,76,73,95,88,87,60,98,27,87,3,66,18,22,37,23,31,82,71,0,72,79,42,41,76,29,76,73,70,45,96,67,72,32,46,96,79,57,84,3,38,76,97,55,61,65,3,42,69,2,62,7,61,89,59,42,87,10,86,37,73,57,38,27,20,45,8,65,88,76,84,17,50,91,36,54,59,30,61,31,48,86,71,31,35,14,69,6,22,80,59,52,55
37,54,6,0,32,90,66,52,69,18,59,48,92,28,18,96,86,79,73,62,48,75,66,34,36,44,1,51,14,36,50,82,46,91,29,61,35,61,28,83,19,67,63,19,0,42,67,98,49,69,97,22,13,53,12,42,48,60,58,0,67,24,99,91,55,42,59,33,63,68,50,36,67,83,83,82,17,49,10,15,38,66,75,65,54,62,27,98,5,17,82,52,37,3,8,49,9,31,90,10
85,35,48,56,69,33,60,99,20,38,34,72,29,84,91,41,1,17,49,43,80,83,25,23,51,70,64,93,31,75,44,87,23,55,42,3,72,75,30,29,21,60,27,8,3,38,97,76,31,35,89,8,24,37,79,61,73,76,95,83,46,88,46,96,22,23,85,76,88,20,28,21,21,47,13,40,72,79,88,88,65,38,11,74,67,49,99,79,54,2,78,23,5,51,40,74,59,28,80,8
3,87,20,57,2,76,21,60,63,68,97,87,97,17,88,49,65,69,10,63,96,87,76,48,53,91,93,7,76,33,96,87,10,54,8,15,25,38,6,56,93,50,76,56,41,1,83,92,11,27,8,51,46,75,5,42,74,2,87,65,3,58,3,80,95,27,1,94,39,2,16,39,69,51,45,27,91,5,60,68,76,61,53,6,16,91,53,3,71,47,44,30,10,16,87,76,54,27,94,5
98,59,12,53,59,12,16,1,9,54,28,93,61,72,5,48,86,58,57,49,8,45,97,24,99,34,11,55,78,74,41,35,72,41,69,28,81,65,40,32,29,10,54,7,90,8,75,25,76,13,92,68,14,30,89,74,17,33,52,64,64,61,68,9,19,57,3,94,41,6,94,82,97,20,14,13,14,13,12,57,46,55,22,66,25,56,74,1,11,44,52,96,11,18,80,40,41,42,6,95
19,63,26,38,44,53,16,51,93,19,88,61,24,92,56,41,96,28,34,43,71,43,89,74,0,45,17,17,80,37,67,73,4,8,79,27,29,80,5,75,96,98,79,95,66,37,61,29,15,59,6,78,88,63,11,12,27,28,42,34,42,1,13,86,87,16,95,20,62,70,92,43,95,50,20,53,36,14,45,20,19,15,82,8,57,3,72,3,42,30,93,65,89,98,8,2,97,17,96,74
18,2,61,72,45,59,4,46,62,97,96,20,12,53,5,47,24,60,66,86,60,86,4,65,31,17,45,83,37,37,79,98,17,32,72,57,31,88,40,54,68,64,19,13,41,17,45,74,88,29,44,75,15,86,96,34,99,25,99,87,32,94,96,37,22,9,58,31,52,35,69,25,3,3,1,73,35,90,24,37,13,18,10,79,7,24,37,37,64,79,98,62,18,34,62,66,63,32,30,30
9,22,90,76,5,97,14,38,29,62,59,77,7,12,97,77,69,78,70,4,36,2,22,74,74,62,23,76,71,81,4,69,85,14,85,93,87,74,54,76,20,36,26,0,41,18,76,87,81,26,8,85,22,95,80,36,80,14,65,66,50,33,93,73,29,3,56,38,73,19,70,93,47,71,12,68,45,29,63,90,70,1,55,23,94,25,95,67,1,30,40,57,48,84,40,37,44,77,56,10
12,63,1,22,59,53,70,27,98,20,27,5,45,43,39,38,24,92,71,33,77,22,74,86,69,20,85,75,11,72,8,97,30,66,92,86,4,84,40,87,84,56,7,50,65,20,12,38,91,33,28,51,83,22,38,70,37,16,88,5,18,20,43,51,4,5,93,11,49,89,18,7,3,79,67,22,90,72,81,27,85,87,15,57,12,1,55,23,0,25,2,75,36,13,8,96,3,80,46,34
46,20,72,32,91,64,91,8,90,39,43,93,45,10,83,14,59,61,30,79,82,1,62,71,57,11,0,1,25,29,58,43,48,54,77,12,96,56,60,9,50,44,54,57,43,55,48,51,57,77,51,49,31,12,12,58,2,49,71,44,40,42,94,21,86,32,6,97,15,18,45,9,13,9,46,82,51,37,3,15,81,84,73,25,11,64,49,75,7,49,25,47,78,31,33,37,54,69,91,29
34,59,54,35,52,88,95,52,53,73,27,32,72,23,22,96,86,64,56,96,87,21,37,37,29,91,71,62,33,48,88,6,34,81,7,36,78,79,64,15,33,10,96,27,29,2,64,80,17,45,49,90,62,95,16,38,31,54,48,49,93,9,17,83,99,67,73,32,53,80,18,47,79,17,75,79,13,82,76,95,66,53,76,65,29,61,82,95,30,77,29,42,30,43,97,56,85,50,71,2
1,76,5,8,96,73,34,70,80,33,13,27,54,0,70,0,20,48,43,58,61,87,89,81,67,52,21,90,89,5,34,27,11,31,45,3,74,74,83,37,61,8,73,94,1,57,42,64,74,84,38,21,67,45,60,53,61,6,57,55,89,29,96,27,54,33,69,18,94,65,26,91,36,90,70,59,8,44,4,68,8,13,29,58,38,82,2,95,63,75,97,89,86,53,47,1,63,78,86,43
32,69,89,81,54,1,41,27,13,90,61,9,69,7,98,15,29,82,4,10,74,37,44,39,97,37,86,10,86,90,4,5,76,75,30,67,31,44,82,16,53,30,96,51,10,90,2,55,99,66,81,19,77,33,31,41,20,74,62,30,62,81,95,20,7,10,0,53,54,90,48,40,53,0,13,82,86,1,0,2,38,5,93,66,1,95,30,39,92,19,13,68,20,94,99,48,63,6,0,14
79,77,85,13,91,57,80,77,30,22,50,93,13,84,57,90,5,95,49,25,22,9,46,21,71,43,75,34,89,76,93,94,51,79,39,89,29,80,42,33,98,88,10,26,36,98,44,40,14,9,63,28,64,19,38,93,19,86,52,85,74,71,87,51,50,30,39,55,57,74,98,93,84,62,97,15,75,43,50,68,95,25,46,66,12,85,54,43,85,89,10,88,84,88,62,55,43,56,97,3
21,86,28,66,23,65,91,47,70,68,19,26,21,62,72,61,40,60,95,60,41,22,65,37,80,74,90,51,59,26,96,34,67,77,89,68,93,93,76,42,45,24,84,57,0,2,66,4,18,79,84,12,54,2,44,63,31,85,52,14,29,24,45,54,93,17,91,70,22,35,43,12,92,56,52,29,39,23,91,39,21,59,42,62,85,25,68,91,51,18,3,25,98,42,12,81,46,25,40,61
39,17,41,29,19,99,71,4,2,39,65,42,44,55,12,67,17,79,93,7,50,60,80,96,53,32,81,82,13,74,36,21,24,4,58,34,90,33,78,8,70,52,82,81,45,67,74,46,23,44,95,44,42,32,25,94,59,57,84,72,8,15,61,5,4,3,18,17,41,75,44,41,11,59,47,5,71,44,36,81,11,96,46,83,33,57,80,80,79,71,12,98,58,1,93,94,0,72,32,28
8,64,33,89,0,12,28,17,9,17,38,69,16,31,33,7,2,0,41,2,98,53,43,69,14,26,96,48,83,10,69,62,51,85,65,6,2,47,13,97,37,63,29,41,74,36,89,40,68,95,62,39,68,38,55,90,2,21,80,82,54,28,1,71,38,37,61,20,48,0,89,77,42,37,92,7,82,5,22,30,1,1,57,56,20,39,8,42,17,15,71,53,0,44,44,59,73,97,48,9
83,3,25,37,76,75,8,60,35,28,52,21,12,79,33,13,54,13,4,96,51,55,16,45,26,0,74,7,33,59,42,79,90,24,21,5,51,70,15,87,74,34,78,18,52,67,94,25,23,66,17,87,92,86,47,29,7,57,14,5,88,42,71,82,14,66,73,5,58,21,59,18,39,56,50,24,27,5,73,37,63,31,4,81,96,87,13,42,16,76,81,91,11,7,72,35,86,23,48,38
31,17,68,78,81,4,70,98,20,12,21,96,61,40,45,30,18,70,89,52,16,99,79,44,94,45,84,22,3,93,67,43,21,65,40,94,1,11,3,30,87,40,34,84,21,49,92,88,76,0,15,10,0,91,52,16,50,41,12,43,72,9,11,40,80,26,65,40,78,25,20,55,64,46,49,3,65,2,60,57,29,56,23,57,23,72,0,43,49,77,50,57,94,8,77,69,20,94,74,97
77,86,47,30,35,5,49,69,30,42,90,43,21,67,62,29,86,57,86,73,17,40,0,25,69,68,16,94,37,72,55,44,1,41,46,69,71,89,6,7,66,19,26,52,17,0,3,1,69,56,75,83,72,7,69,75,88,6,6,12,91,45,81,14,78,4,42,46,70,43,40,61,9,35,84,31,19,19,6,62,7,40,43,16,79,37,14,38,99,26,61,73,63,56,95,43,78,46,51,23
83,15,0,47,10,44,76,4,56,89,88,80,84,4,85,47,95,83,54,55,11,76,99,3,31,74,89,66,19,78,48,18,26,0,13,72,50,84,85,67,92,5,96,2,93,2,43,38,22,24,73,89,16,64,4,5,56,65,20,68,17,21,26,26,92,22,15,1,1,24,36,13,43,68,30,1,78,88,63,40,2,60,19,25,5,77,86,31,22,56,98,29,13,20,5,7,31,85,42,37
26,77,25,61,41,89,74,88,46,59,90,66,78,20,69,67,99,25,11,65,25,0,6,77,78,33,77,90,96,70,59,1,77,37,84,74,35,76,25,36,58,55,48,50,93,51,90,75,73,50,32,59,50,40,17,23,85,25,2,49,11,85,37,25,75,41,60,50,47,22,82,73,37,52,40,14,61,2,82,92,56,50,57,74,11,13,80,71,77,88,47,78,28,72,28,33,95,32,43,12
14,2,29,23,44,10,88,41,57,91,61,26,47,55,94,0,45,66,40,3,55,58,14,44,31,26,97,56,34,20,79,45,36,33,87,21,2,69,2,42,88,37,60,15,42,54,98,55,81,51,93,25,27,63,65,55,28,0,79,23,28,84,8,87,58,50,38,84,60,1,75,91,60,2,82,33,7,51,94,70,85,93,33,17,64,10,96,35,24,28,58,77,48,59,32,47,58,74,57,47
17,6,74,44,32,98,87,45,48,38,46,61,94,23,50,20,79,77,97,16,45,5,70,47,66,3,85,2,26,64,73,3,26,67,53,67,36,29,48,66,17,31,58,33,97,94,7,34,87,63,54,55,44,48,28,57,80,2,17,99,80,64,12,80,22,98,34,30,52,20,52,29,79,50,62,60,64,17,16,7,76,51,68,54,94,0,11,14,3,82,70,42,50,18,29,82,26,53,98,79
63,95,43,90,29,15,5,20,97,12,94,26,36,58,71,51,81,94,43,87,89,53,88,43,34,32,84,96,13,69,89,36,95,37,85,40,72,54,60,83,86,96,76,60,88,57,95,21,23,5,73,96,2,16,69,99,6,19,97,22,68,83,46,80,19,2,71,36,44,54,23,67,17,28,2,5,94,54,31,52,90,94,44,52,21,47,11,36,36,81,81,94,47,77,87,39,95,15,4,50
8,81,74,39,41,41,8,12,70,46,25,68,4,51,20,16,51,78,67,84,74,73,43,70,89,96,42,50,83,59,24,38,80,53,80,96,5,38,51,42,52,17,31,50,79,99,49,4,11,89,93,45,15,0,28,51,11,44,8,83,87,62,76,79,93,23,86,80,39,63,22,43,30,27,94,76,13,51,88,31,74,71,53,33,74,9,82,32,76,53,44,68,19,65,79,81,19,59,8,76
94,97,9,90,51,88,89,68,4,69,4,6,0,54,22,80,49,9,51,86,40,30,36,19,92,91,81,98,53,98,26,97,1,27,1,28,17,71,46,29,58,33,45,81,48,13,25,48,75,23,98,65,56,37,54,22,52,5,94,23,96,94,64,42,74,30,8,4,8,14,71,59,93,46,88,91,54,39,14,6,28,87,4,80,72,80,83,12,8,54,67,7,39,27,13,11,84,41,21,59
5,11,61,66,31,80,0,37,83,81,89,19,83,74,0,44,39,41,43,58,24,66,35,68,67,23,78,72,31,88,1,57,84,88,19,78,71,76,81,23,70,0,81,66,54,55,22,17,98,26,30,54,12,74,18,55,43,25,79,41,75,4,70,74,16,23,51,80,5,45,23,0,76,10,32,34,88,2,46,22,36,97,51,58,56,2,44,48,32,21,80,27,87,96,47,81,25,1,67,38
88,91,95,25,61,72,12,65,41,20,8,76,74,64,27,92,81,60,98,50,33,94,4,25,93,17,92,35,16,54,16,90,70,11,44,58,16,18,58,47,25,61,41,63,68,76,46,22,65,70,87,30,71,6,41,14,80,26,49,99,61,2,34,91,38,24,74,78,30,84,45,10,28,36,93,2,0,73,68,75,17,60,40,48,89,3,45,96,68,4,71,90,31,21,61,77,92,31,93,54
54,26,75,0,90,49,30,86,65,7,48,71,2,89,3,83,44,30,60,46,25,14,25,52,23,91,68,52,8,59,90,65,49,51,38,71,59,72,70,26,69,17,56,47,50,1,6,44,68,47,48,5,63,56,60,92,4,68,76,73,90,17,20,33,38,9,59,57,83,14,72,68,8,45,58,41,55,81,24,90,56,46,88,71,10,27,50,3,11,44,17,18,66,60,23,0,90,66,66,53
34,51,88,54,63,6,3,71,27,28,18,79,8,95,71,54,74,74,37,13,79,90,35,61,12,48,16,30,8,96,26,23,44,70,59,16,34,11,58,80,52,59,55,8,69,66,38,24,88,41,8,42,45,68,89,61,88,66,90,44,41,25,13,79,33,83,67,63,24,46,25,8,40,4,79,64,75,91,96,91,82,29,60,1,56,72,41,62,34,41,1,34,8,82,5,38,30,74,55,95
21,41,22,51,41,2,2,49,57,6,79,22,97,85,24,2,53,27,5,24,74,30,30,8,54,75,47,83,77,92,60,16,83,93,66,97,1,79,85,8,47,18,89,33,73,98,52,63,39,22,58,48,12,83,83,61,2,73,43,65,59,17,8,21,63,98,29,18,26,15,47,52,91,21,83,85,82,95,20,54,91,63,35,36,48,43,22,46,89,81,28,66,4,72,98,35,47,29,18,23
43,66,24,67,66,21,93,76,73,33,13,99,5,95,82,98,10,72,7,90,63,10,55,81,33,17,2,69,71,3,7,63,63,69,96,14,7,19,35,16,80,35,38,92,20,82,29,89,98,2,4,34,95,91,20,79,60,77,16,89,6,75,18,26,60,88,56,92,67,0,52,44,84,25,3,23,92,55,37,49,85,77,91,10,13,84,47,74,90,99,45,40,81,60,24,48,21,97,15,19
25,78,1,48,78,72,64,0,90,16,62,70,1,2,47,89,58,80,68,35,56,63,36,41,3,14,92,73,86,75,89,64,46,58,30,20,48,7,74,41,38,16,31,64,15,57,57,76,90,53,2,3,56,10,2,90,33,68,0,13,54,11,19,90,97,32,23,88,12,23,72,72,91,34,54,15,40,89,52,67,80,45,38,77,28,7,13,68,55,12,82,9,19,83,84,10,16,16,16,33
60,31,62,73,93,32,29,20,82,42,92,46,61,65,20,37,82,63,43,26,48,76,71,7,40,7,32,12,91,9,60,45,10,59,33,37,22,68,93,26,50,12,9,64,92,14,68,71,72,61,48,69,0,18,11,61,69,29,63,11,47,93,16,2,8,4,12,56,31,63,73,97,69,28,43,97,5,10,73,88,8,90,22,61,84,12,89,18,82,24,90,0,68,3,0,3,60,25,27,74
11,5,19,37,13,66,15,83,54,18,73,82,24,49,95,73,3,23,83,90,55,69,32,99,1,90,36,4,52,91,38,26,95,91,37,82,60,37,64,88,24,62,34,3,82,2,86,79,87,15,99,26,8,66,85,39,42,71,87,69,30,65,26,49,6,95,24,56,88,13,11,12,98,38,85,5,32,6,59,72,17,20,82,88,29,63,6,37,48,43,38,38,97,15,18,55,77,5,80,96
23,75,38,13,82,61,1,98,49,28,31,23,71,94,63,98,10,43,94,81,79,44,49,76,12,74,90,51,23,59,21,21,59,42,59,69,52,33,36,62,92,44,85,38,13,44,36,55,99,86,77,38,22,87,4,70,49,49,91,58,34,4,54,14,78,30,34,24,85,76,0,23,87,87,41,29,54,80,23,79,68,53,35,21,90,96,3,95,59,89,16,23,14,19,8,53,7,84,73,56
16,24,54,62,13,13,68,2,71,57,1,54,29,11,49,78,62,35,29,25,2,85,65,51,4,98,51,74,61,3,66,27,18,11,34,48,82,8,60,91,99,10,90,64,55,8,90,56,90,20,15,72,70,73,54,6,40,95,15,87,82,32,68,21,95,51,35,68,22,38,67,32,91,60,42,37,88,93,34,80,44,10,41,6,34,42,48,40,93,36,87,17,9,26,23,60,86,54,2,69
89,79,17,71,26,4,88,98,37,53,25,90,82,87,19,20,36,83,50,48,7,95,92,57,94,78,0,90,55,61,12,81,46,74,52,46,1,12,41,62,70,29,16,9,52,58,24,11,55,33,76,47,63,33,59,22,52,22,6,19,23,40,50,84,67,39,66,85,39,77,61,40,16,92,38,74,31,90,54,70,59,71,75,24,25,94,37,0,61,69,65,12,94,63,3,88,55,99,38,6
37,7,64,38,21,27,16,85,26,96,23,21,36,70,21,20,40,26,13,27,80,88,26,81,71,89,89,95,34,5,85,43,10,90,53,28,99,49,56,21,26,25,64,88,70,33,33,27,9,5,57,15,29,22,44,6,63,32,50,63,64,94,45,8,91,74,38,32,36,22,36,83,14,55,88,47,33,76,92,56,43,27,79,73,0,96,19,30,45,91,24,66,17,81,44,6,24,34,81,15
1,63,55,86,31,7,9,10,25,28,36,4,15,67,61,91,97,40,31,34,50,41,92,99,42,78,78,13,8,20,83,26,59,31,94,47,45,5,89,98,34,60,16,63,0,43,55,63,32,45,21,9,53,64,9,26,29,22,33,9,39,10,87,28,64,74,40,6,19,93,33,86,45,16,24,77,27,5,7,44,1,56,64,29,51,34,88,83,51,52,43,41,2,18,79,57,50,1,5,51
54,18,9,98,64,97,24,9,55,71,79,38,96,80,4,35,87,72,42,19,96,61,47,30,13,38,1,57,67,4,81,89,1,58,60,70,88,38,17,99,53,43,20,61,69,38,65,30,14,82,8,41,32,0,10,47,95,19,70,44,21,73,73,89,24,24,15,18,53,40,98,73,76,78,30,45,72,77,80,16,0,48,1,40,71,93,42,98,33,58,54,43,71,99,72,94,76,95,26,6
15,86,11,53,89,76,61,75,89,41,48,50,27,98,32,46,2,21,65,81,42,61,96,56,20,15,6,9,5,89,37,91,71,65,33,11,12,25,20,89,20,35,9,91,90,96,56,30,27,44,47,84,19,61,65,57,18,43,39,94,98,16,8,99,91,52,55,37,4,21,12,33,82,94,44,24,15,50,58,1,31,8,74,28,55,66,86,17,44,62,40,85,60,57,62,4,16,63,9,85
37,84,81,90,65,79,36,69,98,88,38,13,31,59,40,81,31,27,96,48,34,85,36,25,98,32,81,9,67,31,24,31,12,62,35,80,34,33,73,58,73,5,91,99,13,45,76,70,46,6,54,90,99,67,67,23,17,97,27,86,30,59,82,93,93,18,78,52,41,40,7,54,13,83,67,72,87,57,42,81,93,26,99,3,61,65,10,74,69,76,64,0,55,92,61,17,91,14,25,68
63,49,95,54,96,72,76,43,59,59,23,31,31,46,70,16,83,74,40,99,48,21,58,89,4,25,77,39,39,80,21,86,46,79,48,5,42,57,7,72,75,48,18,59,25,23,40,68,93,18,77,6,61,8,15,19,55,2,92,1,84,14,42,12,72,7,66,24,6,71,92,83,45,3,43,11,3,78,85,15,27,34,25,58,78,60,20,32,22,80,52,84,30,30,0,16,71,80,50,27
1,48,62,1,15,4,87,48,44,61,88,81,13,34,81,80,55,11,41,66,79,78,80,27,23,93,38,69,76,14,7,53,82,41,74,4,87,76,57,69,88,77,23,58,55,64,84,64,57,95,42,72,96,29,77,76,96,91,21,32,68,62,13,67,54,2,56,66,35,10,53,87,72,98,12,22,21,22,14,49,80,22,70,95,19,28,65,28,32,44,70,23,97,67,28,81,76,90,92,45
62,79,11,78,76,80,32,89,91,88,48,24,35,74,39,17,79,79,62,47,85,52,78,48,65,46,29,78,21,99,10,67,59,94,40,17,63,47,82,76,41,12,73,93,43,8,39,3,43,91,4,96,11,31,48,37,63,98,35,91,12,44,77,55,52,24,23,77,29,51,0,70,47,53,21,67,11,12,54,18,29,63,9,56,67,45,50,4,2,39,82,88,58,32,86,14,52,76,4,66
32,51,48,95,21,32,48,3,43,14,90,25,80,40,75,62,60,65,25,68,68,82,83,64,79,93,37,94,94,42,47,7,41,85,87,31,67,63,87,93,81,70,69,24,92,77,77,11,15,21,49,93,72,75,57,36,30,89,46,21,80,3,85,57,58,99,73,42,73,86,49,92,70,20,36,83,53,50,96,55,52,99,70,36,1,76,84,48,59,29,61,57,53,34,33,92,27,19,53,92
72,72,38,29,61,0,19,78,94,24,98,98,26,64,8,71,89,71,20,71,15,70,73,12,33,32,43,23,43,23,73,34,34,61,78,88,35,9,74,50,85,86,49,99,17,33,78,68,91,44,54,82,38,74,95,9,88,3,24,87,3,32,79,83,84,34,2,96,19,41,65,6,5,81,72,63,14,76,81,34,39,2,61,64,7,98,7,29,54,46,47,44,79,82,88,3,46,78,77,90
11,6,79,45,54,32,88,37,5,18,21,40,48,13,1,47,62,34,41,22,3,71,84,93,54,49,64,90,9,13,40,45,15,86,41,37,44,72,12,66,33,71,21,37,40,78,78,77,41,45,28,54,95,46,15,87,40,89,42,64,31,24,25,75,72,67,51,5,71,12,76,22,31,99,87,54,38,88,25,58,77,1,41,95,98,91,73,82,78,66,16,57,66,75,14,98,53,54,64,74
23,56,4,60,30,89,57,52,10,43,9,47,76,37,80,15,20,3,1,13,31,84,32,10,4,76,2,22,7,83,70,14,20,89,65,54,67,43,56,0,0,76,55,44,54,88,61,17,29,98,12,77,96,18,34,57,11,22,2,56,58,34,39,79,86,70,82,97,81,68,36,61,48,27,45,97,90,92,24,21,77,75,48,37,93,10,24,44,21,10,81,16,9,67,76,43,6,15,67,92
25,99,4,46,42,70,5,65,53,3,52,99,48,30,7,15,13,90,17,58,84,94,35,26,52,38,49,16,14,97,64,37,90,73,74,33,30,64,74,77,39,46,82,88,34,32,44,73,25,27,16,51,10,45,48,25,88,14,5,5,67,63,58,24,1,15,16,98,40,62,93,8,82,9,90,74,28,60,59,91,0,6,78,79,9,88,41,42,93,53,37,82,93,38,4,83,97,47,38,7
72,82,76,51,77,36,84,55,80,46,17,66,22,69,2,19,51,90,81,36,90,66,26,28,96,85,23,60,51,58,2,94,50,87,33,46,26,71,39,54,31,47,69,54,25,9,14,29,14,88,12,68,84,80,21,53,53,49,1,68,87,72,71,77,43,42,44,77,41,82,61,83,73,46,99,55,78,62,60,63,85,53,90,18,46,8,17,75,90,73,76,66,8,9,4,2,41,66,11,99
87,93,52,98,15,40,48,24,27,88,57,84,7,53,20,50,97,19,4,49,0,37,19,59,86,81,22,56,53,44,96,5,52,0,28,4,27,24,59,82,84,22,1,36,10,57,17,11,56,39,24,51,84,54,95,74,70,67,21,39,23,35,10,14,87,94,47,99,63,50,16,0,13,22,24,11,81,24,57,37,40,21,51,97,32,23,83,13,96,53,24,47,48,47,82,39,12,17,15,81
33,75,87,31,12,3,21,30,16,39,65,86,68,61,9,39,30,69,59,18,7,70,88,33,14,49,11,56,33,15,61,77,22,86,81,75,48,84,26,59,95,89,28,72,65,94,40,37,4,75,63,25,52,57,98,67,62,4,17,12,87,45,5,39,63,28,45,23,43,47,85,48,22,82,2,48,83,18,90,88,4,33,55,96,70,3,99,27,89,45,44,16,40,20,35,83,71,0,15,57
93,18,2,60,68,7,7,69,61,48,56,55,60,76,4,45,1,61,38,44,45,7,52,64,80,86,3,57,29,99,36,62,67,30,91,47,11,35,88,16,11,59,2,22,14,7,45,84,63,65,86,14,16,14,62,27,30,24,80,82,11,36,62,53,61,55,10,97,34,11,76,89,30,61,68,45,20,39,87,98,73,96,54,25,44,31,1,46,87,66,91,13,51,7,79,60,46,29,41,22
9,34,35,67,50,0,73,4,32,23,49,35,94,54,23,62,43,46,26,85,22,31,12,69,15,73,23,23,26,28,77,39,60,96,38,95,14,46,51,39,5,67,15,35,32,3,29,47,43,25,23,79,0,77,22,48,50,53,48,16,30,36,25,78,43,86,68,77,74,65,12,71,66,76,85,57,11,83,91,78,94,70,82,53,13,31,35,81,7,27,8,45,66,97,60,69,71,4,77,96
88,14,25,43,81,65,19,26,32,21,87,10,30,73,27,79,80,84,13,53,32,4,27,59,53,14,69,95,90,12,9,45,25,29,49,14,33,35,74,41,74,71,55,11,97,81,40,56,85,6,41,46,24,88,87,77,88,57,85,44,49,80,69,32,67,90,73,78,62,41,17,32,82,51,20,81,58,6,87,37,89,83,47,50,63,57,66,56,18,72,92,64,8,16,64,56,30,20,50,59
99,7,9,60,80,67,37,32,44,53,79,54,63,12,26,3,69,77,67,8,48,33,73,16,35,39,98,38,25,13,46,51,86,46,84,76,87,73,40,45,85,93,57,70,88,46,52,91,21,88,70,80,65,54,74,86,71,1,83,34,81,0,45,43,22,17,80,26,99,18,31,70,40,86,83,14,64,59,63,37,53,73,20,49,2,96,61,48,90,47,96,59,21,84,41,68,39,41,45,95
33,86,23,73,13,73,71,34,46,92,72,34,56,88,28,82,94,35,55,29,69,56,12,82,54,35,4,93,73,5,81,18,77,21,60,13,56,53,32,5,47,56,98,28,26,46,78,97,98,59,0,69,89,48,84,38,48,27,3,86,56,18,62,76,2,99,42,58,4,31,39,92,6,65,75,4,11,6,74,48,98,92,55,0,12,4,90,53,82,1,46,75,4,23,95,5,97,64,96,17
31,58,67,58,64,34,93,55,87,41,1,11,60,54,85,14,95,47,36,4,32,70,73,40,69,36,12,85,89,92,35,8,44,91,56,53,28,83,49,0,50,42,42,96,55,21,14,84,15,58,73,22,43,36,35,29,95,10,78,51,7,3,7,37,67,25,98,75,78,51,95,63,40,9,85,0,45,96,14,1,82,40,58,85,7,76,53,23,38,20,52,83,30,40,4,46,76,76,34,68
72,28,30,80,22,71,3,46,2,25,37,88,70,54,54,22,3,61,19,69,38,70,30,71,59,25,46,65,51,21,43,57,80,48,8,7,38,51,7,16,56,6,14,99,89,27,9,77,39,57,89,3,60,77,97,33,49,48,20,89,96,79,33,42,74,24,79,37,45,62,93,3,96,17,47,97,61,71,11,1,92,15,54,21,70,21,91,50,5,58,67,70,67,66,72,55,99,80,88,88
3,31,57,23,76,80,26,35,52,71,5,18,22,78,64,55,45,68,87,81,22,40,95,73,69,39,21,7,50,68,26,70,4,75,80,43,56,32,67,3,4,90,6,34,60,44,61,61,77,32,98,83,65,60,56,28,60,98,63,63,28,92,35,66,49,40,61,16,55,45,68,23,8,85,34,47,87,83,46,68,39,37,34,40,34,31,5,45,33,41,26,50,93,16,41,28,64,53,12,29
2,99,95,37,95,51,1,46,82,17,78,30,1,66,45,67,4,89,59,31,0,87,15,93,16,28,69,72,82,83,42,15,68,6,93,55,79,16,68,50,62,44,63,97,72,75,2,1,71,33,42,30,45,69,21,28,9,87,83,55,40,52,58,74,26,30,54,12,23,73,42,52,38,89,87,32,77,89,74,54,64,25,86,30,41,33,40,2,65,27,43,7,44,80,56,58,27,18,78,13
7,5,55,36,11,48,75,47,62,15,43,41,59,56,14,35,26,31,0,56,80,87,0,62,23,6,84,18,8,72,4,40,39,45,92,10,44,41,3,39,49,26,60,87,71,25,76,42,57,69,2,30,9,14,43,23,86,62,39,11,12,22,90,62,74,44,20,65,18,24,74,46,88,21,45,59,29,38,18,45,11,30,45,52,37,81,60,46,95,17,24,76,52,66,54,96,42,62,43,81
61,65,65,54,45,8,19,71,96,57,61,2,62,63,21,9,23,68,79,87,84,58,63,54,68,30,68,13,54,64,9,92,55,63,77,9,14,12,41,5,73,71,13,8,71,70,75,53,43,88,23,34,20,65,20,97,35,71,58,13,86,49,75,60,91,84,3,49,17,96,71,73,79,84,17,95,87,55,98,78,27,43,10,52,50,63,60,8,93,37,14,80,2,26,80,82,35,54,54,37
40,73,37,92,87,9,70,43,56,61,26,30,84,89,2,40,72,15,74,72,71,60,57,18,30,26,36,9,24,59,57,1,41,62,28,86,72,76,56,97,16,36,39,57,29,96,7,37,60,46,51,33,25,84,47,8,38,65,24,22,5,45,51,94,7,3,47,7,15,57,35,63,77,76,94,33,36,39,91,65,28,51,65,26,22,5,80,97,18,40,91,9,46,85,65,98,73,69,34,42
83,62,87,63,93,3,62,52,49,50,9,27,99,99,46,96,7,47,8,16,14,18,21,57,80,47,35,51,9,55,94,88,1,74,79,0,75,54,23,74,77,48,24,40,57,57,69,3,95,6,82,19,62,20,10,27,19,23,60,12,34,46,62,0,48,24,44,2,82,75,38,41,87,39,53,26,57,65,47,99,82,25,51,5,67,97,47,83,10,17,94,69,32,9,62,64,61,18,42,5
28,25,82,15,80,25,67,99,73,80,63,75,86,50,11,19,95,86,3,92,66,73,79,18,86,92,94,46,0,26,21,93,92,65,71,8,20,43,4,33,48,69,73,3,0,47,21,19,11,77,42,55,30,91,12,75,50,24,35,14,68,86,24,3,49,26,33,50,50,77,54,46,74,33,53,8,87,61,15,38,23,61,28,79,63,74,92,45,47,57,96,41,57,72,29,33,69,12,77,11
50,72,78,21,91,11,96,86,28,40,23,17,68,59,2,6,60,44,85,30,17,57,17,19,88,29,42,5,71,72,18,83,41,38,4,63,59,31,20,49,14,44,50,99,60,70,3,14,66,59,29,28,36,42,54,7,29,17,40,30,51,50,28,75,23,7,28,82,46,82,28,8,87,65,15,80,36,27,72,31,89,45,77,62,56,28,96,7,51,16,42,52,13,32,63,43,71,29,25,31
88,31,65,60,35,95,96,12,57,80,91,82,67,80,37,80,61,2,42,0,27,2,86,11,25,0,56,51,2,19,93,87,21,75,37,29,87,2,11,52,93,84,6,31,71,89,21,71,23,12,97,73,56,31,42,0,86,78,90,18,7,24,18,29,33,25,75,82,30,86,45,18,97,12,32,66,3,84,80,65,6,55,31,8,87,86,75,61,54,57,78,81,59,86,68,9,36,77,63,48
