28,97,26,25,64,90,70,98,64,2,76,71,12,96,86,92,95,8,27,4,61,86,92,44,77,18,36,93,52,32,58,49,20,73,98,84,57,57,45,47,97,80,66,70,29,1,29,64,83,21,7,96,11,21,57,59,87,71,26,17,6,84,0,37,30,44,55,97,4,21,41,19,85,85,90,6,12,48,39,45,55,83,14,47,13,12,97,99,29,50,36,22,80,48,54,60,13,17,25,56
74,67,46,92,67,27,99,69,63,57,15,11,50,2,40,93,15,46,84,77,96,79,38,31,48,64,5,53,93,82,96,15,25,99,68,28,28,96,87,93,80,5,77,21,25,33,40,99,93,16,59,8,39,70,72,89,96,52,36,37,43,26,67,23,74,56,16,60,27,50,16,80,96,60,10,68,84,2,8,91,86,57,33,65,71,83,58,18,34,61,36,95,51,16,87,49,66,78,61,79
12,15,67,1,64,20,49,79,50,7,94,75,64,81,94,20,71,17,23,52,88,43,15,61,24,93,88,44,3,37,71,38,0,24,11,96,27,47,94,95,95,49,51,18,74,17,90,88,96,50,0,2,36,37,19,33,27,26,50,0,54,54,3,93,7,49,70,86,48,61,2,96,60,45,10,12,20,12,38,54,54,81,69,55,60,95,95,67,55,33,92,85,64,41,88,15,20,26,78,53
77,85,40,89,77,85,80,21,58,15,33,2,68,77,86,61,2,13,32,88,5,71,15,95,27,77,18,1,72,87,96,99,16,31,8,79,89,70,10,49,68,57,27,83,58,12,50,4,28,92,0,40,64,32,79,10,53,6,77,95,31,64,80,19,27,52,34,70,20,16,26,41,66,66,57,74,77,40,63,98,56,80,37,35,93,48,36,71,36,17,70,4,71,17,86,45,41,51,59,53
91,35,16,51,80,91,85,87,37,18,11,81,85,68,11,4,3,71,98,28,70,65,40,45,47,26,45,81,5,4,34,97,38,54,46,5,6,35,66,61,9,50,54,75,31,24,84,48,7,64,56,91,94,46,55,54,41,58,66,15,81,44,15,50,28,39,78,70,96,71,85,13,70,4,46,6,77,53,22,86,17,49,31,11,27,77,64,2,33,95,17,63,40,95,70,51,66,12,17,26
11,58,96,11,43,40,69,69,81,10,24,12,12,16,87,53,3,85,21,26,28,47,62,22,90,35,72,65,67,43,43,85,65,37,50,58,21,26,56,20,90,7,66,79,16,71,72,15,25,39,97,90,54,67,13,43,27,7,20,12,8,6,63,24,35,35,79,63,15,93,99,72,48,33,73,62,38,52,62,82,84,6,89,81,30,51,57,50,38,28,34,75,44,71,15,1,5,92,51,54
78,11,34,79,99,91,84,91,66,56,36,19,42,82,27,88,8,91,55,35,5,48,39,59,60,24,17,50,80,41,27,26,13,7,25,71,47,78,11,11,35,51,23,9,78,60,86,11,9,23,83,74,95,67,58,20,31,98,54,54,30,29,34,12,21,0,83,2,28,61,27,69,37,53,7,76,92,20,30,89,57,15,13,79,52,11,7,41,30,53,30,81,16,28,85,4,5,43,29,90
94,48,71,62,21,30,7,0,44,48,59,27,59,95,16,35,32,35,98,95,24,13,8,83,83,35,78,49,82,77,79,99,85,72,55,34,19,62,29,25,26,3,70,88,4,43,93,60,79,48,88,90,86,86,97,72,85,69,83,36,4,16,76,31,89,49,55,17,14,53,75,99,86,74,78,82,91,6,28,80,21,4,84,5,40,55,90,73,87,51,11,56,62,89,22,87,86,1,4,26
95,31,34,15,71,11,75,62,17,70,13,74,58,95,98,65,61,62,8,68,94,40,19,22,80,28,67,80,60,78,57,6,49,39,38,84,35,97,62,27,29,69,60,58,19,3,27,90,29,89,70,91,56,41,42,34,35,17,68,96,67,20,22,64,33,7,38,98,13,29,70,87,52,5,24,9,38,27,94,99,65,46,38,85,43,25,32,72,99,11,65,93,63,10,51,77,86,17,87,89
98,54,15,67,73,32,58,41,44,92,83,41,93,59,50,2,14,76,45,51,63,96,53,18,36,44,57,17,33,2,66,69,52,53,10,86,5,75,46,88,41,56,6,63,16,5,76,55,44,87,6,0,4,11,93,28,55,91,87,3,62,99,44,78,56,89,89,34,59,54,60,0,77,47,36,62,27,52,16,38,87,37,65,54,65,27,53,25,10,38,66,36,96,18,60,41,58,98,94,40
40,37,79,35,69,68,68,38,81,1,84,73,69,87,29,66,30,42,45,90,30,2,52,40,3,64,52,0,42,97,33,27,56,56,8,44,15,23,22,11,59,74,90,86,0,72,91,92,57,66,89,44,39,78,23,2,88,93,82,61,8,29,92,89,90,51,55,44,12,40,63,52,32,51,7,67,11,36,69,84,19,88,84,94,50,38,98,59,71,8,64,91,73,83,69,3,2,69,24,65
1,60,54,26,17,78,63,35,34,16,74,61,3,64,96,60,21,35,14,35,95,47,6,2,71,46,11,24,41,8,71,53,32,43,79,84,5,42,14,71,84,95,50,40,51,54,43,90,66,84,25,33,44,97,98,35,43,82,91,45,67,2,31,62,2,16,10,99,49,30,59,81,51,30,74,92,19,34,65,12,47,69,17,66,11,5,78,12,9,40,0,22,11,45,25,2,4,3,88,19
92,64,16,26,74,36,57,22,36,28,96,51,78,27,34,46,36,93,12,59,34,39,6,78,26,75,1,16,8,49,88,28,59,58,59,3,37,97,63,86,13,52,42,13,93,38,14,68,54,71,45,30,88,96,1,3,27,85,23,80,60,65,14,29,22,54,96,23,60,30,88,71,67,6,32,64,66,5,75,49,6,84,76,15,33,54,49,58,39,3,71,23,95,27,67,66,52,82,29,98
39,34,41,14,46,69,82,31,95,52,8,56,99,16,92,1,63,25,75,94,57,29,84,7,20,88,49,1,69,47,44,72,38,82,41,39,97,27,8,2,90,43,94,95,46,96,24,97,68,86,62,69,94,63,3,2,89,92,86,44,46,97,78,73,85,9,64,29,12,70,25,33,9,71,48,91,2,86,85,29,58,60,79,15,17,29,20,7,8,73,42,0,63,56,19,38,24,83,27,49
8,35,83,85,86,76,98,27,72,18,3,51,51,80,24,34,27,47,22,58,7,81,87,92,47,36,99,65,55,81,84,51,25,70,88,84,68,33,24,61,67,62,45,65,73,37,55,12,87,92,79,55,93,44,31,69,30,88,2,64,42,34,90,86,66,39,12,80,51,14,66,26,36,73,97,13,86,91,64,85,82,54,57,54,54,21,5,47,34,62,59,50,13,95,58,39,60,50,49,72
54,68,81,50,99,46,65,26,48,27,49,15,35,91,41,39,1,44,26,57,24,1,83,47,12,19,50,38,62,31,93,88,55,34,52,84,43,3,50,96,89,33,56,8,99,25,51,11,76,30,49,96,98,60,22,39,60,46,53,62,21,18,22,80,41,64,72,45,32,46,43,16,40,3,72,56,62,34,78,37,74,42,98,8,84,0,99,35,7,93,31,52,92,39,97,12,52,79,71,28
27,49,22,8,77,31,13,24,63,95,84,97,91,33,65,4,18,66,96,69,46,0,84,96,16,78,73,85,44,46,47,94,68,26,93,66,3,25,28,96,46,8,43,79,99,66,91,61,50,68,39,67,69,97,5,65,36,14,33,81,69,70,24,55,10,42,81,8,52,96,16,20,57,21,96,51,66,33,35,83,15,19,97,12,37,66,57,60,41,8,8,62,83,70,48,78,29,77,50,88
55,48,73,67,69,66,94,61,44,7,1,9,91,79,98,8,88,67,69,68,94,5,47,79,46,22,97,93,43,95,32,93,72,58,12,50,32,51,47,6,17,11,21,48,6,76,69,51,59,71,63,95,32,71,14,44,2,27,2,89,21,44,42,80,83,81,4,77,82,96,61,4,77,54,40,71,1,10,23,2,99,54,73,63,3,79,28,53,95,45,31,61,85,56,41,47,56,49,33,39
54,20,5,25,20,71,41,16,87,80,16,63,42,93,2,80,25,5,83,67,13,62,1,27,51,14,85,8,67,67,87,25,1,97,91,8,62,18,4,41,97,84,40,96,30,87,39,19,89,17,69,16,64,28,91,52,34,88,34,89,84,79,15,70,82,1,34,13,27,4,30,70,51,53,47,64,29,1,55,76,77,99,71,94,44,55,81,19,79,72,28,88,75,15,95,83,62,2,92,1
99,32,58,68,92,98,56,2,69,58,82,39,14,55,5,76,25,62,0,61,74,52,46,48,76,82,94,0,40,34,67,70,58,19,44,51,57,44,41,21,4,26,80,27,59,85,94,86,47,13,54,78,57,66,65,94,15,53,37,85,29,90,8,78,65,52,84,39,13,44,88,62,56,94,30,45,8,56,92,24,59,57,93,5,19,99,97,40,12,66,50,81,29,86,2,23,42,79,55,91
68,96,61,74,80,25,66,16,51,62,21,6,83,21,77,91,6,31,57,59,43,40,28,33,27,38,79,59,6,41,88,36,8,13,74,78,59,35,11,17,81,85,73,21,24,34,24,20,2,38,71,16,0,56,19,44,67,62,61,17,81,13,15,25,50,59,49,73,35,77,50,0,8,78,34,16,98,19,8,71,72,32,29,14,95,45,48,59,30,50,5,62,72,36,13,88,85,46,71,87
39,35,45,13,36,46,95,26,10,68,41,53,44,45,52,17,53,88,30,94,36,49,59,12,21,65,88,6,74,37,8,68,86,12,87,47,29,35,7,45,86,26,45,58,33,73,12,65,76,88,37,65,64,85,63,33,73,12,35,54,88,50,16,44,14,48,64,18,1,34,27,56,84,8,74,45,99,7,40,90,37,41,21,83,34,84,40,51,77,82,83,86,0,44,74,23,14,91,49,32
95,23,35,20,86,82,63,43,39,53,50,49,57,76,71,0,67,20,55,92,87,27,50,51,73,86,19,6,38,6,69,99,77,98,10,31,21,89,32,84,69,21,16,76,34,16,66,66,51,87,12,35,49,1,59,60,53,93,79,91,34,65,76,4,23,22,81,67,22,9,70,3,32,97,39,45,45,86,86,27,77,90,55,44,5,94,38,18,48,54,18,40,46,99,34,86,34,21,65,14
24,81,68,21,65,43,66,99,55,29,68,0,2,49,19,16,65,2,43,21,75,3,92,44,58,72,96,10,21,53,47,42,30,21,30,97,67,48,51,46,54,73,91,32,61,80,78,49,48,24,75,56,82,57,0,87,54,8,29,32,89,8,2,34,26,81,44,1,43,64,40,70,32,11,39,84,71,91,98,93,5,20,1,81,36,4,55,74,54,12,49,43,70,0,37,83,14,62,31,75
0,23,90,56,99,70,88,56,75,2,43,3,94,63,30,33,9,68,57,39,34,68,61,84,27,31,99,95,92,76,30,95,51,1,41,18,49,95,95,23,74,77,19,79,46,76,84,95,54,61,58,44,14,43,23,27,1,43,93,52,55,46,41,94,43,70,57,26,44,33,39,86,71,39,28,29,24,4,93,33,79,7,9,31,82,25,10,15,55,1,55,76,38,16,45,12,29,34,53,7
14,29,0,53,75,46,28,81,46,13,20,15,31,77,44,22,42,11,75,41,49,5,0,65,39,7,8,65,25,52,14,85,70,6,3,59,34,72,65,95,71,2,50,43,23,85,25,44,26,24,48,69,45,91,30,22,17,54,13,56,90,18,68,84,23,80,30,65,23,51,99,32,63,53,89,35,54,65,1,62,58,76,76,94,24,59,43,11,92,73,25,82,64,42,35,44,95,47,64,79
14,33,44,83,29,70,96,31,81,67,63,22,14,88,63,13,13,76,20,57,4,93,54,54,84,9,34,46,97,45,98,20,48,67,70,0,19,5,96,61,47,41,13,94,99,23,1,62,65,40,24,54,81,1,63,97,18,60,39,56,73,15,14,97,85,5,58,63,0,63,66,7,49,80,81,52,47,90,83,20,43,33,89,56,11,94,52,59,13,49,8,92,66,59,95,93,68,11,4,0
96,0,7,1,54,68,60,90,51,8,76,88,49,45,9,81,77,59,9,80,17,57,73,97,82,68,41,2,53,65,24,47,63,42,86,21,71,9,37,99,40,50,33,33,31,6,1,83,49,8,15,35,28,48,72,71,40,35,84,13,10,11,1,17,65,20,8,48,16,31,42,87,84,91,68,49,22,61,17,73,82,82,81,56,43,34,15,90,56,35,41,73,88,45,97,44,42,95,28,45
27,22,33,67,36,27,39,29,93,31,85,44,69,57,84,81,93,62,16,63,78,5,23,28,46,6,46,50,66,65,66,38,75,42,19,21,45,11,5,28,21,34,88,30,60,99,86,8,47,26,81,76,46,80,34,99,61,56,72,34,65,18,30,12,34,42,48,55,93,54,7,12,34,75,91,89,40,30,53,58,28,9,86,91,8,80,31,74,40,1,81,16,63,52,49,23,80,92,0,68
22,96,60,6,47,30,94,23,97,10,4,22,89,74,57,7,12,50,1,56,4,74,23,93,45,62,85,10,63,54,86,48,14,42,0,38,68,90,81,38,71,6,12,77,49,94,80,44,38,65,28,18,0,84,43,7,37,57,33,42,8,49,55,59,23,12,91,11,47,25,43,37,50,22,32,75,89,18,24,86,82,69,69,99,62,37,85,96,16,39,82,46,73,98,3,45,64,52,42,46
29,26,62,28,22,63,40,59,72,68,77,98,56,95,94,88,54,94,53,18,82,40,82,76,58,71,38,7,48,93,36,82,20,96,8,0,88,60,36,54,96,41,75,90,60,7,25,69,29,59,2,75,47,55,60,21,98,97,20,23,25,68,69,4,60,56,94,95,86,78,69,84,89,81,61,20,54,27,66,14,38,32,70,42,64,60,32,96,86,68,20,31,58,15,93,92,76,87,51,3
65,88,70,60,0,4,56,91,55,46,83,54,38,48,99,36,95,71,38,71,1,32,79,46,38,38,17,69,37,63,57,99,34,70,59,39,97,54,16,71,53,49,30,17,33,5,70,71,90,82,7,35,76,8,33,8,63,15,84,44,58,13,38,51,83,33,8,69,35,46,69,40,69,82,18,21,62,98,46,41,91,26,94,7,38,42,34,97,88,76,86,1,4,49,27,87,18,60,30,41
86,62,31,74,7,45,96,24,30,38,29,4,47,5,60,65,8,9,33,85,65,25,56,68,27,59,32,11,93,27,80,92,72,9,25,25,96,12,55,15,76,79,13,58,75,18,11,34,97,20,19,17,10,93,5,0,61,91,24,88,49,95,18,50,10,90,72,94,10,82,55,37,44,67,3,26,97,6,29,41,46,45,68,0,82,13,33,77,21,13,85,32,27,72,89,26,82,2,72,80
95,8,28,43,87,7,6,16,55,0,82,24,27,98,84,5,3,51,84,93,69,68,13,57,65,45,28,77,96,78,13,39,61,52,42,25,65,67,4,5,35,88,96,60,79,28,19,62,52,58,79,10,9,86,1,78,33,46,67,35,19,4,38,59,1,34,2,18,29,15,43,31,71,43,85,52,50,55,72,99,25,79,37,53,70,57,64,35,38,83,66,19,24,49,69,4,52,29,11,63
76,19,8,84,14,97,68,29,89,99,80,54,90,4,78,53,12,67,56,64,27,94,10,66,46,9,28,22,84,89,6,64,5,83,19,79,19,96,65,99,76,36,79,28,55,9,67,63,18,26,99,30,66,68,18,91,86,4,15,58,59,38,69,4,41,19,96,96,72,47,17,37,70,66,93,90,68,17,27,51,52,19,38,67,2,59,22,19,52,50,28,95,36,57,14,72,56,90,54,99
52,39,83,8,80,33,21,31,37,48,62,44,20,2,61,41,6,50,55,38,78,94,53,5,6,90,33,40,57,10,34,52,94,62,27,64,61,80,93,87,43,10,36,15,87,67,99,91,8,50,68,32,95,14,92,68,35,24,72,99,44,77,40,99,16,51,13,60,41,29,59,90,56,65,58,56,43,2,90,69,51,18,41,40,73,8,82,96,78,19,85,94,42,21,4,65,5,75,62,21
54,46,59,0,9,70,95,6,84,11,52,47,87,50,38,27,0,94,18,33,34,40,99,33,34,68,2,77,85,49,81,19,57,57,35,57,6,19,11,6,85,58,22,21,12,47,56,96,9,22,3,19,57,46,58,19,34,79,53,62,52,98,47,29,37,72,5,70,59,67,54,15,39,38,55,92,70,0,90,16,80,37,8,67,86,73,83,77,51,6,30,7,26,85,82,20,99,60,39,26
53,67,77,11,98,85,33,34,44,58,84,15,32,43,70,40,73,46,61,3,99,69,81,45,31,94,96,92,82,65,43,80,14,54,19,72,60,61,46,93,44,96,27,25,46,16,25,78,5,57,60,40,46,0,66,73,91,42,80,36,96,31,53,26,55,84,65,82,84,32,23,16,1,90,65,13,93,56,56,57,52,32,93,45,3,15,92,20,94,20,31,45,73,86,91,36,93,2,93,50
24,16,36,83,75,33,57,28,17,91,65,77,25,89,87,33,15,41,52,96,28,73,71,3,22,54,51,32,26,44,45,80,4,18,65,90,70,97,52,81,84,85,94,67,44,44,94,94,37,28,50,79,97,76,78,61,59,91,26,40,76,12,0,48,81,10,73,50,51,40,72,41,47,74,96,45,29,28,98,97,2,67,98,88,41,21,52,8,11,56,20,62,65,1,67,5,99,16,37,53
20,29,83,16,57,5,3,57,0,61,76,37,29,97,40,63,84,21,7,67,2,99,21,92,59,96,69,80,85,4,65,77,66,89,60,37,59,56,14,74,89,20,94,28,87,55,3,41,62,19,1,36,5,30,28,29,96,47,2,80,55,50,41,61,1,10,76,53,24,37,63,88,72,68,15,71,87,74,64,16,59,56,17,69,16,59,98,53,82,1,58,23,74,33,64,41,57,55,9,8
58,93,96,15,61,46,36,66,18,20,51,22,59,3,72,82,54,68,31,60,31,39,86,26,66,19,40,97,14,57,18,77,65,41,70,63,68,41,95,20,31,38,24,21,43,4,88,8,91,2,67,67,9,12,81,80,78,15,19,41,57,19,11,5,26,79,28,49,13,41,47,45,67,20,58,35,21,24,59,27,93,49,50,16,23,61,75,11,71,68,26,90,52,14,29,84,40,20,24,24
77,31,68,19,70,94,34,83,26,66,45,3,45,21,87,89,76,17,0,56,72,91,28,70,92,77,79,85,16,76,44,51,86,26,31,28,91,83,80,90,83,91,68,75,98,46,15,1,62,72,29,54,86,24,79,11,30,48,45,1,86,2,17,64,93,39,43,13,50,77,96,78,94,42,86,76,81,0,82,84,12,63,21,2,56,16,69,12,84,24,19,16,29,28,75,34,42,29,16,13
20,43,54,25,4,56,38,49,57,98,72,34,2,17,36,96,79,5,43,53,47,24,90,93,45,69,45,94,70,68,6,21,17,72,73,29,14,95,20,83,68,78,44,44,99,15,31,12,38,72,29,39,56,53,41,49,64,28,9,46,63,49,82,41,28,89,70,68,2,82,97,10,46,42,83,56,81,32,61,85,14,24,74,16,61,14,85,48,83,47,73,68,74,15,91,53,82,87,85,69
74,54,76,5,12,0,97,52,23,80,94,31,87,23,60,38,64,55,44,57,92,84,66,91,16,19,81,40,10,72,86,40,68,14,73,21,21,2,22,15,73,28,14,12,4,28,49,55,59,41,56,53,51,28,11,86,55,12,21,2,4,97,29,94,50,59,5,2,18,41,94,69,3,83,26,42,41,30,82,89,80,35,96,24,23,19,90,40,81,18,2,53,18,86,29,69,18,51,55,48
23,93,4,46,81,86,13,33,31,23,62,95,62,78,9,69,77,34,69,98,80,30,0,39,98,55,27,99,26,25,67,90,91,6,49,34,23,32,67,47,34,1,63,54,44,1,61,57,44,75,93,81,86,83,43,0,72,40,87,27,33,10,29,92,90,52,41,46,69,49,73,74,77,37,83,48,16,56,10,19,97,98,2,66,77,10,96,14,25,49,80,56,22,25,66,56,61,67,64,20
91,54,34,70,80,96,95,31,77,40,92,61,76,21,67,15,11,34,22,43,64,73,32,77,91,67,81,72,44,3,57,54,25,7,50,73,64,28,23,5,34,96,1,96,79,75,86,54,98,75,33,51,30,38,49,39,3,75,6,17,26,28,81,55,79,98,5,21,29,2,2,24,1,93,31,15,29,39,65,70,56,54,74,68,94,2,28,31,78,37,97,78,24,13,17,23,65,53,56,66
70,10,2,83,1,34,85,68,76,79,45,71,80,46,72,60,13,43,21,6,79,34,99,16,81,52,82,14,24,88,50,70,20,59,49,78,34,63,87,76,36,5,30,22,9,8,71,59,55,51,99,75,44,57,39,23,94,43,11,73,90,94,79,55,78,95,20,34,92,29,78,66,70,79,43,73,85,35,19,47,87,51,72,1,28,74,49,46,2,3,26,54,36,43,59,41,57,65,7,13
38,43,9,84,38,55,49,86,95,88,1,37,89,87,98,83,47,30,22,34,14,64,21,19,90,44,15,74,24,44,73,21,54,74,72,19,59,66,96,88,99,66,72,76,74,35,53,30,33,61,37,26,97,86,9,91,73,76,26,3,4,70,95,80,27,13,76,82,82,36,68,19,65,97,72,90,46,19,47,91,70,85,18,72,56,97,69,70,83,39,73,59,85,29,53,52,53,65,52,59
70,53,81,35,24,62,17,88,40,23,39,27,78,81,73,50,59,17,44,48,77,74,6,48,26,10,83,84,48,96,60,3,39,97,10,76,74,36,56,78,21,98,96,80,49,46,59,0,61,46,57,73,60,81,71,67,75,57,53,37,76,37,40,33,23,44,28,90,18,35,48,31,64,54,75,44,11,50,15,32,46,92,29,18,22,26,83,52,97,79,42,9,65,21,89,66,27,69,19,42
0,8,17,56,82,62,72,14,20,17,5,19,31,10,52,41,81,55,75,10,31,69,31,34,0,75,90,30,18,38,55,19,16,94,32,20,94,77,6,6,56,85,42,84,60,30,14,84,23,28,46,70,39,86,20,62,59,60,27,32,1,77,52,65,82,22,44,97,33,96,71,61,7,77,85,73,4,50,42,70,98,4,20,39,78,81,41,83,27,10,0,77,79,84,25,12,26,19,9,88
54,11,61,81,10,22,90,51,3,20,41,51,64,27,77,42,46,42,38,76,92,64,66,81,2,45,95,56,28,30,84,36,74,3,37,96,15,42,89,10,22,26,95,80,35,86,70,19,75,48,22,45,22,3,32,39,54,9,22,61,93,82,31,11,65,38,38,40,79,57,63,37,77,81,76,51,30,24,18,98,36,9,70,87,82,74,35,88,72,36,94,60,71,51,60,78,78,49,62,55
18,30,75,49,39,25,47,78,76,98,61,30,30,99,6,92,78,78,61,76,95,42,18,99,59,2,31,48,25,31,19,12,93,49,41,77,17,94,42,39,7,19,67,92,16,56,22,94,39,38,64,22,76,31,79,68,49,94,86,6,31,98,10,8,46,47,38,78,58,36,83,64,74,31,93,67,7,70,33,24,22,74,7,35,35,23,29,66,57,96,99,80,8,73,87,81,30,91,61,48
15,83,15,84,44,47,74,80,2,70,88,26,17,83,67,15,99,46,80,17,0,43,49,22,87,35,81,93,42,85,50,47,7,58,41,19,67,62,98,63,58,56,83,88,65,0,10,29,81,47,20,17,52,3,69,83,76,58,62,98,92,78,1,46,31,63,27,34,26,61,70,31,14,4,2,74,27,74,79,14,88,76,68,31,54,57,54,71,80,28,12,58,22,29,99,78,19,33,35,35
57,23,49,29,75,74,12,21,69,20,43,42,72,7,61,14,47,60,64,36,43,35,92,8,66,99,39,94,37,63,98,80,56,68,79,41,60,14,23,79,5,50,67,80,66,98,51,89,5,89,75,68,4,81,14,20,14,75,53,95,12,86,72,76,51,33,60,83,86,91,61,90,37,73,60,1,2,51,26,10,53,3,67,16,16,43,9,47,16,94,58,77,10,38,65,47,10,5,33,46
69,63,3,45,15,60,49,85,15,43,97,0,80,6,33,95,98,1,46,87,30,22,76,11,59,40,52,41,69,37,69,70,24,64,20,64,98,44,79,39,98,10,17,12,76,67,96,98,83,67,57,78,67,14,85,26,92,66,22,42,44,52,40,77,39,48,54,39,29,80,17,4,10,8,42,40,83,33,25,37,54,1,94,91,90,7,61,70,97,25,11,95,59,6,15,29,63,89,67,26
14,52,19,3,16,77,40,1,59,61,86,7,28,98,65,73,89,48,22,46,17,88,47,10,18,20,93,98,0,32,44,50,8,65,33,10,16,69,95,48,50,94,61,81,80,84,45,35,71,18,30,67,49,17,49,53,29,65,34,18,57,65,89,18,58,46,39,42,49,0,6,12,91,97,94,95,55,82,0,78,35,67,1,53,88,87,98,55,32,94,6,79,47,84,34,46,62,96,86,86
55,53,70,97,5,84,35,56,77,59,56,91,99,18,93,67,75,25,42,44,83,54,30,21,45,25,10,86,31,74,61,80,95,2,23,19,78,82,6,29,9,36,69,59,14,72,44,86,37,93,73,76,78,50,45,18,4,92,94,14,1,52,9,37,36,93,17,14,41,96,26,62,79,62,1,41,28,28,9,98,79,5,99,68,38,88,31,48,71,65,42,38,20,43,84,40,91,95,35,59
21,84,71,34,32,23,38,44,49,63,48,18,24,82,87,22,45,75,92,75,55,31,74,46,23,46,4,95,84,17,23,17,8,46,98,42,52,48,13,86,53,68,82,95,9,69,98,76,76,96,89,52,15,56,21,79,92,26,81,35,6,69,31,35,73,93,38,9,78,61,74,55,71,55,22,49,13,28,40,37,43,98,49,35,24,42,92,48,38,6,97,79,50,20,28,67,68,41,79,29
18,30,61,13,9,17,96,63,53,24,17,17,35,98,69,20,29,54,48,81,73,87,86,73,47,82,1,56,33,51,98,44,14,51,25,62,14,37,32,86,12,57,41,92,98,94,87,6,75,89,34,2,29,87,79,98,66,39,44,83,56,78,30,42,23,95,55,84,78,88,83,2,75,6,51,34,46,21,9,58,58,73,41,95,74,17,64,17,30,22,91,30,72,6,3,56,71,24,43,41
70,57,24,6,14,21,84,20,89,88,6,8,77,99,55,5,56,46,78,31,79,1,99,63,3,76,53,14,30,80,13,72,0,8,35,95,64,53,56,81,40,58,47,7,40,79,2,58,36,85,84,20,15,87,24,68,72,64,93,48,87,41,93,21,13,90,97,73,9,1,98,8,12,32,23,56,76,49,64,48,92,3,46,95,36,11,81,23,35,17,30,9,23,1,82,36,45,14,41,59
54,55,0,55,63,57,98,54,1,89,1,14,29,46,49,5,46,2,15,55,65,3,80,98,62,13,37,42,92,77,95,18,11,89,60,9,59,37,4,10,82,38,51,36,91,53,43,66,78,37,98,48,64,38,19,74,23,58,30,70,66,66,87,49,59,48,35,35,63,89,62,24,84,86,16,50,38,21,3,78,59,38,38,83,33,11,0,54,74,30,85,35,12,49,54,33,87,56,61,63
50,72,83,92,70,39,89,96,71,65,98,56,66,18,63,10,8,6,2,86,8,90,45,7,44,7,3,42,50,49,65,35,18,35,23,21,21,91,30,3,80,26,85,36,6,97,64,87,49,81,77,6,28,49,0,69,7,87,74,76,9,31,45,38,82,76,54,11,40,48,47,9,34,91,21,16,96,19,71,29,16,27,10,73,63,53,4,94,5,58,0,74,27,70,43,67,53,22,29,76
35,59,59,60,98,28,66,98,28,4,38,64,89,69,48,88,89,57,9,40,55,39,87,89,61,90,48,64,37,75,71,98,88,64,55,51,30,10,90,90,97,31,1,24,13,1,7,90,77,52,37,20,51,63,34,76,18,79,71,77,57,23,20,34,85,79,23,38,23,0,63,93,8,30,2,29,94,2,99,36,95,28,50,43,63,89,6,28,19,40,66,8,61,70,33,63,2,64,47,2
18,63,36,43,72,32,83,60,37,65,77,14,53,91,82,68,97,85,69,1,19,87,15,79,53,81,89,22,96,79,47,21,49,2,61,64,25,92,53,11,63,77,16,67,28,15,59,99,71,55,70,63,23,2,19,84,44,92,28,51,50,56,58,9,86,61,7,91,65,67,20,56,18,55,40,92,46,38,25,72,27,45,25,45,86,38,38,61,48,34,18,1,73,67,49,4,43,13,61,33
25,62,32,82,36,90,54,61,99,73,26,92,47,88,10,71,89,24,91,45,76,43,12,25,53,23,28,68,38,1,75,46,91,39,16,21,51,35,61,21,50,88,68,77,5,38,2,79,32,18,28,0,40,4,29,71,17,54,79,56,62,30,53,29,99,39,6,73,65,4,97,49,92,39,16,73,23,34,80,67,58,21,75,75,52,92,33,55,49,62,89,21,2,99,76,71,21,14,96,75
76,80,38,9,88,58,50,38,64,97,17,0,48,73,69,92,76,3,93,92,54,72,75,1,92,32,15,28,83,32,83,41,22,12,69,96,71,72,58,18,75,18,91,25,77,74,25,53,44,38,68,6,88,52,33,49,39,26,46,15,80,85,46,65,93,34,45,27,1,31,47,57,82,82,88,47,77,83,37,40,93,52,42,11,78,75,27,38,82,4,98,49,62,60,79,98,99,22,10,98
57,10,82,65,64,24,15,26,77,42,91,23,45,74,31,24,73,55,77,3,7,23,81,81,17,43,56,20,66,67,41,68,95,72,7,35,45,68,57,21,65,69,44,61,49,3,80,64,60,68,66,8,61,22,42,84,38,56,46,7,28,49,61,90,8,82,78,44,56,7,53,13,28,42,92,27,9,43,92,41,80,68,7,21,20,13,2,34,73,33,40,27,4,5,34,4,11,93,82,59
63,16,51,26,7,39,15,51,85,39,95,84,12,54,32,90,40,49,3,59,65,44,72,41,18,22,68,77,61,91,21,35,81,99,3,15,93,78,64,55,69,51,93,25,81,6,17,32,28,85,32,6,74,42,52,23,1,12,64,14,10,93,89,18,90,25,17,65,67,9,52,57,90,69,51,11,66,23,13,86,66,54,37,88,93,67,25,95,95,8,93,55,53,63,47,32,34,46,10,12
53,97,23,3,2,15,56,27,72,71,86,7,93,27,94,60,86,23,87,36,35,49,51,39,87,57,54,15,77,45,22,3,53,82,45,28,82,1,85,85,78,28,78,49,45,81,48,63,28,46,86,78,69,88,90,27,75,83,0,61,3,38,15,43,94,52,37,96,27,54,76,96,33,3,73,23,6,99,14,89,68,68,13,57,33,80,99,22,54,20,19,4,60,85,55,39,62,50,41,16
99,14,15,33,69,0,85,90,64,85,1,81,93,21,13,46,43,2,89,46,23,34,40,34,44,67,13,61,1,18,3,26,88,98,85,51,37,39,41,44,79,28,91,0,56,5,2,15,47,53,16,81,35,31,47,82,39,60,1,3,36,43,52,32,4,61,15,32,49,96,96,75,95,39,46,14,16,87,56,62,1,65,13,3,81,57,19,36,45,39,36,37,23,44,51,37,33,12,92,81
18,31,7,17,41,14,21,75,46,93,30,54,45,79,47,37,6,46,54,60,2,76,76,40,21,43,90,85,1,57,92,73,4,96,57,68,95,30,1,50,29,73,38,23,59,18,58,47,33,11,50,55,15,55,96,12,90,38,99,0,22,35,59,82,66,79,56,23,54,98,97,95,50,40,46,97,63,51,59,9,15,28,40,64,14,45,73,85,56,78,99,74,66,8,94,1,76,19,94,2
74,51,57,96,64,95,47,29,61,80,8,54,91,62,16,38,72,94,25,70,4,39,78,75,19,72,68,25,24,74,16,50,91,88,5,79,8,40,40,49,65,32,11,11,18,98,5,83,65,9,59,32,52,54,15,32,44,31,17,52,83,94,58,85,82,74,82,48,86,48,47,83,63,33,40,7,72,59,12,54,66,22,51,6,32,88,12,0,44,2,29,91,92,60,84,65,13,64,55,13
9,47,82,78,23,55,69,23,56,20,93,56,1,58,13,18,59,68,75,99,41,57,17,65,72,13,1,57,49,54,52,60,57,52,90,50,50,70,48,7,90,61,36,27,39,4,74,45,18,65,17,85,78,62,64,96,66,3,34,61,31,9,97,29,35,41,71,47,58,91,80,26,11,29,41,36,37,48,1,78,24,23,49,98,55,20,62,97,15,59,51,13,93,44,31,42,55,65,4,73
48,34,86,65,79,82,51,60,65,27,47,11,58,93,5,26,39,20,40,99,14,73,68,13,61,60,73,65,12,39,51,24,33,66,77,80,25,82,91,58,53,40,18,9,24,13,79,74,48,80,17,15,89,93,53,50,85,64,75,2,2,41,74,53,71,83,13,99,98,82,41,58,47,52,84,83,81,45,68,24,69,28,85,17,72,34,5,94,99,56,70,50,15,73,30,83,27,13,78,41
29,67,69,76,1,34,53,82,1,59,84,54,90,58,52,80,36,70,29,99,81,89,93,29,64,88,18,46,42,45,64,90,74,15,66,73,73,99,27,42,97,21,46,67,79,77,39,97,21,16,93,4,17,6,32,3,8,30,20,86,58,3,8,68,71,83,78,91,13,98,52,46,76,24,16,55,16,70,77,60,86,27,85,1,77,48,15,51,8,88,82,19,29,70,65,61,97,15,83,96
95,27,19,0,16,36,40,35,17,79,94,56,95,12,36,62,51,26,99,38,67,8,89,69,21,30,32,61,31,63,82,42,89,7,64,13,10,29,55,17,86,76,19,94,81,36,51,19,46,36,87,88,58,78,41,65,96,48,27,10,31,30,74,27,54,1,40,12,4,23,0,51,35,96,83,34,80,89,70,65,73,75,95,92,92,76,18,98,92,63,0,94,33,86,97,91,29,65,22,27
30,77,29,44,28,59,62,39,67,20,65,39,70,42,60,95,7,9,79,43,43,91,51,49,74,45,49,56,80,88,70,38,35,85,24,12,73,34,80,54,3,61,76,0,60,10,33,0,67,56,77,66,36,13,46,77,65,29,87,31,38,14,61,39,24,10,38,3,62,44,22,43,11,76,34,94,23,74,14,92,73,87,4,63,98,36,27,92,55,76,47,93,63,5,93,44,28,83,15,9
16,61,67,49,99,53,76,29,35,10,83,51,33,64,20,40,43,1,17,14,32,44,32,21,43,27,84,89,48,49,95,94,77,94,59,73,1,63,42,55,3,71,17,25,42,57,4,46,34,43,24,33,75,67,3,78,54,36,30,12,15,13,97,47,50,22,14,7,91,24,12,25,17,0,51,37,28,12,21,30,59,3,97,95,92,90,53,46,75,95,1,15,86,29,82,79,71,10,65,18
45,15,37,32,0,10,77,12,8,38,52,47,21,59,23,32,8,69,43,89,64,12,23,26,52,10,10,81,37,81,75,59,64,3,39,87,80,0,28,81,94,19,98,49,94,46,62,21,87,88,96,85,4,40,67,47,82,16,9,19,62,4,61,86,99,85,72,22,57,27,26,1,81,15,14,76,85,21,59,18,92,58,18,76,11,90,94,72,19,63,94,53,44,14,77,6,75,22,57,45
35,22,86,68,78,50,82,24,78,71,69,23,60,25,43,52,41,39,46,5,32,63,51,33,53,19,5,84,31,40,5,52,58,5,41,81,8,96,40,58,73,77,0,35,90,92,65,91,22,70,53,27,57,35,66,20,50,16,4,31,8,84,34,99,58,45,97,97,68,40,2,68,50,17,92,71,47,82,69,80,59,51,79,70,89,53,76,3,0,76,19,88,90,38,70,43,63,77,69,4
1,40,4,20,41,54,58,86,98,97,74,99,10,99,30,50,80,51,64,57,61,35,61,55,4,82,78,63,50,45,73,78,28,66,40,77,30,45,49,6,36,67,65,40,72,69,16,34,75,79,12,18,79,74,18,60,27,83,54,31,25,30,1,90,88,40,16,79,97,81,37,96,56,97,27,36,5,50,12,87,6,55,14,58,68,93,70,74,94,75,69,55,41,31,94,16,46,48,41,14
38,3,86,75,19,11,85,54,65,21,71,68,68,20,99,53,62,14,62,22,1,97,88,7,98,89,91,58,13,63,75,10,57,10,73,81,9,89,38,37,56,14,47,39,26,59,95,68,48,44,81,27,45,44,55,87,72,11,28,86,6,33,90,40,50,78,1,95,80,91,93,83,63,98,14,46,79,86,73,77,13,16,63,58,74,78,62,16,80,46,94,60,61,22,17,98,73,72,62,84
3,89,9,79,88,57,52,49,16,78,26,6,99,76,76,19,31,37,21,24,28,1,88,34,53,34,41,26,71,27,49,17,36,83,27,18,80,37,59,77,76,19,15,14,89,19,57,22,33,58,19,9,93,60,58,6,86,81,46,35,58,24,17,78,67,77,59,78,20,68,49,30,96,20,13,77,67,94,57,18,3,1,54,90,88,4,61,84,37,83,80,97,79,66,82,99,26,66,24,92
66,62,81,7,31,23,79,31,60,84,44,8,22,42,12,83,51,20,7,42,10,55,99,53,78,73,72,23,90,24,92,57,52,6,51,90,42,23,56,16,54,94,79,99,70,9,81,69,40,65,62,14,64,47,22,81,28,66,36,55,41,65,9,96,76,44,28,84,12,79,39,69,36,7,29,20,81,30,19,98,25,70,30,12,28,1,58,91,27,12,25,34,19,18,4,69,20,29,59,84
82,80,17,21,66,15,10,7,6,1,72,68,8,11,77,26,57,11,99,21,9,72,95,1,47,52,53,24,42,28,64,80,20,59,90,52,64,99,82,91,59,85,21,41,23,45,5,25,23,19,85,1,76,57,99,28,18,9,87,42,40,45,88,57,41,10,65,86,50,51,46,37,8,0,42,3,80,83,41,60,36,2,87,98,77,75,60,86,67,86,23,45,28,57,2,22,89,10,4,51
76,29,65,65,22,32,55,33,33,70,62,25,57,88,10,97,21,55,22,8,39,55,49,23,44,87,78,72,49,87,65,91,18,67,35,70,21,79,27,40,72,53,58,45,49,65,15,76,90,48,21,6,93,83,21,90,63,24,80,55,65,37,25,14,64,73,17,33,92,47,44,98,32,16,79,92,10,41,47,25,22,7,66,87,54,96,95,0,4,23,49,94,16,4,35,21,58,97,26,26
80,41,28,96,80,28,1,17,84,12,65,94,12,51,12,48,49,29,18,96,77,81,8,38,18,36,41,55,52,86,42,8,32,33,43,51,2,36,78,77,36,62,99,45,15,0,87,49,7,85,71,75,85,65,45,15,61,76,21,32,82,29,13,24,44,67,43,14,57,1,60,55,21,2,10,33,77,47,12,5,16,26,2,15,11,55,80,36,46,74,56,4,92,80,32,74,10,91,94,53
17,90,78,36,36,50,50,82,73,48,58,41,11,74,75,50,5,4,50,82,71,16,82,39,62,15,10,61,27,25,45,84,2,63,73,32,13,40,95,45,62,65,17,33,20,30,50,30,74,39,38,41,24,56,30,33,73,61,27,90,62,57,88,63,79,1,31,99,39,85,53,68,2,0,17,72,84,23,78,37,2,89,12,52,52,28,86,59,99,2,23,49,60,34,95,43,62,95,90,20
74,70,83,29,32,1,19,31,91,71,92,94,81,76,13,76,20,41,40,76,77,87,11,9,24,58,50,71,30,66,53,8,95,21,38,75,76,11,82,21,68,67,48,18,75,47,92,21,60,99,17,28,47,63,46,71,32,3,72,74,91,1,29,54,82,95,74,93,89,66,54,84,19,19,62,23,36,84,13,18,79,26,33,71,74,78,1,14,24,71,22,74,69,25,73,23,86,20,78,86
49,19,35,6,42,38,5,19,20,67,0,80,69,14,43,65,44,41,10,84,85,24,40,30,28,69,65,87,88,8,24,63,83,41,6,19,94,74,42,52,87,8,38,55,55,83,13,62,47,60,59,15,38,55,81,83,80,1,89,85,39,22,74,97,79,48,38,28,57,74,25,0,53,68,30,6,44,33,65,59,65,69,51,7,84,28,87,7,77,86,22,59,44,24,85,5,93,13,72,69
83,13,78,58,42,23,49,86,77,67,27,74,12,31,19,93,59,31,92,80,83,3,55,98,14,13,45,22,49,8,62,10,87,5,5,14,74,0,65,90,30,79,93,69,30,27,46,49,34,12,65,92,75,16,24,29,90,44,57,67,15,11,54,6,86,56,9,44,1,11,96,12,54,39,74,79,77,91,60,39,77,99,46,41,83,78,53,14,99,54,83,54,27,65,23,66,80,27,3,65
51,21,85,14,34,32,73,32,79,42,33,70,17,59,14,62,76,0,15,81,10,60,97,79,61,99,46,25,59,74,95,31,93,37,20,56,65,43,7,44,22,93,22,71,70,82,98,79,46,99,57,84,10,44,23,8,65,27,29,64,34,89,29,84,21,51,10,95,59,50,43,36,8,75,94,33,99,95,19,9,9,10,96,21,36,39,39,59,75,96,38,55,31,96,32,23,24,56,10,83
34,54,27,34,95,25,45,33,61,17,26,82,22,86,26,85,20,53,80,58,72,83,53,26,86,75,54,68,46,7,12,40,3,83,33,0,66,90,43,95,79,41,14,12,91,6,97,55,37,14,93,99,66,3,44,24,96,38,9,67,56,53,21,33,8,25,62,77,12,50,57,7,38,44,89,34,97,14,44,80,31,74,79,93,94,65,41,6,93,9,25,41,40,77,52,15,65,23,98,77
67,14,74,28,77,36,9,88,33,27,12,19,39,32,34,96,80,36,79,39,72,79,84,44,20,91,61,29,50,67,73,40,30,65,2,26,33,94,68,82,41,24,52,74,29,78,73,40,13,12,71,68,5,78,8,54,90,48,8,24,73,44,86,63,65,40,46,35,57,66,70,88,11,38,84,35,96,27,17,50,75,82,52,25,58,20,70,14,67,11,86,32,81,73,23,72,72,14,37,65
14,67,45,74,85,48,84,6,33,86,7,96,55,57,38,49,32,10,22,24,24,89,86,8,16,16,50,13,87,7,79,53,44,11,79,21,29,70,16,53,39,36,8,36,62,54,69,77,65,37,48,20,24,65,0,22,18,63,95,13,17,60,44,70,38,57,17,12,49,89,53,22,18,62,43,65,6,20,69,53,21,63,4,14,50,60,81,39,40,35,96,32,84,68,85,89,12,56,79,31
19,0,90,89,8,6,15,71,97,75,67,88,59,57,65,63,92,89,43,78,82,88,95,94,15,40,5,38,79,26,65,58,29,28,4,91,98,37,19,70,49,8,58,87,12,79,72,94,92,76,0,5,63,6,14,23,42,15,84,0,35,5,58,89,77,76,90,48,35,31,80,51,64,15,27,14,3,96,69,30,44,50,8,28,3,57,46,36,45,57,75,12,47,79,68,56,70,32,8,12
17,52,86,76,60,50,92,80,93,58,63,97,71,74,9,21,95,93,50,87,52,7,49,46,99,18,85,52,39,65,98,30,56,76,60,11,31,83,31,22,86,4,0,46,56,60,93,22,67,6,57,22,96,53,98,85,85,7,14,24,66,30,60,47,9,94,40,11,11,10,12,56,17,29,78,54,41,21,84,92,70,31,18,12,3,73,10,6,18,2,50,23,98,52,3,70,11,8,88,76
58,6,65,1,38,27,34,79,65,1,12,90,37,50,94,65,62,85,98,33,80,27,38,51,51,42,46,57,19,64,49,18,95,47,64,62,42,96,40,71,16,50,63,1,3,53,93,85,69,73,25,5,91,29,79,40,40,60,14,89,77,76,10,93,77,86,84,63,76,29,99,56,74,38,8,89,73,38,82,17,44,68,63,71,22,10,3,8,95,87,57,13,80,38,93,58,58,14,86,27
69,47,5,44,34,33,47,41,90,79,47,63,32,14,44,43,22,41,10,60,55,34,37,47,8,23,44,19,81,3,4,87,61,84,60,6,94,38,49,2,43,21,2,93,71,76,29,28,42,97,18,17,56,98,82,40,14,15,76,30,90,78,36,15,15,9,57,19,85,53,13,87,35,56,68,62,98,89,21,63,15,44,77,70,86,78,82,15,30,46,85,18,77,58,33,50,48,9,43,93
79,19,7,98,47,76,1,74,26,5,21,31,49,44,88,43,45,79,51,73,31,4,87,55,37,52,8,45,15,90,44,9,68,3,35,97,39,37,24,97,89,25,99,94,15,50,51,52,13,64,48,58,58,33,25,74,96,43,88,91,29,47,94,88,72,66,82,4,65,67,26,95,88,68,69,41,41,19,10,41,18,9,57,78,6,33,88,65,77,44,21,86,25,64,42,5,95,23,39,5
