92,91,92,88,68,69,85,0,27,94,89,29,20,58,32,28,94,43,93,12,0,75,92,38,53,39,25,45,96,40,0,28,9,17,28,85,52,10,23,91,87,8,51,64,90,34,39,29,76,60,2,48,41,99,4,5,27,43,96,49,83,85,5,27,92,83,50,76,27,98,50,99,74,14,84,62,23,74,72,40,78,60,42,12,79,48,64,18,81,57,76,1,8,12,32,22,70,38,13,69
74,92,0,7,77,18,3,87,93,69,69,29,8,94,97,47,86,5,53,66,78,58,60,51,95,52,72,5,22,92,58,77,51,81,88,40,12,30,78,7,66,75,98,59,31,62,61,59,3,22,50,29,92,11,13,15,52,30,18,48,93,98,49,70,35,56,18,53,70,67,87,54,92,37,17,83,83,47,60,72,88,52,51,6,95,50,47,63,15,45,85,42,46,0,14,10,82,13,55,59
48,57,58,24,13,30,32,0,31,27,79,16,2,22,16,6,16,12,17,81,92,65,73,12,14,46,72,80,44,37,98,86,33,0,85,90,35,63,62,43,56,68,42,4,21,49,2,21,50,33,29,43,71,63,42,9,93,84,33,64,74,35,3,22,41,32,74,39,45,15,16,72,29,92,81,29,82,16,52,79,82,65,73,39,0,82,57,82,70,14,67,82,82,36,19,66,50,73,86,7
39,10,33,98,39,53,31,66,67,35,14,42,20,0,22,92,76,10,0,87,57,15,62,95,41,95,13,79,21,3,37,18,92,45,77,63,33,56,81,79,66,79,0,29,43,14,8,54,45,76,38,15,55,1,92,37,28,68,57,68,93,66,51,24,2,91,44,52,16,1,91,44,69,67,95,62,12,66,50,61,28,16,4,68,64,26,19,30,13,80,75,6,0,33,79,45,88,57,79,52
87,20,65,25,57,51,98,70,34,70,70,14,46,29,56,91,87,80,21,85,54,23,24,93,50,74,63,18,98,78,44,5,99,29,99,19,3,68,5,1,89,16,58,47,69,63,81,23,29,41,36,14,69,99,3,97,64,63,69,41,76,54,18,55,20,84,24,84,21,90,37,18,82,77,35,2,30,66,19,26,29,50,92,41,76,86,36,89,73,1,13,72,2,30,22,44,81,96,41,18
5,36,57,62,29,6,45,26,50,87,19,48,96,67,11,34,1,96,40,65,22,29,57,90,27,17,42,74,10,51,78,52,22,26,25,45,33,61,7,67,19,86,20,79,81,20,75,74,70,68,21,43,71,53,95,39,61,96,29,54,44,43,51,30,19,28,49,62,55,39,54,13,67,86,34,57,89,5,85,23,42,50,89,65,19,6,12,48,51,78,83,59,11,50,95,44,58,59,18,38
94,76,14,9,12,95,25,43,87,82,89,39,0,55,64,20,78,72,44,75,45,51,20,90,58,90,15,71,5,31,43,76,91,52,35,81,8,26,2,40,60,7,75,33,38,66,0,71,94,7,87,42,8,8,89,83,37,12,75,65,98,95,16,66,30,75,65,83,85,10,20,77,95,68,54,73,63,64,47,91,96,6,16,76,90,80,97,53,53,60,79,76,52,31,78,82,58,8,7,98
61,87,23,42,73,8,59,48,2,51,77,24,30,91,81,49,52,4,89,89,58,78,99,7,87,44,64,24,71,33,82,62,63,74,3,18,85,57,78,48,81,62,56,93,64,13,12,33,30,91,63,87,95,46,2,46,10,97,10,29,46,56,86,55,78,6,73,38,72,77,47,35,75,87,82,83,1,95,34,32,76,14,49,26,17,92,85,41,95,50,20,13,2,43,31,5,40,76,72,85
14,1,85,99,80,10,54,74,34,2,6,50,62,68,55,39,87,0,16,8,37,40,7,72,52,56,92,45,16,27,85,97,98,9,42,38,96,67,24,45,70,19,22,28,81,93,7,81,54,33,27,12,8,66,42,17,92,16,31,57,70,96,90,28,8,57,80,3,7,43,69,37,70,72,20,16,3,18,19,30,61,45,57,43,8,65,73,44,69,63,90,63,73,73,29,74,74,1,24,54
37,2,96,26,73,18,57,16,37,6,58,88,37,38,8,31,97,44,17,11,44,46,2,38,15,97,42,48,85,45,41,72,78,46,77,7,88,21,20,55,80,41,68,75,14,25,62,19,23,99,48,36,40,66,66,94,63,29,27,50,91,25,45,43,94,34,16,53,55,29,19,86,82,60,66,76,19,7,68,55,98,43,29,48,65,90,52,64,69,48,34,68,36,41,22,65,29,7,26,55
93,58,56,71,12,10,79,99,64,42,21,87,2,76,25,82,89,61,58,14,13,87,54,53,43,24,89,29,7,11,58,71,58,79,84,75,11,72,19,68,42,51,47,12,31,48,22,11,85,3,9,14,75,40,63,38,49,68,18,11,80,14,44,83,83,98,43,67,21,53,79,74,25,90,92,96,65,37,19,55,40,7,48,82,15,2,62,67,13,71,40,99,24,86,69,63,40,41,73,14
40,90,21,46,72,19,77,41,72,51,28,13,51,51,21,28,69,34,54,23,32,71,33,33,19,94,28,20,68,38,69,28,98,70,15,47,31,54,29,18,0,97,1,59,21,73,14,23,61,11,31,31,89,74,15,18,89,51,57,26,91,63,8,81,29,77,25,71,71,30,2,3,2,87,11,78,24,66,20,95,27,54,97,38,61,21,31,56,30,27,40,93,94,25,62,1,35,88,17,27
32,81,30,80,80,54,57,17,16,79,59,5,55,18,53,77,88,16,57,53,87,26,50,68,29,1,39,37,18,58,29,82,61,13,82,41,35,49,27,66,38,34,91,27,85,47,10,8,69,23,28,0,14,11,62,92,91,73,63,11,9,48,92,22,43,52,86,63,83,97,90,49,37,56,27,23,81,78,13,50,24,94,45,65,4,58,4,12,81,78,73,97,31,37,63,84,77,72,6,69
57,49,33,72,90,73,69,80,12,26,52,29,74,41,60,16,90,47,21,14,22,43,70,18,98,89,65,51,72,18,49,70,99,81,92,97,5,64,11,74,92,20,93,18,75,67,17,62,2,40,36,15,11,30,74,34,29,5,46,76,91,98,60,4,75,98,72,88,17,47,25,89,50,39,63,0,94,30,4,9,25,38,21,10,99,78,37,97,40,60,90,11,95,12,11,38,31,63,95,55
47,89,49,9,94,51,31,73,27,40,40,55,96,87,8,97,79,50,66,87,83,91,38,12,3,12,18,29,80,4,15,75,42,77,97,71,65,25,47,18,55,39,74,35,37,46,34,45,67,80,42,33,17,77,20,62,48,50,1,87,67,54,0,91,46,69,98,77,17,52,57,62,2,73,22,49,58,72,86,37,33,62,13,38,16,98,95,5,89,98,83,6,22,29,68,37,57,71,44,37
12,85,89,70,71,67,68,13,81,60,64,74,88,54,71,18,95,7,4,15,35,64,29,57,51,72,57,90,72,76,11,58,76,11,61,66,39,37,55,19,24,86,92,80,58,78,52,33,54,19,81,10,66,71,7,63,96,91,86,34,25,13,98,68,10,46,19,69,29,95,33,40,25,83,19,82,7,11,91,71,29,63,65,2,1,41,13,27,91,82,72,4,52,68,35,31,51,31,74,0
38,13,48,22,66,47,96,97,28,97,77,44,76,58,92,9,52,92,54,74,47,66,57,21,89,62,8,4,37,61,43,15,45,11,89,79,82,28,36,77,5,40,70,68,31,0,26,85,45,25,51,85,59,63,59,21,22,38,9,33,50,57,40,25,75,61,91,50,76,73,45,26,41,8,66,72,46,66,60,14,73,48,44,73,73,68,90,35,58,26,0,88,21,50,43,47,83,15,20,55
34,23,85,59,33,88,84,79,49,35,21,38,34,78,69,20,56,25,28,80,87,1,43,44,45,4,87,21,66,48,74,66,63,80,19,4,92,94,42,21,44,32,46,79,48,61,46,24,64,3,23,75,77,83,8,89,12,16,77,90,76,25,26,56,3,35,76,87,7,9,98,74,12,76,45,1,98,5,22,60,44,53,98,85,25,59,40,87,56,98,24,19,8,39,76,95,13,37,47,90
77,56,5,78,71,55,56,26,57,72,42,40,22,91,42,42,54,22,6,18,59,24,0,84,14,8,35,61,11,53,72,73,59,53,2,85,30,62,27,80,96,53,62,41,1,2,29,30,41,69,45,23,80,32,21,52,67,57,88,69,60,64,79,10,4,62,39,68,1,57,28,87,64,88,46,85,29,53,57,8,46,6,8,20,43,34,96,44,59,58,76,71,0,85,33,27,53,56,22,38
13,70,17,65,4,0,61,82,14,61,45,41,96,30,48,79,88,1,52,16,45,95,52,87,71,80,80,60,13,31,8,7,64,67,13,99,1,91,93,27,48,41,50,76,56,69,85,23,86,53,77,23,41,48,75,50,85,62,55,23,13,11,20,47,3,28,84,20,50,27,64,63,99,21,47,74,69,79,99,76,79,7,92,86,45,97,56,10,94,74,79,37,12,12,40,74,27,80,87,22
20,49,35,1,99,46,24,75,4,12,81,2,10,6,83,0,6,42,54,89,50,13,30,69,67,6,94,56,14,39,77,70,27,85,37,34,44,24,9,86,24,48,0,26,3,30,72,62,3,98,30,30,65,74,39,41,78,40,3,50,38,54,62,64,58,15,56,91,2,77,27,96,49,82,8,2,66,96,51,4,37,11,88,77,15,97,18,42,4,44,95,18,41,84,39,67,5,51,34,69
89,47,69,61,49,88,89,80,95,68,22,62,95,83,79,34,84,95,76,56,9,97,6,14,48,90,14,68,1,57,36,30,25,30,27,65,78,28,94,31,70,8,51,39,22,80,40,77,64,3,31,50,78,46,47,65,16,71,53,46,14,9,26,36,38,25,49,51,40,4,45,59,19,59,41,80,81,0,8,15,92,82,2,73,7,84,47,3,28,11,80,14,35,27,47,94,89,80,8,43
52,74,44,52,6,98,81,84,58,68,96,82,86,99,22,76,3,48,6,52,51,43,85,24,89,82,92,1,32,20,71,19,69,99,64,26,23,71,10,9,41,44,19,48,75,90,81,81,51,60,56,29,99,18,54,88,83,64,97,75,56,44,19,81,28,31,8,54,46,13,16,84,31,52,16,60,27,64,2,69,86,81,85,12,22,68,38,81,22,43,82,53,21,57,98,21,49,86,34,87
16,37,47,80,95,40,70,82,23,88,37,79,9,47,56,67,42,94,6,96,21,4,35,4,8,98,54,53,82,4,36,20,19,14,40,31,10,40,46,38,13,11,54,69,75,34,98,17,82,76,33,76,81,68,71,35,67,75,26,71,58,57,27,87,96,17,38,62,8,11,44,89,46,24,86,40,37,29,27,58,6,81,67,62,53,45,36,10,47,97,67,23,91,85,59,20,51,65,61,80
48,3,99,73,15,44,72,15,90,18,11,58,13,9,88,62,90,76,96,1,45,91,12,35,50,19,67,49,93,18,17,62,46,82,81,76,66,53,21,92,59,0,1,10,73,52,5,79,3,85,19,56,11,34,77,13,42,17,57,59,20,81,19,52,92,30,92,9,49,6,3,48,39,10,10,40,21,47,20,70,77,48,43,20,63,69,70,29,47,93,79,27,85,69,82,9,99,69,21,20
58,80,20,14,43,66,50,70,5,30,48,15,51,56,70,19,99,80,67,28,39,85,42,92,69,99,90,78,13,36,92,25,79,57,56,96,70,26,77,31,25,76,2,6,74,3,13,55,41,8,45,94,71,67,37,78,62,74,40,35,6,63,64,0,14,1,53,87,61,35,51,19,37,81,32,50,6,52,76,11,3,12,51,71,86,40,34,45,78,38,99,76,53,34,86,10,29,3,73,2
16,45,79,26,1,33,33,99,34,90,71,95,59,41,18,70,65,24,47,97,59,64,43,72,67,45,94,49,10,79,67,66,90,48,46,4,37,90,41,99,26,22,17,31,20,90,9,88,15,15,17,6,63,60,56,19,15,68,8,51,11,94,59,79,64,16,24,86,17,17,24,88,67,33,40,12,13,3,12,25,93,21,60,1,56,68,71,11,34,43,0,27,95,71,70,64,85,77,1,14
33,52,43,34,9,81,94,60,96,45,23,40,2,82,47,76,20,94,3,38,36,21,73,17,22,87,39,18,85,99,68,14,97,90,5,35,79,47,35,53,32,43,22,74,0,90,84,53,29,46,40,80,0,12,32,81,35,9,30,33,21,85,63,85,97,12,99,29,34,83,25,90,73,46,38,46,63,84,81,27,37,75,66,67,62,14,25,28,88,5,0,16,81,49,8,71,69,69,67,32
77,69,74,91,6,21,46,33,72,94,19,7,27,77,2,76,11,89,4,4,24,56,51,84,84,9,67,52,46,33,67,94,29,89,16,88,5,56,27,15,43,22,62,83,26,97,23,14,42,39,17,71,87,33,73,61,79,27,6,33,26,17,51,9,93,42,84,33,37,0,43,52,31,53,1,12,48,78,38,15,89,77,67,24,53,28,90,94,33,93,11,80,94,60,97,13,94,38,17,7
78,68,72,23,44,68,65,55,68,20,45,88,21,87,15,27,74,58,64,80,99,20,4,23,82,35,71,39,55,68,46,96,40,65,26,5,19,25,2,91,46,8,26,85,12,81,33,20,1,11,49,99,29,36,79,37,39,61,60,95,89,23,26,74,55,98,7,65,40,13,20,40,46,9,29,45,14,55,53,84,20,25,48,58,41,69,32,54,7,91,16,45,39,72,18,92,63,40,9,36
58,0,11,58,23,64,8,81,10,29,30,1,74,7,78,70,2,55,57,6,39,20,56,36,30,96,74,22,12,37,67,54,74,62,74,85,75,0,9,89,81,47,29,21,75,66,77,3,22,66,88,81,76,44,15,69,70,29,5,24,18,28,73,34,23,14,94,73,61,70,95,84,82,8,2,99,71,28,87,84,25,66,14,28,16,52,29,0,6,60,93,59,25,26,16,10,94,66,35,67
77,77,78,83,10,54,21,3,15,77,56,86,72,2,79,13,9,79,99,0,38,97,72,5,81,6,83,3,74,73,61,98,3,25,91,53,52,83,90,9,1,75,30,36,55,60,59,38,13,73,43,46,43,12,83,60,14,25,70,68,40,26,72,18,11,55,65,91,85,37,4,45,38,9,19,44,65,98,25,46,98,75,91,25,85,32,18,71,84,97,78,55,39,78,7,59,93,42,88,97
20,2,96,20,70,4,86,71,6,13,38,41,66,33,35,46,55,3,52,38,64,17,42,4,92,58,23,41,37,42,84,11,82,27,50,16,45,94,76,40,40,26,70,4,43,57,5,33,41,88,18,77,52,82,22,13,90,80,84,80,91,8,62,92,86,28,98,71,80,67,63,77,48,95,61,17,52,18,47,82,81,46,65,88,85,7,98,20,34,25,26,61,20,40,37,77,9,37,27,0
1,98,77,39,36,57,63,86,24,33,4,88,36,99,90,88,15,93,59,73,0,85,32,30,90,49,82,65,43,90,43,15,77,15,18,38,40,92,91,17,69,4,17,32,57,73,48,88,23,91,71,78,87,20,95,5,10,27,35,85,47,78,60,56,88,11,80,37,63,68,46,92,78,35,25,1,13,21,97,95,71,61,45,41,71,78,23,33,44,18,42,45,53,23,70,48,95,69,25,5
98,1,80,6,62,88,36,56,27,95,71,23,88,36,94,74,81,79,84,90,32,43,74,60,90,56,51,65,0,45,76,73,52,54,12,44,51,14,2,93,60,27,28,91,27,75,28,55,49,6,66,25,75,30,0,20,26,44,5,89,17,32,78,26,66,65,84,24,40,66,4,47,47,53,76,8,26,75,94,6,74,33,92,72,87,93,94,10,24,61,82,63,16,93,1,80,44,72,66,27
37,18,84,83,54,25,1,96,27,63,0,59,52,26,27,93,17,31,18,61,77,85,83,47,35,1,23,90,5,53,35,2,14,30,21,93,17,95,25,89,48,11,43,96,53,50,35,10,70,5,68,23,44,29,59,57,16,95,27,65,73,18,51,96,63,68,76,24,65,86,57,22,79,20,58,51,70,62,60,73,52,1,90,16,17,73,77,65,57,44,94,37,77,76,30,9,44,31,71,5
6,44,17,38,58,33,29,52,70,20,85,37,37,15,82,82,50,73,20,40,92,22,99,50,81,95,43,89,97,44,69,68,75,75,77,15,47,63,72,20,70,77,95,99,27,62,51,91,49,45,53,72,27,88,74,63,76,71,7,88,46,5,78,57,20,65,4,81,13,49,84,67,65,5,74,5,0,90,62,52,46,57,72,27,25,31,55,56,22,32,98,59,67,90,78,35,58,64,20,50
15,39,36,37,60,60,2,25,58,39,81,76,22,61,65,0,17,78,43,11,32,62,36,68,80,54,14,30,85,45,31,64,23,78,76,97,82,54,51,81,35,99,74,60,60,8,71,7,81,58,25,86,6,9,76,57,37,33,85,36,28,88,6,97,0,1,1,44,89,22,56,55,90,47,44,8,9,32,87,48,8,77,77,70,11,8,59,45,66,88,48,87,60,97,80,11,41,57,74,85
29,38,6,6,34,57,72,15,64,11,77,84,58,54,47,34,20,49,57,48,3,66,45,35,32,20,70,33,80,97,43,38,59,52,13,42,9,88,53,10,78,19,81,89,14,18,64,11,96,38,46,99,0,95,10,33,32,9,89,19,40,53,44,20,99,34,17,80,90,13,23,56,71,46,70,69,50,60,79,25,56,81,98,12,97,76,19,37,82,16,91,2,49,62,90,38,72,42,61,90
84,3,50,91,10,29,14,59,53,61,28,79,15,40,80,8,3,8,70,23,4,16,64,80,15,47,56,34,6,33,35,38,77,78,43,97,27,16,23,91,39,4,84,18,6,60,13,36,52,12,49,78,26,15,2,79,10,37,54,25,66,19,77,18,56,43,41,54,79,87,82,77,72,77,22,1,4,49,73,51,49,91,79,99,69,87,71,53,2,35,52,34,96,49,8,64,21,90,76,63
42,50,38,14,16,9,30,70,54,39,12,45,83,42,8,34,48,98,52,68,55,90,79,46,23,44,79,8,48,1,45,16,3,13,73,68,51,87,29,51,91,70,82,78,56,87,25,6,24,62,37,23,89,64,70,29,56,3,96,88,36,10,18,89,3,60,53,25,1,20,93,0,64,66,62,11,25,33,65,88,16,20,94,95,88,48,58,83,34,21,33,29,35,57,9,53,5,14,55,60
58,15,24,83,1,55,93,98,23,30,48,71,17,16,50,82,20,19,1,23,86,62,67,76,76,61,78,93,70,13,55,25,98,28,30,37,33,96,31,17,48,2,51,25,7,46,14,18,73,8,1,21,43,13,26,7,79,86,35,85,17,47,8,24,33,48,5,73,56,23,75,23,2,9,16,91,33,34,94,25,35,96,69,35,38,88,45,4,60,13,54,56,27,25,0,41,79,22,63,65
3,54,99,31,19,52,93,48,84,4,50,1,42,33,26,51,78,89,73,90,71,73,14,95,91,68,57,49,52,15,31,78,58,35,33,80,13,66,18,82,75,27,77,97,34,38,35,62,72,57,14,74,81,27,44,57,50,50,12,38,21,98,26,84,56,64,14,11,23,56,21,26,38,97,93,10,60,92,0,59,71,57,4,78,92,50,27,99,72,80,8,14,44,31,18,98,18,34,78,37
40,81,20,91,62,97,36,74,2,2,33,11,16,43,55,11,9,74,31,85,80,94,71,68,14,75,65,33,35,49,20,39,70,74,62,75,95,82,83,90,5,85,15,54,15,80,70,70,28,36,60,35,18,68,63,76,36,45,18,12,4,81,10,28,68,94,28,79,44,77,33,27,54,72,5,59,95,40,71,98,81,63,23,0,63,93,41,98,68,86,74,84,60,86,54,0,41,45,33,18
86,58,36,4,71,43,43,35,56,46,4,67,60,48,31,56,66,47,85,27,83,53,32,17,4,96,77,55,99,64,65,6,28,66,50,25,17,83,25,42,59,40,49,9,34,26,68,61,9,93,39,33,2,63,8,87,91,14,46,57,57,2,52,8,75,15,60,78,9,99,40,87,84,57,20,92,5,65,22,93,77,90,38,50,99,83,2,93,98,46,19,2,31,16,15,75,59,2,54,35
17,28,87,43,46,76,59,17,6,62,58,77,96,96,67,69,76,57,51,76,12,86,78,43,9,25,4,60,3,98,11,65,11,53,34,33,86,67,79,26,26,20,39,28,6,1,74,58,55,73,70,3,42,16,44,2,86,33,78,7,71,61,8,98,81,98,18,63,91,64,40,93,99,64,85,47,62,78,79,1,98,53,7,55,12,38,21,61,96,25,98,95,40,90,86,20,85,4,90,47
21,96,30,97,51,81,9,26,97,7,45,18,39,38,87,48,65,29,68,23,58,16,82,9,53,12,26,94,89,10,42,81,98,88,81,46,60,83,6,92,74,12,82,90,92,54,28,81,49,17,71,52,44,35,25,41,59,45,47,24,43,69,82,82,3,58,92,36,51,15,76,38,70,69,20,67,27,68,88,35,29,90,8,9,86,57,63,70,22,43,0,98,74,84,3,2,87,55,24,0
69,24,75,72,56,46,64,47,70,25,47,54,13,84,0,76,52,67,64,13,17,88,96,9,21,71,32,13,92,82,65,48,49,63,72,9,81,91,17,69,20,20,43,5,56,31,35,55,58,75,9,50,53,38,28,27,70,35,25,78,86,57,18,98,34,87,94,34,80,7,89,81,28,6,22,93,50,3,24,96,40,72,13,44,85,82,20,34,84,79,59,34,50,67,49,97,14,8,77,51
94,48,58,91,80,46,40,34,61,20,52,61,67,63,61,8,85,68,23,13,54,80,1,4,95,4,60,21,15,43,58,11,11,12,93,8,47,32,47,3,66,85,31,41,29,70,55,18,23,56,43,44,14,89,35,82,66,43,76,90,35,31,23,27,18,41,61,94,9,57,65,29,95,96,29,81,47,97,25,65,36,13,14,75,31,6,65,49,23,9,12,48,97,97,86,99,35,93,48,11
58,60,69,64,16,87,74,11,5,51,83,94,31,41,93,26,53,24,68,52,81,35,46,96,13,16,35,2,47,89,20,90,53,73,23,51,65,43,45,13,83,8,59,1,65,23,71,22,20,98,79,73,60,47,68,60,22,89,48,73,70,25,90,39,20,77,24,75,80,88,59,13,30,65,79,61,93,70,86,81,12,41,78,1,89,54,95,6,38,15,99,52,23,1,86,98,94,68,83,48
92,3,4,5,48,73,58,55,21,44,52,1,85,32,14,51,40,16,7,81,4,78,8,86,74,33,8,40,15,45,84,77,39,70,36,0,74,44,12,83,9,99,10,17,83,64,6,88,92,45,52,17,68,31,29,32,5,57,7,71,51,92,19,91,61,81,43,42,21,3,62,84,86,28,32,13,94,35,14,48,98,65,17,42,82,73,76,73,81,44,41,73,94,33,9,18,67,2,48,76
7,82,55,83,7,24,86,41,26,60,18,51,17,88,75,25,34,64,24,23,4,92,44,97,76,85,85,37,16,72,32,12,98,59,63,43,37,81,75,50,23,48,11,24,50,37,90,60,48,97,89,15,78,72,96,87,1,92,23,41,37,63,99,4,52,28,51,5,12,76,28,74,61,2,80,71,0,74,98,37,80,72,36,68,30,63,35,83,46,41,36,98,10,94,12,15,51,77,97,73
75,32,9,79,88,7,57,38,28,25,10,71,94,27,36,24,21,42,75,33,93,60,3,39,30,90,81,97,57,33,96,87,66,19,82,72,76,65,98,27,85,44,28,34,2,28,73,40,99,58,25,86,75,73,72,61,38,96,4,18,96,40,77,2,54,76,54,57,25,87,12,19,84,73,78,78,4,51,99,27,90,49,9,36,36,9,7,15,25,30,62,46,70,23,89,39,87,22,59,14
92,62,66,33,68,77,21,0,16,71,35,59,49,72,23,77,28,72,85,42,67,61,83,82,37,97,41,57,88,7,27,83,51,5,52,2,98,24,24,78,26,20,68,21,22,7,15,32,8,77,53,98,30,17,46,36,32,75,97,37,62,73,95,1,95,73,71,22,38,6,9,78,66,27,91,80,37,62,44,41,74,92,79,91,39,94,9,38,6,52,35,91,56,78,46,98,61,45,86,76
63,47,58,19,92,83,50,98,99,32,3,96,59,94,72,92,45,36,74,3,85,4,17,83,71,24,10,16,87,45,29,1,33,91,48,61,73,89,35,0,72,87,88,70,56,26,91,2,77,43,78,43,80,48,22,72,34,84,13,62,18,26,89,89,13,94,3,48,63,76,9,13,51,74,10,33,47,32,8,72,70,91,72,10,87,75,70,23,66,98,52,48,79,15,56,11,59,91,14,72
11,16,97,98,80,36,23,31,30,29,35,51,5,7,26,36,1,2,38,83,22,74,35,15,32,57,88,20,78,64,23,57,22,58,9,87,17,14,81,7,27,12,45,39,89,85,70,98,36,20,44,81,63,92,21,29,75,63,33,68,79,27,84,96,30,81,75,79,75,53,73,97,8,6,1,92,92,7,57,11,71,93,39,37,53,16,36,88,66,85,77,14,1,82,90,8,48,46,15,99
80,31,26,61,95,26,83,53,14,14,27,34,26,50,4,2,99,61,38,78,39,16,54,35,40,79,60,65,21,8,59,47,40,73,86,75,70,13,75,98,88,43,71,41,81,38,13,1,97,85,60,97,88,15,23,30,58,43,68,83,91,23,69,15,98,63,31,40,71,66,98,69,82,76,67,24,88,18,61,62,96,58,53,24,51,95,9,89,12,14,12,70,44,76,52,54,79,41,94,70
36,33,59,48,47,42,9,1,95,1,24,40,92,6,47,20,63,43,6,93,1,8,73,98,50,86,21,52,18,59,83,59,7,27,31,28,23,29,94,45,66,11,67,84,0,75,28,15,51,15,12,77,19,21,35,84,35,46,6,63,64,69,2,94,98,35,64,96,39,60,21,97,5,77,80,58,24,66,69,15,17,92,7,27,58,25,74,39,93,91,13,89,77,14,14,67,44,57,24,29
47,85,44,36,40,66,1,25,70,19,30,14,24,21,61,4,51,52,65,83,50,38,25,74,68,12,76,90,17,82,10,15,90,91,29,10,31,55,10,66,31,70,22,22,15,23,60,28,41,5,21,76,5,17,51,4,89,33,48,92,8,41,95,53,25,49,73,3,74,55,86,61,73,35,79,42,64,73,87,54,89,82,22,54,1,23,30,53,97,71,14,27,87,19,98,56,83,37,68,71
10,11,12,69,16,94,95,10,98,51,31,63,79,61,92,93,20,45,66,97,83,12,62,17,77,19,91,40,97,73,90,26,69,18,7,11,23,39,23,47,29,86,90,22,34,91,82,85,73,86,31,81,76,41,47,49,2,46,22,20,10,2,74,61,56,40,92,35,63,61,91,59,29,81,82,84,50,65,74,71,15,47,46,77,52,10,18,59,6,43,32,97,91,25,61,99,79,22,49,88
44,26,66,68,42,5,66,45,96,33,2,50,28,46,18,21,70,27,87,35,41,90,75,27,99,92,99,19,95,39,53,11,84,20,5,16,12,85,79,92,92,8,94,94,55,26,27,88,75,12,2,74,23,28,54,61,99,24,32,12,94,31,44,95,18,85,0,25,63,70,56,11,9,46,32,79,64,28,6,31,2,77,66,86,68,4,42,16,55,21,83,15,41,51,43,78,16,87,35,66
7,27,85,79,4,83,30,49,63,95,9,74,84,77,68,1,80,79,21,19,65,78,98,13,25,74,77,66,46,15,74,24,20,52,66,23,96,50,90,9,84,68,54,8,80,74,44,6,87,52,66,56,96,93,35,35,44,81,78,31,21,9,84,5,30,14,40,13,26,25,6,69,87,89,69,94,15,22,58,97,17,23,85,97,2,45,91,63,16,47,67,70,57,77,98,59,53,8,34,22
53,79,14,83,20,13,36,79,0,35,26,6,70,45,71,6,71,37,33,27,7,65,70,23,29,35,28,44,93,42,24,61,34,7,88,58,99,62,89,0,0,51,79,5,94,53,82,4,41,95,95,74,7,10,38,82,45,39,34,86,62,89,15,87,92,6,14,78,96,96,36,17,50,87,2,19,37,48,61,47,33,5,79,64,58,2,64,50,62,92,20,52,24,72,69,96,80,69,93,47
95,31,59,30,43,52,87,66,24,37,69,7,73,52,2,93,70,6,77,20,64,88,29,70,92,64,84,75,53,98,93,33,20,64,36,14,90,88,82,76,49,36,64,79,69,32,72,58,78,61,42,31,86,33,18,81,88,4,52,93,16,30,78,53,55,47,78,58,88,16,90,64,37,38,37,40,84,77,40,13,93,36,99,32,69,9,71,71,1,57,99,50,17,17,19,90,60,22,41,5
73,23,12,46,28,35,48,25,3,71,91,4,65,82,94,75,76,2,3,42,19,26,59,69,11,39,57,55,20,60,22,12,12,51,12,54,87,53,29,4,61,30,66,30,41,11,49,64,8,77,8,61,7,47,71,47,34,52,36,98,81,42,52,87,49,63,94,89,72,94,5,94,55,70,50,75,76,0,43,26,36,38,64,48,87,57,32,40,91,79,16,86,36,18,83,14,29,74,22,37
85,50,23,58,60,87,70,79,64,40,56,13,29,1,76,47,45,79,97,19,38,42,49,96,33,36,43,8,24,70,7,16,36,8,28,26,9,24,93,75,72,32,33,3,38,26,60,22,39,34,94,49,50,76,18,30,49,62,53,1,53,9,18,21,34,36,82,83,33,67,34,17,92,11,24,30,36,97,43,58,43,85,67,94,80,32,56,30,66,75,28,3,29,89,19,20,40,59,19,64
5,94,74,19,32,77,88,27,71,78,39,13,91,24,64,93,47,75,27,31,25,36,92,48,75,92,82,5,92,68,11,6,21,82,21,36,12,59,42,45,46,57,62,41,37,76,70,27,12,22,27,0,43,47,14,25,51,35,79,64,16,15,12,29,84,72,42,64,68,20,28,85,49,1,37,73,7,32,72,75,42,47,3,76,26,24,85,25,55,2,41,78,79,93,16,96,50,98,99,71
36,13,1,43,45,36,35,29,79,89,71,91,62,3,97,76,28,9,29,93,36,93,97,85,40,53,86,28,44,25,34,5,28,9,45,30,98,8,6,49,3,38,38,61,83,18,95,25,43,73,82,29,25,92,91,75,5,48,10,45,62,33,12,31,56,96,37,15,35,66,96,5,89,95,97,61,86,28,13,52,81,9,57,52,40,94,70,51,9,77,9,91,23,42,32,87,68,87,39,22
76,7,98,98,56,89,16,44,58,53,97,71,53,55,45,71,49,85,48,97,67,5,38,1,32,11,80,39,80,49,25,58,58,57,0,95,24,31,79,18,16,64,21,36,14,7,90,2,57,40,87,45,45,67,97,3,24,2,94,82,0,95,35,96,29,41,14,40,32,54,99,43,55,79,90,42,82,80,41,92,7,94,28,96,50,7,95,71,15,42,35,92,76,0,36,4,72,79,35,61
54,77,23,62,88,4,80,49,11,34,48,70,96,92,71,56,46,66,18,75,15,38,75,57,24,72,87,41,12,6,60,98,73,40,88,36,87,69,15,82,35,10,25,16,76,87,87,15,37,87,96,75,1,83,66,66,25,8,67,88,52,0,73,71,17,12,84,36,71,84,11,71,17,43,44,73,86,33,14,24,66,15,81,1,92,34,87,41,1,40,61,81,45,8,30,36,46,24,65,23
84,54,27,38,77,9,71,86,94,75,70,7,95,28,11,95,73,9,51,48,81,74,63,15,30,37,70,66,60,25,91,81,7,19,4,66,70,69,24,66,73,29,48,52,95,13,60,89,3,69,46,74,21,28,28,83,16,53,30,68,3,98,0,54,96,35,6,59,90,94,3,55,15,11,23,44,10,12,51,69,48,82,52,35,66,46,32,92,35,74,38,94,27,32,6,73,74,2,36,9
76,81,26,26,51,9,49,49,4,69,61,64,28,36,52,27,38,27,12,64,73,41,86,68,16,70,40,46,46,60,32,64,92,41,15,38,42,98,28,57,97,44,41,89,56,63,16,26,47,7,87,20,97,30,14,18,22,72,82,91,55,57,56,84,66,59,29,29,91,8,89,99,13,90,27,62,80,10,18,93,27,43,61,75,85,25,49,61,1,31,37,54,70,65,77,6,98,58,36,84
15,21,24,75,56,35,75,20,7,55,82,42,51,62,27,7,17,54,68,15,65,54,40,52,66,67,67,49,32,58,93,51,89,27,8,77,50,66,69,7,61,36,18,35,32,77,27,85,70,77,67,2,78,41,75,52,40,73,49,73,80,88,11,1,10,20,35,49,60,47,14,10,47,71,77,11,29,39,76,81,4,30,90,65,88,61,51,95,55,9,41,30,30,75,34,75,21,37,43,55
52,74,5,82,97,34,50,38,1,8,99,78,30,77,77,44,31,69,11,29,80,68,1,80,50,96,42,44,63,47,1,44,83,5,75,46,94,26,34,97,78,61,21,29,53,77,23,19,20,86,87,85,58,91,90,79,24,34,84,21,24,24,80,39,41,37,62,36,7,8,48,86,14,37,67,77,96,0,45,94,29,51,35,56,66,72,67,32,84,85,7,30,86,77,90,56,19,64,32,33
71,70,14,11,51,24,77,83,60,44,23,62,47,57,80,26,16,24,38,53,71,26,0,79,12,65,57,95,55,17,41,76,58,69,30,94,88,99,77,11,0,31,85,53,70,47,80,90,15,23,37,4,47,28,13,91,68,22,50,28,38,45,3,75,18,96,57,25,44,86,9,40,45,35,74,69,75,93,50,93,59,36,69,28,41,71,88,46,42,51,29,7,53,79,88,95,32,25,27,63
81,36,72,3,38,33,71,53,28,36,11,35,9,45,18,73,33,44,36,66,68,35,46,33,66,27,71,83,7,67,76,52,74,17,18,72,68,13,20,29,75,15,41,19,53,57,83,60,76,39,46,9,11,84,60,49,10,70,45,45,85,81,11,29,75,81,20,31,14,27,85,58,62,51,63,54,58,51,33,23,12,15,16,32,33,84,40,67,74,63,80,30,18,85,22,36,52,77,32,59
37,19,54,82,51,19,17,48,53,69,17,72,30,16,56,42,26,25,14,47,60,11,90,37,91,53,3,91,48,9,77,80,88,88,62,43,48,83,40,12,5,29,9,53,51,30,14,68,85,37,46,13,82,93,2,28,83,43,19,1,29,32,24,36,4,92,74,11,83,60,71,99,23,56,17,48,9,70,60,66,95,21,63,77,54,50,65,44,91,37,5,94,90,90,51,25,85,62,90,60
62,53,98,16,58,23,7,12,34,32,72,11,39,65,46,56,30,33,46,60,39,76,94,26,55,99,81,52,90,17,46,17,7,59,57,49,23,44,93,42,40,95,17,72,66,69,4,72,37,66,85,65,98,48,15,25,48,68,26,16,23,14,45,47,80,93,61,80,25,48,68,20,53,35,12,97,27,45,62,23,98,66,50,91,92,81,93,12,85,9,87,86,53,14,88,28,31,51,21,65
97,62,68,87,71,33,11,5,91,80,43,24,71,12,46,65,71,79,15,29,58,45,10,82,96,39,75,62,43,30,17,41,62,96,88,32,16,92,12,89,5,92,97,67,51,52,28,20,4,5,84,34,20,8,73,83,47,62,62,99,48,77,50,12,33,9,46,90,78,4,86,21,98,12,42,64,50,43,16,12,1,97,3,74,29,75,88,94,27,83,93,21,81,5,31,98,93,21,76,1
99,42,26,48,78,83,88,40,43,9,66,56,70,30,41,85,90,49,74,95,19,22,75,95,20,53,32,18,83,3,43,61,90,61,19,27,16,50,75,13,92,20,99,29,14,83,78,83,43,78,26,37,76,67,89,13,0,29,1,49,35,20,59,94,34,54,93,82,88,26,13,49,80,74,10,11,90,25,33,53,16,23,3,37,73,73,47,16,21,78,87,98,96,1,87,33,9,76,36,84
31,29,0,19,23,83,67,21,17,65,28,45,13,59,18,54,19,42,61,2,31,19,45,62,30,48,12,85,46,0,29,86,25,92,73,99,49,26,83,88,20,33,25,33,75,71,89,18,65,21,90,17,94,1,43,97,59,90,66,25,77,84,11,8,37,35,36,77,54,15,53,52,38,6,1,60,12,46,11,95,80,41,88,27,94,43,93,87,48,23,89,55,42,59,62,33,35,66,85,86
10,71,45,56,12,32,0,38,25,97,68,57,75,51,5,86,67,82,44,95,7,31,49,74,8,94,7,50,17,93,63,8,29,45,92,33,98,39,69,15,47,87,21,77,83,8,33,69,25,65,91,94,56,62,85,59,45,36,44,22,52,11,72,1,99,78,36,67,47,87,25,31,4,92,97,39,36,70,26,5,44,84,7,15,94,16,18,28,80,46,43,31,10,6,78,96,40,89,87,41
15,71,61,75,74,5,92,19,13,58,10,36,60,24,70,19,90,12,80,91,5,86,68,54,31,36,81,9,40,54,13,40,43,13,6,10,87,33,27,72,78,24,47,4,81,80,42,6,71,92,63,2,8,15,69,34,78,15,15,88,43,70,52,67,63,80,11,75,45,80,24,67,88,8,3,95,35,60,75,23,90,14,35,31,49,42,52,53,8,85,66,69,29,96,22,68,74,79,74,72
86,35,82,47,31,25,94,35,58,53,3,31,34,92,79,1,88,78,9,20,1,51,27,12,94,97,30,20,44,67,73,77,92,30,66,58,2,97,42,95,54,10,4,10,8,12,52,92,25,84,82,58,11,85,18,98,22,48,45,30,42,53,18,16,5,63,61,85,54,43,73,11,95,76,65,23,76,91,98,1,8,95,97,1,45,39,35,6,98,1,9,52,76,63,85,46,3,49,24,27
70,34,16,12,58,6,70,19,60,81,5,30,66,79,65,38,89,5,21,60,84,17,12,7,77,86,96,84,13,13,3,18,38,96,71,52,29,97,4,46,11,2,8,33,73,61,6,24,11,15,74,96,65,40,77,71,86,50,53,89,30,81,68,35,36,67,78,97,13,0,18,7,71,70,76,25,22,32,5,41,44,33,64,98,14,60,25,75,82,71,89,88,52,57,97,5,93,80,20,94
55,39,64,23,12,9,5,58,73,1,17,66,64,95,80,10,33,59,15,60,22,64,56,87,42,39,69,5,4,31,62,11,13,35,46,74,39,55,99,64,46,55,78,90,2,52,65,65,11,85,27,5,57,15,46,34,64,41,76,51,3,76,32,72,45,11,89,27,40,43,94,15,50,54,52,98,6,90,5,38,57,25,61,7,28,31,42,75,53,35,35,26,74,7,30,77,93,56,12,19
58,47,25,44,99,71,32,10,6,7,14,17,81,99,66,74,75,15,50,4,59,4,12,80,90,16,40,47,50,81,31,34,66,85,53,73,82,89,85,9,39,32,77,6,45,56,41,93,76,28,64,99,9,77,14,18,86,43,9,56,49,90,75,87,67,35,54,32,4,89,91,97,7,46,25,25,23,87,86,37,70,55,0,78,63,8,22,95,59,99,94,54,97,16,7,91,82,71,32,8
75,14,43,87,98,23,44,18,81,36,58,58,71,22,48,52,33,40,14,49,41,30,11,16,81,90,23,54,78,58,58,93,37,64,72,22,55,52,44,42,54,92,15,68,47,10,46,33,27,26,1,72,15,47,96,74,23,29,15,35,84,16,69,67,80,68,42,72,3,77,10,59,89,70,88,10,95,39,55,34,37,24,79,86,9,9,96,88,41,96,96,95,75,77,41,27,2,93,73,17
41,86,30,87,84,15,82,56,47,69,47,81,83,98,93,41,52,81,56,46,33,35,37,93,72,97,74,91,97,60,22,11,10,50,48,61,17,14,6,8,50,84,82,40,97,99,33,85,36,15,20,57,46,83,34,98,50,76,52,17,47,68,8,64,18,15,39,41,14,68,25,20,73,8,80,57,79,99,45,56,88,67,52,60,23,39,24,78,2,2,74,36,83,77,39,80,40,15,12,19
86,16,47,61,27,32,36,2,85,50,81,16,81,61,20,39,50,24,30,5,24,46,1,96,64,32,72,1,32,0,35,56,77,94,90,78,81,90,71,70,80,62,72,97,22,13,27,50,6,5,12,54,54,34,13,29,64,1,41,85,59,0,36,42,99,67,16,24,66,72,61,66,78,36,17,25,76,55,34,53,35,46,46,2,23,20,54,19,26,10,8,36,52,93,39,23,63,58,60,95
39,20,37,72,56,74,19,34,6,75,9,60,57,72,49,20,21,37,27,63,77,97,85,35,72,49,3,54,63,64,18,26,51,32,97,86,50,59,75,36,61,12,72,27,12,71,44,29,17,90,78,51,19,46,34,78,87,41,17,11,94,40,83,66,91,61,43,86,12,32,51,77,72,56,34,71,24,53,23,93,46,85,69,21,63,48,77,25,84,33,85,98,76,42,42,90,2,83,76,86
19,60,94,90,8,49,1,35,76,48,35,60,12,7,9,68,1,3,46,83,84,25,18,52,65,87,67,44,33,74,0,49,69,52,56,30,76,65,95,75,90,64,75,65,36,16,61,16,73,28,27,41,26,84,78,27,69,58,70,38,95,50,58,87,60,2,90,71,33,14,89,31,97,20,19,21,30,12,67,21,58,74,14,99,19,28,67,9,96,91,96,56,9,95,63,5,42,1,43,74
3,45,42,35,58,12,91,63,25,50,37,20,86,45,98,60,74,40,18,33,66,47,36,88,67,41,51,33,24,94,63,23,45,6,20,64,39,33,20,48,18,36,4,7,40,14,59,85,79,99,87,91,51,22,38,43,64,55,62,85,7,92,19,25,35,65,1,44,45,42,45,36,64,13,23,76,0,57,2,37,64,87,46,99,63,39,59,72,68,27,64,96,33,4,77,37,82,90,70,33
68,71,54,94,96,92,96,14,86,72,86,98,19,46,70,89,59,74,90,5,4,47,0,78,68,32,84,54,82,21,54,94,84,45,71,83,53,14,61,25,70,30,19,73,36,37,40,21,53,28,23,79,52,52,16,75,10,95,57,65,38,30,39,35,69,44,77,99,56,48,59,61,45,44,70,25,20,32,72,20,14,16,18,18,87,3,30,19,29,94,57,26,26,96,79,16,3,46,75,17
13,44,62,75,69,80,9,84,62,7,18,81,78,66,88,81,38,34,10,86,72,80,33,17,20,85,43,37,67,49,89,74,23,51,74,73,19,85,18,95,79,34,53,88,73,75,16,57,4,86,70,53,98,42,9,85,73,39,51,27,47,69,80,22,94,41,42,53,55,8,73,37,79,9,30,29,36,22,50,97,74,99,60,27,9,19,63,95,56,67,87,48,8,37,3,96,31,14,16,94
5,36,92,87,85,24,57,96,21,8,79,30,87,53,57,40,28,67,69,66,78,6,18,94,19,5,14,81,66,50,70,60,61,66,21,97,33,51,50,45,9,84,74,16,96,64,93,36,71,55,58,87,14,14,81,20,74,38,70,69,70,80,64,31,84,61,79,19,80,93,21,41,53,6,31,87,28,67,40,83,93,6,66,14,69,56,72,6,98,63,45,23,55,22,64,87,84,21,23,92
90,8,33,55,87,95,70,70,92,84,5,1,16,89,74,58,54,12,23,1,32,9,77,44,18,27,64,60,58,51,47,28,22,6,27,3,61,54,76,62,99,85,93,31,67,43,24,20,87,69,98,7,50,99,70,72,7,46,17,3,43,90,45,25,5,52,79,41,77,44,60,26,98,72,40,27,66,36,71,20,60,53,52,46,14,37,54,54,29,0,43,79,81,83,97,41,10,15,93,97
85,88,6,75,56,95,6,71,65,93,24,10,54,75,66,48,58,0,83,3,53,22,82,44,53,25,25,77,57,45,88,51,99,7,86,1,38,19,15,74,92,77,17,1,64,34,8,3,8,11,80,11,86,54,53,82,24,93,31,20,28,27,98,60,37,96,17,43,84,72,58,48,95,49,73,53,79,84,62,54,75,83,54,89,45,69,50,65,56,85,90,35,96,37,17,86,74,27,34,74
37,34,12,6,34,88,80,92,63,35,7,62,50,95,79,58,53,99,71,57,23,24,87,62,92,90,94,67,21,1,98,98,18,53,37,42,33,26,39,36,95,97,65,33,15,11,53,69,95,72,69,19,16,47,48,20,2,40,28,74,88,25,79,66,94,37,9,42,20,16,8,45,60,92,66,92,45,24,52,0,22,24,11,82,74,68,27,74,70,2,13,87,82,27,23,39,13,14,91,13
91,34,5,41,49,61,74,24,87,9,62,72,87,18,14,85,75,35,36,48,97,55,79,90,62,8,85,85,16,79,77,91,50,38,38,86,10,48,67,24,87,63,81,36,26,24,47,82,97,83,5,41,58,53,47,40,98,20,10,11,3,10,17,44,21,6,22,92,9,9,35,96,72,9,76,62,98,64,56,9,30,68,80,66,46,62,21,99,45,53,69,82,65,17,28,24,48,66,64,89
