63,32,47,77,18,81,8,90,70,49,48,32,17,96,70,16,69,75,63,13,68,82,30,47,79,81,63,35,71,76,25,98,78,4,89,0,28,40,79,27,80,33,4,1,0,66,39,87,80,87,50,70,20,21,96,56,63,91,96,48,64,16,97,36,63,25,17,21,25,58,17,77,37,33,34,60,44,36,23,24,80,97,88,52,64,99,30,79,4,47,93,83,23,49,62,65,31,1,94,40
5,54,81,51,22,43,76,51,59,1,58,6,53,73,25,70,37,2,69,81,6,6,27,31,93,59,80,86,98,53,85,30,20,33,75,62,71,37,76,45,51,61,88,22,78,94,87,84,15,1,19,98,2,21,90,36,92,42,67,70,23,74,74,74,42,94,11,97,43,16,87,47,79,81,2,56,36,38,8,98,90,73,7,50,23,94,62,43,45,51,68,86,62,26,45,83,68,13,54,33
51,56,97,71,62,16,31,80,50,7,69,32,47,73,6,68,94,66,95,62,4,98,54,90,44,34,49,27,76,31,91,38,78,45,77,99,46,59,95,33,65,31,14,35,8,74,81,8,26,33,0,67,1,9,73,22,12,73,88,41,63,3,86,0,57,91,25,54,38,56,82,51,52,8,39,73,74,95,89,84,36,19,87,81,68,95,94,1,87,57,80,46,45,6,8,6,31,10,31,67
45,82,13,72,79,75,95,64,94,92,98,70,16,20,30,48,1,5,12,76,29,5,33,0,91,67,39,49,33,86,32,68,69,35,31,14,92,16,59,31,6,18,30,38,65,91,85,8,65,53,31,50,97,24,33,16,59,31,10,28,42,55,87,45,25,47,88,62,41,83,55,2,87,72,11,61,36,94,18,97,42,42,7,32,55,68,50,3,23,17,62,32,11,24,46,32,9,22,9,75
66,80,99,34,10,3,44,43,92,84,99,4,49,33,85,14,45,7,30,20,93,97,41,9,19,59,95,91,17,69,41,74,88,3,51,29,89,46,37,24,73,96,53,39,31,85,32,51,84,83,59,67,99,87,74,19,95,46,75,52,60,20,40,79,2,28,78,25,82,81,11,59,25,63,64,36,54,91,60,40,38,98,41,32,91,93,57,37,74,90,50,41,40,6,42,21,33,67,89,84
31,65,61,25,33,70,56,94,20,58,18,9,35,81,82,72,55,4,94,79,57,24,87,29,20,55,64,33,81,19,72,96,38,25,91,94,35,55,76,57,35,63,5,13,78,64,0,49,25,38,42,27,28,6,80,20,0,0,93,95,37,6,99,88,74,98,61,41,19,87,30,89,21,92,45,37,52,67,72,13,79,86,8,27,2,41,55,47,92,64,61,3,49,70,93,37,14,19,52,15
53,46,88,87,44,48,2,97,56,42,86,22,88,33,97,80,84,73,49,20,4,39,5,4,86,24,7,5,68,96,95,92,71,28,67,77,62,52,9,96,11,28,42,18,55,78,63,81,29,2,73,29,60,22,48,54,16,80,21,73,27,58,66,59,64,1,22,17,37,58,13,7,65,39,55,49,66,14,24,79,93,95,69,40,45,64,42,95,82,99,87,38,66,16,98,1,86,32,67,70
47,18,94,30,89,66,2,21,8,36,15,74,85,90,71,15,25,94,67,28,93,35,57,55,3,55,61,33,25,83,52,76,90,91,25,80,75,40,91,79,9,76,1,73,13,13,84,97,93,51,40,48,56,56,2,20,13,2,50,48,26,56,70,75,68,77,69,66,52,38,34,48,8,87,49,45,96,90,4,95,1,39,76,53,20,4,71,69,8,5,94,94,37,61,28,47,20,37,34,36
83,29,78,47,31,52,39,10,47,7,7,79,49,51,23,44,28,70,80,78,24,45,87,15,53,44,92,13,90,30,20,13,53,67,41,27,49,87,47,15,33,82,92,7,29,43,1,93,21,22,41,40,4,65,72,22,86,90,88,11,81,88,16,54,58,29,21,86,98,17,17,41,15,17,24,33,62,97,91,71,94,3,89,14,58,82,49,4,29,15,41,27,3,16,37,7,81,99,95,96
30,2,90,64,93,81,87,43,98,39,0,47,8,15,30,83,13,3,2,80,46,99,63,48,11,25,23,19,59,97,30,95,69,85,90,27,89,66,53,8,58,69,17,13,14,80,38,73,29,81,28,11,16,6,78,22,73,88,14,55,43,43,24,29,3,42,3,79,14,12,89,76,83,18,48,60,69,43,33,71,82,91,98,5,88,0,1,93,93,84,95,70,6,36,79,28,40,93,27,19
26,70,85,44,83,70,47,45,21,52,13,14,36,69,21,25,97,85,49,98,11,10,65,50,87,54,76,86,32,75,13,57,93,26,83,42,40,86,13,51,33,67,45,72,35,88,87,0,4,93,10,19,43,33,72,77,79,19,15,30,23,76,1,87,20,27,60,8,60,21,43,92,33,52,16,55,7,39,10,18,64,63,84,70,17,61,41,83,61,93,83,48,65,27,88,21,39,40,27,85
25,28,40,53,98,59,19,73,61,6,53,47,50,57,2,74,89,59,83,1,18,26,90,56,62,60,12,28,85,43,78,1,5,9,48,41,48,80,73,0,59,50,53,22,1,97,46,27,59,14,30,51,9,95,46,99,19,67,24,52,42,86,31,20,58,3,75,58,10,91,24,55,82,66,73,71,2,24,10,69,19,71,35,13,79,88,40,28,30,81,85,21,64,18,11,70,2,64,42,33
64,75,98,34,14,67,21,44,56,67,3,17,93,4,96,26,51,42,76,86,24,2,89,34,12,23,6,55,63,88,84,37,20,78,24,2,75,92,69,87,52,60,4,13,13,60,15,71,74,2,45,83,81,1,75,56,80,82,39,44,52,27,5,52,11,42,74,57,30,86,66,76,50,48,7,95,35,85,52,87,12,59,60,22,86,18,95,62,76,64,60,76,68,38,61,15,92,84,96,29
69,40,83,33,5,39,46,70,51,27,25,55,8,0,89,8,17,86,93,70,91,0,75,11,25,45,81,33,96,89,37,9,93,82,52,68,5,76,90,66,82,74,76,31,18,25,28,79,55,0,74,53,86,13,93,41,14,58,12,8,30,47,54,25,27,13,1,33,99,65,15,47,10,15,0,38,19,41,37,4,65,60,89,94,4,99,77,90,27,76,66,33,47,75,51,33,85,80,23,74
55,33,68,73,12,86,6,69,11,26,75,56,21,11,67,31,50,13,5,38,27,88,40,19,58,9,80,61,77,20,97,25,20,27,39,60,17,26,53,32,13,54,71,50,61,8,94,69,56,93,71,26,28,56,65,11,53,33,97,70,85,72,75,6,38,97,10,65,55,99,89,63,58,46,69,58,91,28,68,19,5,9,20,20,61,4,5,13,76,6,81,58,75,20,94,82,3,77,62,79
59,9,38,37,73,51,49,96,69,50,29,18,97,79,60,38,10,74,32,28,64,38,25,99,9,5,97,93,24,44,66,94,42,65,36,94,98,59,58,29,65,47,7,98,21,25,62,19,87,17,83,81,21,88,85,12,1,98,20,71,68,74,28,66,14,59,64,60,63,47,6,95,81,26,28,82,8,40,32,43,64,66,9,48,70,51,33,9,9,80,3,15,92,32,18,71,1,2,65,77
81,71,83,8,51,47,59,24,64,96,16,63,9,11,50,92,87,24,84,90,3,42,51,6,55,40,93,1,85,94,32,45,71,51,46,26,53,35,20,73,10,65,99,77,14,68,7,58,21,64,79,11,70,64,75,84,26,66,77,41,0,24,71,10,27,2,58,95,2,17,92,52,64,75,20,71,87,72,75,82,20,1,46,85,9,75,95,16,20,64,18,46,56,55,24,18,77,62,65,55
97,1,26,83,38,85,25,40,40,83,98,59,27,72,41,31,86,14,0,59,27,21,7,55,55,19,35,5,46,61,77,76,60,92,66,38,3,41,52,36,25,74,64,66,7,1,88,32,56,86,97,36,59,40,13,46,4,69,10,81,33,81,11,67,26,90,13,55,92,58,94,47,30,60,78,51,7,44,6,6,35,18,90,48,21,23,4,75,50,40,83,16,75,80,15,5,19,65,1,92
8,23,51,1,68,61,35,81,43,77,16,89,79,18,11,99,21,8,12,60,27,37,69,38,48,80,52,69,31,43,20,29,32,81,3,46,25,30,95,41,65,63,94,3,79,31,49,1,6,93,40,62,18,19,20,41,23,31,43,22,42,92,2,96,71,41,73,11,58,46,42,7,59,8,8,25,53,24,83,97,4,48,25,94,31,51,25,23,44,42,41,94,95,27,41,87,6,9,18,43
91,70,73,22,65,31,89,76,64,2,65,28,84,66,20,23,89,31,59,80,28,33,19,1,0,20,47,30,8,2,98,21,65,69,71,71,48,91,47,87,16,92,84,97,58,55,2,13,34,10,30,89,71,8,8,17,0,84,15,63,18,32,37,99,46,60,69,42,23,25,76,70,93,91,10,29,25,3,46,16,49,77,75,62,32,38,78,88,19,86,90,24,7,67,46,21,20,74,37,74
79,86,25,53,83,58,18,36,90,62,10,36,30,83,85,59,32,37,71,48,17,63,90,17,20,23,63,25,5,67,73,60,67,36,97,8,10,1,93,33,84,84,4,58,1,33,12,31,10,72,93,31,86,58,77,59,21,19,70,64,58,32,4,95,44,12,42,19,42,21,45,53,48,80,14,28,10,73,40,51,71,82,37,68,83,95,43,78,77,37,4,7,36,84,95,48,54,90,22,11
87,37,45,48,33,88,52,76,13,94,22,82,70,85,86,43,22,51,74,34,20,59,92,21,97,7,17,3,92,38,38,43,54,29,61,10,56,54,28,25,10,69,1,2,36,23,33,96,12,93,8,86,71,39,68,26,75,82,30,64,47,15,22,59,81,62,93,30,60,80,80,83,53,13,41,88,56,21,27,8,69,66,0,47,34,47,22,34,84,49,78,38,66,95,29,95,57,67,82,4
10,28,33,94,6,87,98,59,27,15,49,50,57,9,31,60,84,80,31,5,50,82,26,26,61,5,64,43,10,17,71,54,69,51,75,2,45,14,93,13,77,1,10,57,36,14,35,91,62,71,75,92,8,80,25,35,41,32,99,79,52,59,56,14,54,21,98,40,34,38,65,35,92,51,81,35,47,58,70,70,43,42,17,57,85,76,27,14,70,30,18,0,28,70,26,16,53,82,57,62
1,48,2,48,83,9,77,15,52,81,88,57,40,18,50,66,75,64,20,51,3,73,17,60,32,93,84,78,41,66,13,78,7,99,89,25,0,87,51,42,8,93,67,21,20,39,35,10,1,79,57,86,69,90,67,81,69,48,34,70,74,13,66,7,42,96,21,10,19,53,75,94,0,80,57,6,96,16,93,53,91,22,53,98,59,85,50,58,88,0,37,68,81,19,44,33,15,10,6,87
6,18,80,52,46,14,41,7,51,95,79,71,20,20,96,72,62,70,92,79,7,16,55,62,18,79,71,61,46,85,16,7,78,72,96,61,40,42,43,46,18,27,84,88,18,26,11,47,78,61,65,5,16,41,10,6,92,19,94,29,72,14,88,31,9,41,81,0,80,16,16,72,60,67,3,81,16,19,33,32,1,34,11,2,69,38,14,32,36,57,90,11,63,32,69,54,71,26,72,21
64,45,83,72,42,12,73,17,70,35,98,43,94,17,12,52,48,67,81,46,53,19,27,5,25,24,55,69,79,4,57,76,50,60,44,84,60,95,90,60,96,55,78,91,39,69,37,85,23,21,69,85,19,23,17,57,76,73,39,8,66,37,27,46,48,21,72,33,53,14,61,26,6,15,94,73,12,96,42,63,84,91,13,72,96,74,55,42,89,7,88,98,55,34,7,49,28,13,22,70
93,98,92,27,48,73,73,41,2,24,39,41,69,10,42,65,93,76,18,61,41,27,38,76,31,35,1,31,84,71,90,84,89,79,97,95,94,7,31,70,41,91,27,52,0,9,98,9,77,97,91,48,82,56,65,58,37,71,73,46,3,92,72,67,13,57,45,26,76,69,41,69,24,95,80,94,40,52,39,44,94,69,91,61,26,19,70,11,90,84,39,8,4,39,37,38,68,24,83,5
34,61,42,46,68,81,52,84,96,96,41,41,92,20,1,10,80,55,52,88,57,21,6,52,13,21,40,38,2,36,13,67,60,22,74,88,28,9,95,59,82,68,66,73,36,10,23,21,23,4,31,1,3,5,15,79,85,9,45,35,73,84,53,12,94,37,5,20,68,15,47,46,89,17,68,95,33,30,94,57,73,35,64,25,56,10,30,63,11,95,0,88,14,22,88,80,68,12,44,26
90,87,62,37,25,42,30,56,28,70,34,6,21,24,70,85,87,74,19,42,49,92,26,18,47,44,50,23,58,63,70,85,11,33,73,76,38,39,1,40,61,48,47,85,98,49,33,21,68,62,54,62,14,83,34,57,88,48,66,29,41,21,79,38,6,37,56,91,79,69,67,19,63,1,61,0,82,92,17,72,24,23,98,5,46,9,20,40,8,28,70,55,87,6,27,53,88,78,19,7
46,59,74,92,98,42,11,41,80,17,31,71,83,35,44,46,97,48,5,20,48,93,4,48,25,23,95,77,20,58,86,3,98,66,77,48,95,77,18,67,88,39,22,85,12,7,60,98,83,7,68,97,16,47,37,40,43,11,54,47,48,31,56,22,79,9,37,90,34,39,14,81,81,18,82,60,51,15,22,79,20,28,53,46,99,22,37,71,98,18,45,22,20,99,30,18,41,97,69,51
66,32,10,42,5,27,99,42,90,34,9,43,68,3,16,72,61,58,55,93,24,45,66,28,41,56,28,18,32,45,57,27,28,0,52,27,59,57,50,11,22,30,98,92,95,44,18,71,55,31,53,42,3,96,23,79,42,39,45,43,48,5,33,69,67,30,26,17,99,48,46,36,69,62,53,48,25,80,90,94,64,93,53,51,65,57,35,7,44,4,59,39,25,26,82,43,92,64,61,41
53,45,72,5,71,73,58,10,90,91,89,90,53,47,83,78,16,35,99,25,39,75,36,8,51,23,51,2,14,77,17,98,13,36,70,42,31,89,25,14,14,16,61,98,78,95,81,69,94,55,18,93,18,92,33,68,95,40,80,93,26,4,73,19,67,27,30,58,58,88,69,32,61,23,4,4,14,55,58,51,1,99,88,51,57,75,26,89,67,18,45,94,55,58,11,30,23,81,19,18
88,39,67,89,11,89,89,14,22,16,65,84,59,34,45,90,5,31,78,78,64,0,23,9,70,84,29,39,25,43,54,61,99,66,83,31,45,77,36,80,73,19,19,24,50,69,10,19,86,86,54,39,14,35,17,0,14,40,27,24,93,7,37,80,42,29,73,0,13,39,82,3,7,38,83,76,68,79,74,61,83,15,11,61,17,94,48,89,20,91,51,63,79,36,70,95,31,64,24,99
12,28,62,79,18,34,99,58,19,49,45,21,61,69,82,98,58,66,14,89,24,21,12,98,88,79,29,46,42,63,50,96,42,55,96,72,91,35,93,64,78,74,7,55,59,85,50,92,27,62,21,95,1,34,29,83,98,23,76,32,8,62,21,35,28,85,69,41,48,29,62,29,84,30,1,35,74,80,5,98,41,10,56,24,47,58,79,41,66,1,29,66,53,93,77,93,68,53,76,83
33,63,90,49,63,22,26,48,9,56,41,32,21,11,68,51,51,76,26,88,36,48,67,75,8,67,60,68,40,31,1,33,94,83,53,0,14,77,58,42,69,26,36,78,93,28,64,2,29,2,13,24,17,32,47,4,85,74,56,90,94,32,32,88,69,76,50,19,89,32,18,83,65,34,82,32,79,78,68,31,80,27,81,82,11,14,92,45,90,48,94,2,3,31,94,68,81,13,19,68
36,6,57,13,22,79,93,86,57,72,60,14,49,90,43,44,27,77,10,93,8,6,90,52,0,41,58,72,48,12,70,29,39,67,95,49,0,19,43,45,69,14,8,81,31,96,92,32,94,10,89,89,21,5,84,28,56,9,44,18,86,59,27,69,45,4,16,42,54,53,9,20,57,21,89,50,86,10,19,1,90,80,85,33,29,71,48,38,10,60,81,7,76,87,80,84,72,4,45,97
8,72,47,15,27,72,54,65,52,50,51,3,49,79,27,40,79,37,65,43,8,69,67,58,90,48,67,82,95,76,97,70,91,34,45,38,53,76,84,27,70,65,59,14,53,68,98,75,96,31,36,18,52,72,92,25,79,82,10,27,38,7,76,32,15,65,22,9,13,20,26,80,87,55,88,39,72,63,75,6,87,32,69,82,92,54,96,16,35,57,98,72,25,53,95,92,7,47,20,32
98,76,96,40,1,68,50,96,96,42,68,0,5,6,75,17,59,90,45,41,75,29,38,11,84,3,45,10,19,82,17,28,71,45,38,26,28,52,92,19,87,95,99,50,42,60,16,18,44,48,61,38,59,94,61,22,36,45,34,45,57,55,50,20,94,18,56,51,73,26,24,71,51,90,24,76,73,49,50,14,45,1,96,4,14,39,66,68,7,97,18,6,94,54,54,75,50,56,15,38
75,72,80,16,66,22,17,5,34,39,70,63,9,1,60,98,93,98,10,93,30,29,74,1,80,47,10,31,87,50,86,65,91,64,81,78,75,91,92,50,10,88,64,63,84,62,71,97,63,65,1,85,93,69,37,45,99,69,51,36,52,48,98,29,17,92,34,25,49,66,72,35,88,57,95,44,2,54,24,5,1,90,2,29,16,96,39,71,82,66,95,88,55,11,9,97,48,30,37,26
66,18,50,43,33,79,65,8,18,13,51,57,30,47,99,63,36,46,36,23,46,97,74,12,71,86,81,7,64,75,56,51,41,83,60,59,25,56,88,82,90,46,1,86,11,37,50,45,35,36,97,84,50,25,98,57,64,54,98,24,22,95,28,62,30,62,88,67,67,73,65,91,1,13,1,7,79,8,80,18,46,97,1,75,95,12,45,38,10,98,6,91,54,42,73,50,53,94,25,58
12,29,7,45,87,63,99,58,35,48,41,18,26,25,9,11,53,4,56,3,37,7,71,77,87,36,79,51,21,60,80,41,55,50,0,21,92,23,27,1,19,69,52,57,9,17,11,86,7,46,67,92,9,28,56,42,62,49,65,10,80,11,20,63,97,91,38,92,48,14,2,96,61,51,2,83,32,92,37,13,49,39,6,77,38,69,53,66,74,9,88,25,25,88,85,78,61,4,30,37
63,59,95,21,48,70,83,65,60,3,10,7,88,1,8,78,28,3,39,20,24,24,4,54,16,54,19,32,51,84,44,64,89,14,34,73,66,57,7,58,95,9,23,98,48,53,42,80,11,57,97,96,63,5,65,31,81,21,27,85,53,57,7,81,19,8,44,59,15,14,62,93,11,63,27,55,84,50,4,18,99,67,3,80,32,74,3,98,48,94,56,70,21,29,1,96,71,32,44,65
65,79,71,8,26,56,14,90,44,14,58,44,93,66,74,70,22,1,85,10,85,52,82,71,15,65,64,82,90,55,42,32,97,6,92,30,74,4,28,58,1,40,59,2,91,26,40,51,34,51,24,91,56,55,57,84,32,69,33,77,28,40,50,48,9,65,63,8,37,72,66,59,63,95,77,4,22,45,72,26,63,45,16,70,94,76,26,72,71,57,51,79,25,24,77,88,73,77,24,64
81,35,11,19,17,81,86,14,26,41,87,20,38,29,5,73,81,23,16,76,37,29,60,99,34,49,2,89,16,30,37,76,33,46,3,24,60,52,15,9,36,30,55,69,67,68,94,86,98,26,3,83,62,73,2,1,93,74,25,6,83,4,44,26,56,72,30,43,39,46,15,11,82,63,90,24,49,38,0,16,93,72,96,10,85,85,18,89,3,76,99,72,73,31,74,96,8,1,85,99
47,61,40,26,93,48,87,86,8,54,63,51,50,42,98,13,50,64,48,36,21,73,79,67,35,43,3,77,8,62,67,25,23,50,28,53,74,46,39,11,53,30,79,95,42,6,73,47,86,60,32,76,85,5,73,3,60,19,31,54,32,6,0,25,60,69,60,72,51,76,68,42,4,33,91,52,67,80,17,85,25,20,57,23,60,71,85,79,73,85,93,29,8,18,73,7,65,30,28,76
82,7,61,16,16,82,81,99,46,58,19,35,22,67,56,0,43,35,84,20,73,27,7,63,55,81,9,90,19,65,7,87,69,14,86,84,74,19,31,94,32,47,58,21,66,38,65,51,0,34,97,73,21,71,7,5,79,15,76,26,2,90,50,47,74,65,20,36,49,82,2,87,71,48,70,10,24,61,20,16,65,55,80,67,21,63,77,82,71,33,94,33,16,92,46,46,51,73,30,2
6,16,98,49,64,47,0,62,40,73,4,35,17,58,33,18,20,4,27,86,47,6,96,57,20,5,72,94,34,73,40,30,84,65,70,20,44,16,91,63,16,84,51,13,19,76,17,29,22,18,75,73,11,99,5,47,0,55,39,10,77,26,2,1,84,6,23,64,9,94,43,35,89,86,51,21,45,20,71,21,96,49,78,99,95,83,21,42,29,52,74,58,18,87,33,83,13,21,5,46
97,57,0,74,58,73,40,46,93,83,44,90,30,81,44,29,67,94,69,47,42,54,28,11,76,12,68,8,92,62,4,20,78,13,43,94,41,68,72,46,69,68,18,23,31,30,21,30,87,25,0,46,51,78,90,91,74,14,87,23,36,51,24,92,18,72,75,53,26,87,46,36,32,80,95,33,0,24,65,73,63,79,54,10,89,12,20,72,74,20,47,61,18,63,20,77,4,95,12,59
78,61,21,29,66,6,22,88,0,39,91,44,59,37,43,64,72,56,45,73,3,23,35,97,29,5,65,43,71,80,55,82,20,92,22,75,82,78,96,76,91,86,16,50,56,94,72,64,15,42,3,22,97,74,31,73,18,39,67,6,17,18,79,92,25,6,84,92,14,37,88,56,11,59,68,24,64,63,96,53,47,90,24,39,3,97,3,87,17,71,30,2,61,42,4,97,25,52,57,94
21,62,46,48,73,48,82,52,36,90,55,88,87,92,49,96,95,21,48,23,5,7,5,8,26,27,18,47,43,98,59,23,19,46,46,57,72,58,32,67,32,54,57,20,28,31,85,82,28,82,9,98,58,21,86,90,34,57,2,16,43,9,83,6,76,0,37,95,77,81,92,42,45,96,83,3,53,41,54,67,18,6,6,80,37,38,55,18,12,85,87,32,38,47,89,40,40,8,1,10
19,89,19,36,1,15,80,19,51,68,10,49,29,15,39,40,6,82,13,87,72,55,81,68,76,76,21,39,19,95,61,45,40,38,40,45,53,24,41,28,78,66,74,27,13,93,93,16,36,73,19,1,38,65,72,80,32,62,98,60,97,96,82,93,84,48,93,45,90,85,68,19,84,65,82,61,54,39,19,13,8,15,99,96,10,9,89,60,87,60,30,52,14,56,6,74,88,51,20,5
10,1,71,0,0,74,82,32,76,41,82,18,89,16,71,37,67,91,7,35,96,49,11,2,22,66,52,63,11,43,30,83,58,17,45,31,96,21,65,46,15,16,68,97,44,51,8,74,59,70,55,34,4,23,25,2,93,82,92,97,90,23,3,45,39,64,99,7,0,26,84,72,31,71,59,15,48,14,37,29,97,42,51,48,50,52,10,24,83,85,35,72,5,45,63,66,11,83,36,85
65,45,15,23,0,54,34,19,10,99,44,17,57,92,17,7,15,22,96,28,24,62,91,71,83,63,97,50,60,5,64,80,35,6,50,94,47,62,62,18,65,40,59,74,60,31,12,96,14,31,28,43,72,50,67,95,9,83,42,45,81,14,47,46,81,28,76,17,86,15,38,16,66,59,3,4,52,0,77,54,32,64,54,51,8,28,32,3,38,7,14,55,17,51,74,8,76,69,3,24
42,31,70,28,0,37,12,91,66,26,66,43,41,85,42,70,2,80,32,24,38,48,57,76,98,7,84,73,87,3,65,68,51,48,78,23,4,94,62,72,78,81,45,12,71,2,28,75,27,75,2,22,11,14,43,5,22,26,57,47,15,84,23,39,86,26,75,89,46,82,84,74,92,98,10,80,33,99,23,34,7,24,86,25,30,29,71,17,55,21,57,87,43,90,40,67,81,24,48,69
69,37,92,28,32,80,71,53,97,28,76,11,67,0,68,72,98,73,42,56,12,60,41,60,36,54,66,7,25,58,5,76,49,55,68,84,2,32,34,76,59,44,15,95,77,66,33,8,96,46,16,54,9,62,20,71,1,20,79,47,51,61,10,86,3,24,80,50,59,77,14,60,64,89,67,8,90,98,68,56,39,67,97,71,57,75,34,60,43,84,48,71,45,84,52,86,19,71,70,32
97,91,16,39,44,1,62,8,83,5,66,49,9,94,4,79,6,55,96,14,89,22,53,83,53,16,2,81,44,22,88,71,53,39,95,14,38,50,74,2,74,62,45,55,62,66,22,51,51,67,21,67,52,86,73,87,97,16,76,83,75,79,79,52,72,4,23,28,3,82,52,42,25,2,11,46,71,70,43,53,72,55,45,28,63,60,34,20,59,36,27,67,83,56,11,62,80,87,0,58
74,94,7,72,74,16,68,45,15,3,7,87,97,26,24,24,99,8,6,65,13,9,22,66,17,27,44,45,87,51,66,4,68,26,33,76,47,21,50,64,27,33,78,92,2,48,75,69,20,97,46,42,17,90,81,63,48,45,85,85,39,68,2,1,8,6,0,63,31,36,87,85,27,1,91,84,67,74,33,87,57,21,69,87,17,16,32,48,9,18,68,42,98,79,35,66,35,2,73,52
57,5,94,10,66,97,35,68,32,23,18,80,62,18,53,68,99,34,28,98,43,6,27,4,66,43,38,63,4,50,16,62,43,5,35,20,12,65,74,30,13,31,75,14,12,73,92,77,70,96,92,96,75,65,18,16,53,65,77,67,76,86,49,31,56,91,75,58,42,31,80,60,54,67,31,41,3,99,79,11,61,7,0,92,40,75,43,12,77,92,58,47,18,22,3,2,27,67,57,45
16,46,76,45,99,18,22,75,18,2,34,89,38,42,25,83,7,20,88,18,4,4,9,35,59,69,87,32,38,62,97,49,21,26,36,88,4,49,28,34,46,71,64,90,20,98,90,77,47,27,59,65,84,22,28,66,35,5,33,67,4,56,28,21,94,54,26,76,1,99,2,14,90,62,7,0,87,10,51,53,29,90,38,21,19,97,17,61,29,72,21,5,53,39,48,90,14,60,75,38
66,88,75,17,59,58,25,63,38,46,80,0,93,23,61,91,76,42,55,88,97,51,23,8,68,14,19,20,18,82,86,71,48,5,63,53,28,61,75,85,7,71,22,49,34,11,74,21,75,64,91,94,52,90,70,50,79,54,29,26,93,93,61,12,25,29,94,62,94,66,25,19,81,85,16,81,96,7,35,85,47,60,7,28,66,13,55,34,17,49,36,17,44,18,70,55,46,9,69,53
96,68,98,26,36,30,90,4,77,33,65,14,94,57,9,97,86,52,6,73,46,22,94,73,70,63,54,90,44,68,67,6,27,53,63,81,20,28,5,41,86,26,36,60,15,19,24,39,80,39,75,53,46,42,6,13,44,33,48,68,17,23,33,5,66,67,12,52,65,87,76,38,81,10,60,67,58,47,41,84,86,70,65,59,97,28,53,2,26,4,94,97,2,57,37,69,2,75,69,75
67,78,11,24,50,9,64,7,19,28,59,8,85,41,29,28,47,17,97,44,91,59,30,18,20,86,41,75,23,41,94,46,78,37,62,30,60,62,17,76,22,14,58,40,47,7,91,19,36,40,32,6,3,60,69,45,37,11,24,75,48,1,18,13,54,41,86,50,20,3,43,71,3,22,2,32,28,58,43,56,68,21,34,85,71,70,3,4,75,7,67,4,33,59,70,45,47,57,82,45
97,3,42,11,6,64,56,32,51,4,17,39,59,13,57,60,79,36,28,74,16,78,1,87,51,27,94,81,37,9,90,22,56,29,81,92,7,58,23,47,1,51,36,88,58,71,71,36,90,72,31,83,22,65,6,83,22,29,50,69,81,26,98,70,92,62,58,38,34,78,3,2,22,29,37,92,83,68,87,9,24,84,73,59,99,36,34,21,41,61,94,41,9,4,83,49,98,43,75,45
15,64,44,56,60,47,68,37,39,71,10,91,62,5,30,22,53,26,26,89,73,6,65,57,46,97,0,18,18,50,53,5,90,71,79,62,46,69,61,65,42,37,70,1,56,79,98,45,26,19,49,51,41,14,0,57,20,79,41,78,30,24,87,71,23,51,67,52,58,3,35,79,72,68,85,60,93,82,89,98,0,19,79,70,77,27,79,18,52,30,71,97,85,93,35,77,46,61,92,62
56,69,15,3,50,63,3,3,62,30,58,19,78,3,24,27,79,67,17,22,76,41,13,94,53,53,31,29,59,92,83,23,25,75,37,77,70,99,54,56,42,39,58,59,96,35,17,61,56,92,96,35,45,96,59,30,82,28,4,2,43,93,11,48,85,28,65,58,74,10,64,64,30,33,25,58,17,53,93,81,11,83,26,44,24,28,50,25,77,73,26,8,32,7,4,32,79,54,51,12
72,80,64,46,81,60,3,4,87,72,28,99,38,20,48,97,7,88,60,2,18,70,72,76,23,98,38,12,11,31,46,1,61,48,51,96,16,3,43,97,81,33,71,66,61,39,78,10,27,53,59,62,20,54,56,56,21,11,54,64,31,17,19,76,86,66,59,11,27,52,78,30,67,54,93,55,53,64,83,80,85,90,27,13,24,24,24,22,12,85,79,27,92,66,14,1,45,83,30,18
24,1,0,98,53,27,58,74,17,78,93,49,31,7,98,98,21,65,89,56,49,85,89,22,24,87,59,88,44,70,35,22,34,43,45,80,11,70,30,35,86,31,66,47,11,69,14,82,76,78,54,36,65,74,37,77,39,68,42,65,97,71,55,63,7,7,17,22,68,74,14,61,96,14,15,61,60,83,46,68,68,25,29,97,62,96,50,55,68,9,10,57,66,51,57,28,47,95,59,60
90,44,81,28,2,30,51,7,9,22,23,90,82,87,52,48,66,64,0,1,16,86,0,91,54,22,89,43,27,44,32,0,24,22,79,30,64,44,92,61,56,97,87,18,81,92,96,63,51,89,3,27,86,79,80,18,36,6,99,1,15,54,40,15,87,60,37,85,67,13,64,96,35,84,16,60,18,0,69,32,15,40,76,61,55,28,85,72,98,33,96,81,82,44,27,22,5,77,74,93
75,47,4,34,0,40,50,13,72,94,6,29,76,28,34,10,91,96,17,28,51,79,31,1,77,48,16,76,15,65,38,92,99,51,84,53,14,64,35,13,92,60,73,44,88,18,41,6,64,61,14,43,58,27,48,5,83,57,29,17,61,85,89,80,24,61,72,52,89,77,57,84,49,49,36,32,66,72,54,90,1,25,17,23,9,33,35,51,93,74,20,57,27,52,88,21,21,49,51,27
4,18,47,33,56,68,44,17,13,29,8,18,76,94,34,50,19,54,81,57,58,17,61,88,13,58,14,57,99,59,2,54,61,19,54,61,97,99,9,84,95,46,15,94,41,70,44,38,44,85,25,23,58,8,62,22,59,52,19,89,73,38,41,33,55,53,80,91,51,44,6,59,39,33,91,49,25,78,37,61,36,59,79,3,59,37,85,8,18,37,11,28,68,0,28,41,6,48,83,92
62,76,0,76,33,70,97,44,84,50,47,42,87,99,76,39,67,62,48,21,96,86,31,20,51,88,34,80,2,38,50,44,36,19,39,85,96,84,8,43,29,34,47,82,29,97,7,19,86,8,1,33,78,78,54,78,3,77,80,72,79,69,26,15,62,61,3,60,78,27,48,77,25,66,96,83,66,42,72,81,33,79,36,68,61,38,37,38,99,0,66,4,93,37,18,28,2,26,96,84
46,64,65,95,43,26,16,78,22,97,20,39,23,11,31,18,91,5,38,83,40,6,44,44,68,53,58,31,84,10,37,78,48,10,96,29,52,94,49,96,57,63,65,65,45,23,16,3,49,67,27,46,58,5,74,64,20,77,94,74,99,69,83,76,0,26,36,2,99,1,80,24,7,35,73,44,87,37,44,52,40,9,35,98,88,34,67,65,33,18,23,15,28,47,2,28,26,58,10,59
88,17,49,22,0,21,92,28,60,80,3,59,34,70,83,1,90,33,68,13,3,15,68,95,6,83,2,8,10,1,76,43,1,48,75,34,68,22,96,5,28,87,61,14,9,82,38,85,93,10,29,94,14,44,49,57,30,19,23,2,24,41,40,79,0,60,12,40,75,29,67,34,24,28,85,32,91,18,72,74,9,80,14,11,58,90,38,14,83,29,8,33,8,70,61,59,37,15,74,5
57,19,92,40,20,5,4,73,6,50,85,17,41,13,87,52,84,37,8,6,70,6,2,42,70,4,4,95,49,38,2,71,46,19,16,22,51,75,90,81,69,32,34,34,17,68,63,65,14,99,70,76,23,79,33,83,10,92,91,62,43,85,31,16,51,29,81,22,78,54,27,65,43,10,74,93,47,56,59,87,77,59,57,29,89,6,9,93,84,94,53,61,80,12,3,75,62,58,41,98
60,95,67,27,34,12,1,41,68,11,19,84,85,34,47,57,24,36,1,17,52,0,59,23,96,71,40,36,48,5,63,78,18,35,97,21,45,53,75,62,18,39,99,50,79,66,66,31,53,69,10,42,39,21,78,41,62,22,11,75,26,79,92,55,39,33,70,70,79,17,17,54,33,17,54,76,25,82,1,92,27,0,92,24,3,62,59,75,50,20,0,73,6,3,59,61,8,72,34,78
98,33,10,15,81,13,9,46,25,31,89,44,8,55,67,91,65,61,61,96,77,15,74,96,13,37,0,87,0,36,17,13,85,88,18,58,76,35,24,36,29,36,1,22,1,5,31,51,73,90,93,66,55,29,55,74,64,70,79,79,4,20,30,72,40,95,46,82,65,27,83,78,58,82,17,59,12,93,51,21,96,91,94,74,7,44,77,6,77,10,65,38,15,14,54,61,6,93,33,80
6,21,34,24,97,16,93,39,53,13,16,71,68,35,60,39,17,74,29,76,46,31,45,87,66,68,13,22,25,82,39,96,55,57,0,27,64,70,17,9,15,67,18,39,27,15,59,59,87,36,43,68,41,11,23,40,56,8,79,18,8,71,44,5,21,54,14,18,29,61,66,50,51,24,93,92,11,69,67,14,46,58,42,70,68,38,92,46,74,20,40,9,95,91,61,72,99,30,36,69
99,20,23,66,72,52,92,70,97,29,29,90,13,52,43,23,17,47,18,84,96,69,35,55,26,19,9,65,86,92,14,72,53,76,33,64,3,52,56,97,22,1,72,33,85,54,31,74,58,82,95,35,81,79,29,28,17,42,28,95,86,75,35,27,45,28,47,45,43,17,73,86,36,72,17,92,85,36,79,14,34,40,75,87,30,2,62,37,76,97,91,19,66,4,60,38,45,88,53,72
1,50,95,79,17,95,99,78,35,86,22,81,92,36,20,91,30,2,86,40,27,18,81,65,31,27,1,22,71,89,71,74,32,42,38,50,48,12,53,16,79,7,70,34,26,42,56,40,1,78,16,19,42,84,66,28,0,4,18,61,90,78,93,55,33,17,25,62,60,95,98,34,10,45,37,50,95,71,19,94,48,4,5,53,58,64,50,69,25,7,39,41,10,68,20,43,12,42,77,95
39,71,55,99,15,18,1,87,99,19,63,88,95,43,41,42,65,72,70,8,80,12,75,69,58,70,83,1,48,99,54,97,92,76,18,84,35,40,38,31,93,80,34,27,89,42,80,94,32,92,65,4,94,31,67,17,40,1,11,30,37,66,72,36,90,43,34,68,6,85,38,52,19,17,11,19,35,58,14,2,43,51,35,82,2,52,23,82,67,63,38,25,32,17,34,25,59,3,64,53
39,50,67,80,44,79,42,91,96,96,70,76,30,1,36,10,81,38,43,74,43,39,94,23,97,38,98,62,46,88,94,81,6,67,6,22,24,64,8,56,65,82,41,82,10,7,61,3,58,43,30,99,16,14,3,64,23,46,22,33,3,91,98,12,4,92,7,15,59,92,40,94,74,69,87,87,65,72,45,82,23,65,46,24,14,30,43,88,6,85,87,85,17,75,55,11,73,69,78,97
33,85,54,84,61,97,84,87,0,0,21,79,72,30,41,69,69,99,88,34,39,19,84,50,30,45,38,66,48,50,90,45,62,30,82,27,73,2,44,70,64,8,95,73,2,0,79,42,81,40,1,99,66,56,55,56,45,8,82,57,54,51,69,92,74,64,1,51,32,96,74,0,7,80,21,29,8,40,66,99,86,1,46,82,30,72,38,80,74,5,15,75,50,63,1,9,45,9,18,91
86,2,55,18,67,98,86,74,19,30,76,96,48,47,16,40,56,62,86,36,25,35,81,5,13,48,62,60,83,85,17,80,24,50,67,98,22,88,67,30,35,38,63,14,3,65,82,81,79,36,95,14,78,42,53,59,54,88,46,29,40,2,99,1,66,18,78,2,38,34,31,58,51,16,73,84,99,95,4,64,0,92,76,41,97,47,50,60,94,12,75,20,92,15,75,52,83,72,83,81
17,55,54,93,11,20,62,78,8,50,51,54,70,4,62,49,42,93,4,1,20,57,38,26,48,73,77,19,83,6,11,95,45,51,52,21,49,78,48,96,99,26,2,59,34,10,10,30,1,81,63,33,85,57,51,9,14,82,49,70,84,45,78,65,56,19,62,43,30,77,1,30,46,13,97,86,84,83,9,69,34,29,4,85,52,13,90,87,95,58,12,2,79,30,40,41,32,26,43,50
28,39,18,20,78,78,68,32,15,47,70,28,37,72,30,57,34,69,10,87,51,32,17,95,74,19,72,73,8,5,19,16,67,74,91,87,3,42,72,37,67,10,59,81,7,12,29,16,75,5,73,21,87,28,20,1,1,37,96,31,83,27,66,6,94,75,52,41,18,67,3,16,41,32,86,51,42,89,66,40,58,28,65,53,5,58,86,15,83,15,42,69,87,16,17,59,2,87,72,48
5,48,56,70,69,65,21,86,79,39,28,74,35,84,35,96,30,51,70,34,17,51,15,14,27,53,55,97,2,52,84,11,97,14,76,15,98,53,72,34,78,67,71,97,23,0,98,84,7,67,76,57,74,48,62,78,70,85,0,13,3,7,0,78,63,88,45,38,84,55,49,39,36,21,3,27,10,27,83,11,18,13,4,17,35,74,49,98,50,5,29,42,1,40,12,69,13,79,18,80
4,17,58,45,91,12,25,1,83,27,95,84,13,17,11,2,88,4,38,68,38,92,17,81,62,99,36,85,57,34,47,89,62,21,16,81,28,8,12,50,27,10,36,67,78,64,8,55,48,35,78,74,6,86,72,86,81,19,87,4,41,77,85,0,29,81,39,90,64,9,44,27,85,97,46,28,51,45,35,42,71,80,13,23,6,96,18,32,64,86,50,20,7,5,99,34,70,83,35,36
9,92,38,8,94,8,67,15,78,64,60,0,66,29,6,99,38,65,32,60,91,34,77,40,41,85,61,87,12,92,84,31,1,53,57,24,73,59,69,1,85,6,72,36,44,51,31,38,82,70,41,6,31,77,40,44,65,78,35,18,32,24,65,63,94,7,53,16,51,94,85,0,7,11,70,12,43,2,98,44,10,2,1,89,0,17,42,12,94,35,50,92,57,87,75,92,14,86,70,40
87,65,75,62,3,65,19,48,60,30,68,66,34,61,41,82,81,84,8,45,31,32,73,16,20,69,2,79,27,99,69,31,30,56,67,78,43,98,57,50,33,91,41,58,70,20,64,29,98,16,14,45,66,98,64,28,80,10,21,47,27,41,81,18,27,10,64,8,50,50,90,68,78,49,68,90,26,50,30,61,49,66,4,78,18,40,72,33,10,78,58,40,28,8,78,41,15,81,43,45
71,24,61,11,94,47,18,85,38,68,99,39,83,94,50,3,95,39,80,94,26,96,83,78,84,65,21,95,26,3,68,19,28,32,67,74,66,59,99,95,50,41,0,63,2,76,83,60,72,98,32,17,7,62,93,81,14,67,21,45,43,42,71,20,24,75,59,30,17,7,39,48,55,22,92,0,86,32,40,73,59,42,4,83,41,50,59,13,85,39,30,27,2,36,76,82,75,52,29,31
0,29,14,21,35,90,39,31,10,85,13,38,35,17,21,39,69,1,99,30,83,4,56,44,84,54,86,3,17,60,77,60,98,31,43,48,43,9,9,12,83,53,30,12,44,82,6,83,59,60,95,9,15,19,40,9,97,16,98,26,26,22,84,30,24,18,87,47,63,12,11,6,69,38,66,57,38,98,71,40,10,33,16,21,9,10,61,62,56,42,48,39,21,70,96,92,9,98,50,29
84,90,4,86,86,58,11,99,45,71,8,53,6,57,26,46,1,28,63,74,49,20,67,67,68,29,8,64,42,59,40,30,8,55,13,52,45,71,3,97,73,45,62,16,48,40,41,76,54,30,62,14,1,26,33,44,22,78,49,56,26,77,89,38,92,16,56,63,48,62,15,55,46,71,44,2,68,98,68,99,26,87,55,37,72,48,80,12,35,10,65,84,50,44,16,10,61,24,27,52
35,84,74,21,76,9,43,50,37,18,64,48,28,92,21,92,61,45,89,38,24,44,79,18,42,40,22,20,33,80,93,38,63,7,70,16,59,96,21,41,56,94,53,57,8,19,81,27,37,55,12,90,27,76,67,55,93,92,15,74,50,15,47,26,36,28,97,90,19,83,4,83,36,97,19,36,86,31,89,62,27,36,52,56,17,63,74,6,7,10,6,10,62,38,20,4,53,35,36,33
68,54,60,87,2,34,21,64,82,5,95,52,80,29,47,68,86,76,58,89,25,4,9,82,51,32,60,36,10,15,78,36,18,14,63,54,9,66,73,41,12,48,62,74,48,83,91,59,66,64,6,89,67,59,42,98,67,1,7,41,44,10,77,23,50,91,71,40,58,82,89,15,56,25,39,47,21,48,69,19,41,86,23,22,52,8,94,16,16,94,46,24,99,71,55,38,50,27,11,0
85,36,6,58,30,91,68,89,54,53,37,58,12,34,75,19,93,65,41,93,93,78,48,92,26,29,69,86,91,85,31,55,57,13,71,27,27,70,48,81,33,30,50,7,5,41,77,21,13,91,22,26,69,14,89,14,14,21,51,89,33,66,28,77,74,33,42,17,25,55,88,6,82,87,1,58,73,26,33,83,29,38,23,14,42,41,21,82,54,68,53,41,29,24,29,5,93,48,69,3
5,29,65,66,82,63,34,71,44,18,47,38,32,62,2,48,59,95,97,8,63,72,50,41,77,86,2,84,2,78,85,31,79,37,24,22,89,4,93,55,71,76,56,30,3,14,0,35,87,37,20,11,76,54,15,60,2,89,63,78,8,18,22,80,0,14,28,89,42,45,42,60,60,28,7,51,41,16,80,36,28,34,86,7,74,66,8,37,29,16,73,54,47,70,35,83,62,4,50,80
33,73,52,56,65,23,37,96,95,99,44,44,97,83,96,46,76,48,17,25,16,32,75,1,40,69,66,74,82,64,17,11,43,18,76,18,68,29,16,26,60,74,82,40,90,31,77,58,91,0,66,97,53,92,25,7,11,86,49,91,89,77,49,53,28,34,90,98,99,56,82,44,29,31,55,14,67,14,9,48,15,98,94,54,58,44,56,27,87,42,61,45,33,16,46,7,59,42,14,0
64,38,35,91,34,12,15,80,24,73,60,27,35,41,86,59,1,81,47,62,77,82,69,7,95,20,28,69,97,98,55,44,9,63,29,31,22,58,41,97,21,31,95,36,95,31,22,16,0,22,14,24,40,68,23,68,32,69,52,51,49,70,75,91,84,26,86,27,29,81,27,45,74,29,17,23,60,74,34,53,69,36,13,16,97,73,81,81,14,8,53,16,88,98,92,87,99,43,77,12
84,73,27,5,71,38,46,87,38,36,33,34,35,46,9,43,11,65,36,23,95,32,12,72,97,66,43,38,33,11,98,18,23,70,54,27,24,42,95,57,48,3,93,63,41,56,65,40,79,64,48,15,29,82,28,1,73,2,83,3,21,41,70,32,1,64,95,29,93,70,99,21,62,44,4,93,41,67,89,85,36,57,49,51,70,21,40,17,96,25,10,98,21,6,48,51,54,31,76,13
26,61,18,34,85,55,70,18,14,18,58,23,59,94,2,9,21,93,47,68,72,1,94,88,76,28,0,63,12,30,75,65,7,40,40,33,97,72,53,44,68,22,99,33,0,6,8,8,5,67,54,48,52,20,72,39,26,6,63,12,40,87,61,88,88,6,42,90,89,23,39,94,78,2,80,93,58,48,55,48,48,91,7,46,42,44,72,45,18,14,27,61,64,48,18,95,85,99,19,4
