11,6,92,80,47,50,91,4,97,37,44,79,19,53,76,86,12,74,21,35,3,87,50,12,34,41,90,9,24,97,90,52,11,96,91,28,0,33,36,97,84,52,86,47,3,55,65,21,28,46,71,3,41,36,51,57,27,72,52,0,42,22,33,82,81,24,65,40,40,21,68,52,75,1,28,25,40,34,62,41,70,87,1,49,5,60,2,4,69,21,31,98,74,24,98,96,23,34,97,29
8,6,10,31,90,31,93,68,97,35,15,21,9,40,8,42,17,58,17,52,22,48,43,63,45,65,68,79,12,95,87,67,3,16,0,45,41,67,58,93,71,22,80,77,8,30,27,70,16,24,69,53,13,84,69,89,11,71,36,92,4,23,24,33,85,50,68,50,53,19,69,96,37,87,24,69,17,84,34,16,44,32,18,39,37,13,36,73,23,20,93,68,70,64,22,28,12,54,38,14
52,63,88,64,72,58,40,69,15,58,37,97,69,48,44,50,16,80,28,10,53,1,33,14,0,97,15,36,37,6,36,6,39,10,35,66,7,66,16,33,6,41,57,36,92,6,59,83,21,28,13,70,58,83,98,97,17,23,43,60,91,47,96,16,82,32,88,62,19,73,28,29,90,21,41,42,37,47,94,57,8,5,96,10,22,4,17,96,77,48,48,69,36,25,20,70,97,18,13,83
87,49,31,46,23,92,37,87,31,60,82,91,28,28,44,2,8,1,62,72,32,92,24,47,84,8,61,87,45,67,29,62,48,20,35,15,53,28,46,34,23,7,83,51,87,36,25,9,48,26,89,22,54,33,18,65,56,4,98,43,52,95,40,62,57,52,66,96,44,17,3,69,32,44,72,56,36,62,87,32,19,62,89,87,7,54,91,12,43,9,22,10,28,55,43,45,3,71,61,81
24,82,76,65,86,61,39,3,51,49,35,91,13,43,84,93,7,44,62,31,62,79,68,48,83,19,13,73,90,7,19,74,37,71,89,73,95,45,58,2,8,78,4,33,9,92,76,62,70,65,87,28,21,50,37,62,42,89,38,26,45,25,18,28,3,21,35,31,60,32,38,35,99,96,83,27,28,84,37,41,32,85,14,33,63,85,73,51,82,19,19,37,76,45,24,33,26,43,85,52
76,5,83,24,28,39,78,32,73,41,21,2,37,58,55,30,84,58,48,54,33,93,74,94,80,75,6,31,26,21,35,87,96,78,16,19,99,36,91,53,37,61,98,66,85,79,3,96,77,11,13,29,29,90,13,13,9,2,15,65,27,60,49,61,79,57,83,31,96,34,13,74,28,65,65,99,68,33,65,51,38,30,81,40,56,50,56,17,94,92,57,55,29,24,88,78,11,15,18,21
63,49,1,67,40,21,34,75,11,70,86,19,62,49,8,81,60,58,25,63,16,88,22,29,33,19,27,13,20,73,85,7,92,66,70,43,92,57,85,16,96,34,29,59,54,93,70,37,8,57,38,46,98,73,19,11,17,96,19,67,95,97,30,22,83,89,68,71,14,53,70,48,48,47,62,44,61,74,23,9,23,56,62,11,24,49,32,66,82,64,98,96,43,16,4,15,80,45,95,90
70,29,0,82,96,12,1,69,31,36,38,20,27,30,86,50,0,98,29,52,53,97,70,27,49,94,14,33,44,6,88,93,97,69,56,59,98,22,94,99,98,59,12,1,67,63,85,42,75,73,45,43,16,94,54,89,1,70,25,52,13,40,81,96,95,17,86,29,51,31,22,58,39,95,41,54,7,80,59,49,68,90,73,46,60,68,47,14,18,62,57,40,16,96,29,27,55,80,97,94
52,35,44,94,53,35,72,47,18,68,84,76,1,25,61,37,22,66,91,69,53,25,17,69,57,10,17,21,89,60,19,68,95,53,97,46,58,97,91,70,18,96,0,66,74,66,85,45,36,57,92,19,37,42,86,52,9,97,23,58,86,51,90,69,82,49,7,83,30,31,0,41,14,23,44,97,24,77,21,64,8,32,2,48,14,11,45,47,18,21,78,76,30,66,15,16,55,20,96,40
46,27,12,22,94,41,95,46,94,18,40,0,24,91,11,67,49,2,39,64,34,94,22,25,48,14,65,21,44,85,35,90,13,63,83,23,34,79,86,44,61,72,59,39,38,55,37,45,38,24,55,98,95,49,0,22,97,65,82,29,3,60,25,41,56,8,29,31,30,68,72,20,65,25,62,83,52,35,75,9,36,18,8,29,30,58,70,34,56,80,68,38,42,2,49,92,7,39,73,58
62,81,1,34,89,67,21,75,68,84,82,21,40,38,17,21,76,44,95,46,2,55,48,2,43,7,3,4,81,78,68,81,38,85,49,9,57,76,95,44,33,73,56,30,45,29,79,55,55,23,84,94,26,85,18,84,4,33,71,77,62,25,58,98,54,60,76,62,22,86,37,60,58,90,95,3,92,87,78,61,77,80,91,97,5,68,94,95,36,14,46,87,32,46,15,23,86,43,67,13
20,42,51,96,77,4,19,70,49,7,1,89,89,46,95,52,95,39,63,2,34,54,23,45,48,92,62,90,62,65,53,97,66,80,29,49,85,10,98,0,31,71,86,6,2,53,40,35,38,65,90,50,92,60,74,67,72,55,28,5,14,39,39,75,25,40,43,58,65,45,74,5,54,78,15,0,34,62,10,97,45,28,15,68,1,56,87,91,48,86,29,67,86,28,27,71,12,14,48,7
83,24,2,60,79,7,13,19,60,20,18,31,86,6,10,33,45,91,19,75,19,3,33,5,98,13,75,68,28,74,53,8,90,0,55,2,81,20,27,39,67,12,75,80,49,96,75,16,60,68,73,39,62,4,16,17,15,57,79,87,12,88,50,69,30,51,11,2,73,55,7,97,1,9,66,62,31,75,49,36,61,32,62,93,0,82,69,17,3,36,53,72,93,59,59,95,55,36,32,17
99,57,23,31,53,84,13,95,68,73,5,60,86,14,0,91,26,97,37,67,7,99,95,42,54,5,27,73,53,20,82,7,66,50,40,95,67,27,10,71,63,27,59,93,78,78,65,41,75,82,36,81,11,85,16,78,84,60,60,86,32,33,75,80,27,86,22,28,62,13,64,60,13,33,67,56,57,61,48,36,84,67,90,66,64,50,32,3,10,26,40,80,56,91,49,15,77,1,85,50
84,63,28,35,53,38,88,98,51,22,74,76,73,44,27,34,0,87,20,2,57,81,84,34,45,89,35,60,0,91,52,17,32,88,93,35,79,44,75,97,60,2,9,85,89,47,74,42,21,31,67,55,89,98,83,41,87,83,5,97,10,48,36,86,98,9,55,58,81,82,92,11,16,8,35,42,40,99,12,60,53,47,5,70,77,21,91,7,50,74,36,32,44,99,41,3,34,40,10,81
36,51,59,87,3,80,16,92,95,64,89,18,2,34,23,14,53,94,42,94,50,33,71,26,41,34,15,54,52,32,59,68,87,89,8,93,6,51,22,87,2,37,80,31,10,49,71,88,38,53,5,36,39,32,82,70,58,19,10,86,76,66,49,42,72,54,38,25,55,36,15,18,36,52,27,43,47,27,99,35,52,18,32,47,93,60,18,69,14,92,13,19,78,93,24,16,79,19,74,80
87,60,74,46,77,23,0,14,43,52,71,57,54,0,90,62,52,57,73,75,79,15,41,17,98,90,12,77,69,60,64,5,22,70,76,38,46,95,0,72,24,61,73,55,12,57,32,5,89,25,85,99,41,89,18,29,60,16,14,18,53,33,40,59,8,82,95,36,27,52,91,49,96,89,59,84,56,28,54,57,54,55,90,58,25,34,52,17,32,19,37,35,68,46,17,12,6,61,85,9
7,58,8,86,89,61,60,30,99,76,44,80,12,32,34,40,74,34,98,59,55,0,25,76,78,39,60,51,58,46,78,56,91,73,9,30,34,72,13,54,55,58,58,60,64,10,71,40,93,93,77,42,87,78,95,48,74,80,77,9,73,98,28,19,46,97,36,45,26,10,33,99,76,34,55,44,84,68,64,67,94,3,33,30,69,14,10,27,36,45,80,20,36,40,69,15,53,82,90,55
95,68,60,74,66,89,89,4,65,19,98,1,80,84,26,19,33,35,46,27,97,1,41,1,81,80,64,27,55,80,50,68,24,53,58,99,87,61,22,0,76,70,16,81,96,24,35,13,8,69,71,62,93,78,51,37,94,75,17,1,9,62,14,28,25,30,67,70,90,75,46,40,15,26,74,12,93,42,38,60,52,65,62,93,19,30,19,51,69,21,81,74,23,66,24,84,6,14,92,98
61,46,63,29,36,94,52,14,99,15,5,21,86,50,14,91,7,58,85,47,68,32,71,33,7,58,21,95,55,49,0,3,72,68,87,41,17,86,43,14,8,16,9,67,7,53,3,93,23,66,29,69,57,18,91,20,20,99,49,16,11,28,44,43,48,84,3,30,60,59,85,1,21,59,18,94,93,13,50,31,72,55,67,26,54,19,46,16,0,94,99,9,4,62,79,92,8,37,91,83
11,76,45,62,0,17,83,50,10,74,18,52,85,27,66,48,17,98,67,16,11,65,41,21,65,80,97,59,53,57,55,36,40,38,84,47,49,6,69,67,28,89,27,5,55,23,7,13,72,71,46,97,38,57,29,53,90,25,66,55,19,26,30,97,22,84,60,42,28,18,44,25,69,33,41,14,21,62,78,35,97,47,11,63,13,58,88,99,87,53,38,33,61,29,86,82,72,74,80,79
3,29,28,25,47,7,73,46,17,78,94,88,98,41,63,69,11,55,42,21,53,97,2,9,84,91,57,60,68,89,88,79,37,19,85,14,40,10,26,30,55,78,49,36,22,30,60,16,29,14,10,90,70,4,13,82,79,26,67,50,77,52,49,90,20,0,54,47,18,66,88,34,16,81,29,97,21,84,69,92,74,30,45,62,87,87,16,85,50,99,98,28,50,28,61,36,68,71,28,98
35,32,60,57,99,25,59,68,74,54,91,72,39,54,43,81,24,37,33,6,39,94,28,6,25,88,31,56,38,14,79,95,94,44,9,12,61,24,79,34,87,10,84,9,91,20,52,7,45,66,26,4,87,78,23,48,73,9,8,99,93,27,67,56,2,88,79,83,90,83,88,82,87,8,39,43,99,42,80,20,82,95,43,88,25,49,64,70,30,29,50,64,82,51,3,66,37,94,38,5
41,86,60,51,34,48,4,13,58,9,30,61,0,40,42,13,6,50,6,68,4,91,88,92,41,35,57,90,66,22,95,99,38,98,1,95,4,59,84,8,17,46,15,89,73,19,65,29,93,80,80,39,67,56,10,3,93,73,99,71,81,15,81,13,94,49,8,70,77,77,46,80,11,79,11,71,58,30,83,86,8,93,73,82,83,30,76,45,11,58,90,33,74,89,4,50,49,71,28,38
25,52,46,32,25,77,22,53,84,1,84,8,75,55,18,73,24,73,27,17,46,2,25,56,24,41,40,91,26,78,75,5,40,55,36,57,22,8,60,47,9,79,45,40,79,7,43,96,50,28,78,28,23,53,58,60,65,58,26,75,50,33,75,61,58,91,41,87,19,27,20,59,22,28,73,98,71,1,75,35,45,27,10,17,21,46,71,6,4,24,89,36,40,68,45,8,31,34,84,69
96,4,63,38,64,1,60,62,92,14,36,15,77,59,41,49,4,55,97,64,1,44,90,87,73,2,33,53,91,68,57,84,72,38,69,1,61,65,99,11,82,48,60,66,26,71,13,60,78,63,31,40,80,2,39,31,92,40,46,68,58,23,9,91,71,96,69,91,19,61,84,94,52,71,8,82,76,39,85,17,25,89,83,37,41,96,46,46,18,83,50,77,60,6,79,80,38,96,73,4
52,60,17,66,74,21,76,50,59,16,46,89,53,47,79,43,36,61,26,61,38,65,35,73,17,54,79,28,53,28,55,52,82,6,26,85,10,13,23,30,55,34,99,4,43,31,48,82,61,46,36,51,5,7,26,23,2,73,93,34,43,89,44,3,67,60,21,84,41,58,10,2,61,59,52,93,70,22,22,86,73,17,23,78,62,89,42,90,77,31,62,52,45,19,88,90,5,17,4,58
77,42,58,54,47,46,37,81,27,84,49,16,2,73,23,95,66,95,61,44,43,3,89,87,66,30,34,11,27,89,90,21,42,43,48,15,50,72,79,60,10,5,88,26,93,15,88,45,61,77,77,56,56,85,38,15,95,46,68,88,36,61,24,78,83,39,15,91,94,47,49,73,74,21,61,2,6,26,79,82,74,35,19,7,29,21,34,95,3,79,16,76,66,97,29,76,29,84,26,76
96,46,7,5,35,28,74,63,77,87,46,75,81,72,7,27,84,81,80,64,7,25,75,79,24,76,41,52,47,79,88,57,54,54,97,56,50,90,71,29,3,69,60,51,43,62,60,97,43,2,56,25,22,96,96,61,98,98,32,70,22,20,66,34,18,6,24,25,91,18,90,5,30,60,82,47,92,0,24,86,32,46,94,19,17,63,69,67,52,43,58,17,18,71,55,56,50,19,15,37
45,22,97,73,63,21,50,27,59,5,17,33,0,64,87,30,55,88,72,35,41,4,0,19,9,36,25,93,8,84,86,84,12,48,37,55,91,3,35,34,97,62,56,34,24,65,66,77,17,69,70,87,11,93,85,17,70,43,74,99,62,37,42,37,30,65,6,46,12,79,17,22,89,7,57,17,6,56,71,57,79,88,71,78,13,93,42,82,47,35,91,52,10,3,18,89,92,42,36,97
47,60,57,72,16,20,63,19,32,77,30,54,71,35,38,0,59,8,94,68,20,10,40,30,2,13,58,80,41,33,6,82,97,38,89,91,33,42,91,6,9,25,40,48,72,71,21,93,89,98,89,67,30,82,97,72,20,84,94,65,62,51,18,13,24,62,52,77,37,2,14,40,4,96,48,10,8,60,22,89,79,4,55,1,49,37,61,23,70,43,7,57,54,84,42,76,94,84,75,78
71,95,53,43,39,28,43,28,36,70,78,88,13,74,96,56,20,53,62,53,30,46,76,91,38,84,30,41,81,46,48,40,72,72,63,9,5,28,43,28,3,17,12,11,95,11,73,64,35,75,98,79,63,6,37,4,53,15,8,74,95,86,14,1,27,73,30,10,49,25,90,76,17,56,22,69,29,47,73,27,40,99,74,6,13,42,7,60,81,60,14,17,11,84,65,61,33,5,52,88
97,69,51,12,59,97,78,26,23,15,49,83,60,57,5,53,51,71,13,23,26,65,82,41,76,71,37,98,2,58,79,24,12,59,15,94,1,83,41,34,30,6,59,12,29,21,40,20,87,88,19,36,57,8,22,58,20,35,7,30,5,82,7,15,14,8,97,88,10,53,27,81,56,28,85,92,15,51,92,79,20,62,25,36,6,23,42,93,30,89,26,53,58,30,74,72,86,91,45,94
71,40,76,48,50,90,83,93,61,11,23,10,74,11,72,38,32,48,68,80,53,88,59,20,2,90,26,10,78,37,55,18,27,73,79,53,76,3,71,67,28,84,5,14,65,90,79,43,47,72,90,73,43,4,8,27,73,58,40,79,5,89,80,54,15,78,17,18,95,40,3,75,80,4,92,50,97,68,26,27,56,20,85,7,43,50,7,58,22,2,88,47,35,75,3,42,91,36,2,66
89,24,70,77,99,77,50,37,54,99,26,94,87,10,45,6,61,53,35,88,57,90,98,20,48,40,96,72,13,31,70,37,11,20,4,25,80,37,92,97,52,11,41,59,23,30,38,10,73,58,1,86,15,90,21,20,48,23,59,14,76,19,96,3,50,51,82,2,1,82,50,25,3,63,81,15,97,18,79,67,91,96,4,80,80,74,51,9,63,73,41,44,26,68,90,80,36,85,59,57
74,33,80,54,35,83,50,1,44,13,13,45,34,92,60,61,27,73,42,41,61,97,17,3,51,29,78,49,14,79,47,10,36,98,53,82,68,64,30,70,21,15,96,49,32,1,13,74,53,21,62,35,74,39,23,99,44,92,13,76,97,88,51,92,7,37,46,19,98,57,67,58,27,7,4,14,20,67,0,34,33,32,85,83,66,4,0,76,89,91,18,35,47,60,29,32,74,38,55,23
41,62,21,52,3,99,92,3,70,75,8,62,44,48,25,93,54,59,27,53,17,68,63,37,30,72,99,81,33,9,52,16,37,8,38,61,20,25,14,30,71,12,77,78,6,7,83,2,48,69,20,15,40,37,62,50,53,96,13,32,21,9,32,89,10,99,92,73,47,14,56,91,25,22,11,42,33,22,99,69,73,81,71,66,16,43,68,42,15,38,73,37,14,4,5,30,81,81,78,27
67,67,91,8,21,94,27,53,76,45,17,13,13,71,13,61,14,31,41,58,6,77,45,60,79,64,97,8,92,93,40,76,21,90,2,95,7,56,44,16,45,28,64,12,5,0,9,69,36,99,88,52,8,78,36,76,73,35,81,5,52,24,91,60,37,16,87,90,83,22,90,90,32,83,62,25,71,43,67,81,30,84,62,86,47,39,67,74,7,99,52,75,61,12,30,54,94,65,56,91
57,63,82,16,34,82,89,41,76,49,52,2,51,53,56,11,54,16,29,29,58,65,28,1,28,96,37,47,40,72,70,73,21,96,75,90,3,52,14,94,89,97,94,24,76,96,55,71,5,51,74,42,93,37,11,3,59,57,28,91,64,51,97,96,80,11,41,84,94,71,48,41,16,32,8,7,21,76,70,38,99,3,42,57,33,67,54,25,88,74,76,29,86,29,68,12,4,28,57,89
67,49,76,39,30,88,15,10,84,8,28,21,54,37,21,29,93,47,97,15,45,0,96,42,13,45,81,6,42,81,77,1,63,8,19,51,80,44,65,49,28,30,28,10,25,95,32,35,58,25,11,65,84,22,9,22,85,69,94,64,3,29,71,74,86,62,51,21,8,17,69,66,63,64,43,35,64,25,22,71,28,1,21,20,31,36,45,68,20,59,60,64,93,45,39,10,63,32,24,73
12,37,15,39,17,4,89,67,87,25,64,49,6,67,60,35,24,91,46,65,71,76,70,21,74,43,83,74,19,62,88,76,42,20,23,37,91,76,41,86,42,62,65,92,48,70,65,42,69,62,99,77,41,61,70,43,32,27,81,61,25,36,5,92,56,5,62,59,1,73,69,28,73,97,41,52,71,4,75,37,60,54,73,63,75,12,82,22,77,16,0,4,90,66,72,23,69,44,3,54
90,75,55,21,96,84,40,51,55,3,37,60,91,50,30,32,40,66,27,19,63,6,56,11,5,8,93,59,88,74,58,82,22,22,48,74,67,87,38,83,7,32,82,91,0,22,44,11,34,91,73,24,84,5,78,29,27,90,92,22,47,66,28,62,34,54,51,21,54,1,80,88,35,7,11,63,38,35,51,34,93,26,95,79,26,55,57,99,96,68,44,96,49,69,4,63,34,19,78,28
25,10,49,48,16,45,96,15,29,29,33,14,82,29,19,75,79,69,57,33,98,89,38,11,86,86,18,65,93,28,11,74,8,42,18,41,22,44,84,70,16,30,16,42,4,83,7,88,77,13,63,14,92,39,50,32,9,33,55,27,44,11,15,71,31,55,97,19,56,8,29,22,81,44,83,40,80,11,56,18,34,54,30,3,88,96,16,80,12,83,5,30,26,66,14,51,2,22,0,12
91,83,25,11,51,43,94,73,78,22,6,5,13,53,74,0,2,65,44,1,78,3,86,6,68,31,12,47,90,61,11,85,6,0,5,39,90,2,42,48,53,53,28,94,38,61,19,40,91,26,5,89,47,21,58,10,93,24,32,69,53,3,16,73,94,27,52,11,26,97,46,19,9,78,35,80,48,74,30,40,79,99,28,3,75,18,35,27,42,18,59,99,92,93,97,82,2,67,84,20
95,32,42,87,63,90,91,6,37,1,58,99,29,92,1,72,30,34,75,17,78,41,37,32,68,94,33,53,47,38,75,5,49,33,63,7,79,89,64,42,32,6,63,51,2,1,67,62,36,19,41,39,6,97,66,8,7,35,4,62,73,30,18,46,7,13,56,37,44,27,30,59,9,91,53,29,65,90,12,67,73,64,42,22,73,62,77,67,30,86,15,56,23,92,33,99,32,66,33,90
31,32,52,82,4,10,1,32,38,95,30,25,5,70,57,22,92,20,32,41,62,86,69,96,1,68,40,60,45,83,94,33,99,84,36,49,13,91,34,98,39,35,54,54,68,7,82,58,31,2,9,7,5,64,18,33,64,30,6,5,71,41,96,91,81,62,39,2,24,17,37,84,1,0,16,45,50,47,13,91,33,26,80,28,57,91,47,33,39,98,36,35,22,59,50,40,96,40,12,67
89,60,88,50,15,64,31,58,59,88,94,89,14,39,43,27,92,88,38,34,68,28,46,81,50,82,32,59,65,16,98,26,4,13,9,43,34,57,69,1,99,25,10,79,71,8,69,26,24,5,89,64,40,40,32,51,7,36,62,37,3,44,64,26,93,83,43,4,41,13,20,15,78,31,40,86,80,62,1,20,99,17,40,40,5,82,9,29,5,64,49,2,91,78,91,83,72,35,99,60
90,85,77,50,72,48,61,9,48,42,56,26,7,93,1,58,51,65,23,23,44,16,36,33,52,31,83,82,61,40,72,36,13,37,4,44,86,48,48,29,8,38,93,58,34,16,14,42,85,99,0,77,93,84,92,51,95,55,52,85,76,34,86,16,99,89,12,88,42,42,93,66,31,87,22,90,66,31,42,7,68,86,37,52,30,92,87,68,8,18,13,86,73,14,1,64,71,53,86,42
89,50,68,8,2,77,93,76,2,57,46,53,7,15,85,46,88,21,59,75,26,16,63,92,16,59,62,87,14,77,6,10,40,97,81,86,84,32,15,78,66,22,53,26,3,35,50,41,64,3,27,49,45,81,6,43,46,90,39,37,32,52,68,33,9,98,61,37,46,27,48,31,61,99,91,68,91,4,14,0,24,72,32,34,22,5,18,47,81,38,75,20,60,8,16,57,45,69,67,48
71,72,0,76,49,23,36,84,16,75,58,67,42,82,40,89,1,39,19,68,66,23,15,58,7,7,13,28,65,91,32,92,32,26,74,43,1,19,12,37,65,64,58,47,60,89,65,39,77,45,20,39,50,78,9,72,52,31,68,49,19,87,70,49,44,88,76,30,25,46,8,32,59,3,33,14,91,4,95,56,19,5,34,82,59,30,76,97,19,58,61,12,21,6,31,55,40,8,84,35
77,60,95,5,53,15,61,6,56,87,48,55,90,17,17,3,6,84,0,74,66,97,12,1,9,23,79,61,76,84,55,4,97,42,62,43,80,86,12,69,94,43,38,41,86,83,1,45,0,19,50,31,38,52,20,72,1,91,24,55,91,25,20,8,61,43,4,15,4,55,39,93,12,59,64,86,97,12,33,56,19,27,4,87,90,87,79,42,64,20,84,35,17,51,48,47,76,44,25,73
40,45,25,93,24,96,39,85,4,0,6,72,5,13,77,43,27,46,3,62,1,89,14,59,99,50,4,89,44,36,57,68,52,77,12,57,60,17,78,83,62,67,72,74,72,40,78,43,64,45,9,95,14,47,10,92,73,86,25,71,49,15,12,85,94,8,18,90,66,78,9,71,81,45,59,92,70,53,89,78,50,32,88,47,81,57,77,81,54,59,42,44,25,94,83,56,11,8,92,86
89,16,76,71,69,98,27,0,25,15,69,17,4,70,90,25,60,4,58,31,66,13,22,83,53,73,13,24,37,18,2,87,80,11,3,25,95,46,31,89,35,42,18,68,40,1,85,6,10,66,25,94,55,51,48,94,81,50,11,38,68,46,71,76,9,29,19,77,98,60,4,3,27,59,80,58,26,91,62,0,79,42,14,17,34,91,25,56,69,63,47,14,7,76,45,93,27,40,95,72
67,2,10,90,44,33,52,20,43,2,33,1,75,93,62,69,46,79,73,6,73,32,39,59,3,80,90,10,46,52,64,82,86,54,65,6,32,37,81,82,83,76,77,99,37,94,68,2,40,57,3,78,33,96,3,18,51,5,51,3,70,8,84,39,82,89,28,20,42,42,68,59,49,38,63,32,51,42,69,55,43,23,13,90,62,79,17,39,52,45,64,1,35,36,89,26,31,72,17,74
54,93,99,12,73,28,80,67,64,28,7,37,80,50,25,40,42,62,3,5,61,27,36,26,20,92,39,11,90,53,26,78,59,57,60,93,64,34,1,61,40,68,76,56,94,54,4,50,18,84,36,29,7,14,0,48,91,90,92,28,27,57,84,59,7,6,2,69,2,24,37,40,7,99,95,75,67,99,58,23,43,89,64,35,9,7,64,14,23,47,94,63,17,48,14,17,21,29,98,81
74,14,43,81,13,20,41,19,23,85,6,71,23,78,80,22,4,47,76,4,76,69,88,29,93,42,30,16,73,61,63,76,9,36,2,9,18,72,44,3,67,4,53,51,71,27,55,47,16,40,60,75,74,31,70,9,74,6,18,77,75,14,41,28,34,97,67,7,74,90,86,53,22,60,76,37,56,10,41,73,44,83,67,97,46,6,89,76,37,38,91,82,31,65,28,74,6,95,70,51
77,6,35,23,13,96,92,59,56,77,15,26,0,40,22,64,70,57,36,34,1,1,53,9,65,81,5,17,4,4,62,25,79,77,49,81,64,70,24,40,61,96,3,47,5,79,97,34,35,41,71,86,95,30,79,9,41,35,99,51,85,34,48,45,77,50,38,4,14,64,78,24,37,14,91,19,79,31,48,73,57,56,99,81,2,86,38,78,79,26,58,33,20,15,5,12,21,70,5,84
72,24,68,83,22,27,75,64,45,30,7,56,88,49,22,23,43,98,95,64,99,55,18,83,30,84,15,32,48,52,71,45,81,76,8,97,47,88,85,11,92,31,85,67,12,2,54,64,5,40,23,7,13,61,64,36,6,61,50,59,74,28,78,34,9,53,2,10,39,0,55,67,83,69,7,43,70,71,51,23,45,45,49,44,1,88,91,84,89,30,48,12,23,79,56,48,74,27,48,67
48,8,16,29,75,2,29,70,16,92,99,68,87,73,55,66,31,1,7,33,15,55,43,11,12,44,1,6,25,30,36,31,41,83,37,93,31,72,42,54,63,6,96,41,46,88,55,52,68,99,93,89,79,44,52,24,7,96,35,53,61,42,23,18,41,85,37,47,12,12,36,86,0,57,5,36,98,6,83,20,10,31,52,93,17,4,43,16,17,2,44,97,63,67,89,24,82,39,40,14
49,82,61,22,57,11,19,69,88,55,15,82,86,88,56,12,14,57,79,25,87,23,3,94,18,4,26,13,35,32,70,95,79,78,66,22,95,59,1,10,60,46,1,16,72,62,46,43,14,73,46,49,75,53,8,3,87,51,1,45,76,65,59,89,93,88,99,98,75,30,31,48,33,9,7,67,61,2,12,2,52,26,26,31,43,83,64,1,29,70,72,81,68,33,64,13,76,72,11,18
15,26,25,78,72,42,86,96,55,27,56,48,9,66,40,27,21,10,70,11,14,27,53,51,29,76,4,75,63,74,84,27,85,6,60,58,16,22,30,2,24,94,2,91,88,74,20,33,39,77,74,86,54,28,88,73,62,23,92,22,91,61,8,8,23,39,34,93,82,34,59,57,22,66,96,52,90,66,53,1,39,97,53,62,62,2,95,30,35,81,83,55,16,19,88,77,47,48,14,3
69,12,65,61,66,91,84,10,74,30,96,12,43,68,74,18,10,45,92,30,64,71,29,2,65,90,47,18,88,70,81,99,70,85,91,46,49,82,89,11,25,38,81,69,50,65,45,59,9,97,4,54,41,44,58,26,78,80,7,79,9,16,13,90,12,53,10,28,29,94,35,23,98,58,72,75,51,25,18,37,59,90,55,56,74,96,34,44,16,27,14,44,24,3,1,20,84,60,50,84
76,20,67,16,70,6,69,72,28,67,2,60,21,84,85,30,67,76,58,4,51,60,45,34,20,53,77,28,53,86,2,69,97,71,76,16,16,1,75,51,88,36,72,99,63,63,10,11,68,27,53,97,94,87,68,44,32,9,6,19,12,66,32,94,3,88,58,59,45,65,48,89,62,3,36,58,32,14,97,86,98,78,76,76,46,16,11,25,54,96,86,28,8,46,82,69,68,73,38,51
17,52,9,96,44,72,62,11,53,87,35,66,47,76,25,49,30,7,53,27,13,24,44,0,34,76,25,54,19,9,15,26,62,44,53,6,61,12,39,96,41,29,80,40,20,54,74,87,3,8,27,6,49,49,97,95,66,58,92,79,79,5,29,80,75,19,59,61,9,78,62,69,1,23,87,65,29,42,51,51,52,27,17,76,66,10,87,5,71,94,69,37,82,23,72,87,74,90,90,91
72,2,7,84,80,2,62,62,94,31,78,29,62,23,7,38,60,3,73,81,33,29,18,85,95,75,21,32,88,61,67,39,38,57,63,55,23,74,11,61,88,54,85,68,68,98,88,57,98,5,99,84,17,79,52,2,66,60,3,6,84,52,62,42,67,11,25,22,25,91,7,16,29,94,59,33,47,6,37,96,14,87,73,61,31,33,51,76,14,30,82,43,50,95,75,94,95,47,73,90
19,29,50,98,6,44,76,76,62,49,10,19,43,1,0,57,54,12,79,3,65,70,6,24,11,50,73,16,90,5,27,55,41,0,47,4,8,38,85,88,74,57,79,86,41,72,11,72,19,15,71,43,70,31,44,25,83,45,21,73,56,73,80,77,57,48,79,68,41,19,37,50,47,51,12,81,88,87,71,33,17,37,4,48,17,66,75,33,85,71,79,24,69,84,55,75,26,53,54,79
91,76,48,21,56,87,28,24,13,35,26,1,53,98,22,59,26,73,68,65,70,74,15,37,29,94,12,74,78,26,88,82,68,8,3,22,25,25,60,56,22,39,70,32,74,93,81,55,89,35,21,80,29,24,13,32,84,90,92,30,70,25,5,8,30,4,28,25,27,41,84,32,36,92,6,94,89,84,73,24,98,74,76,68,55,62,44,33,26,40,82,94,65,52,40,37,43,67,25,6
86,19,48,64,87,37,87,74,29,41,5,58,13,54,12,26,27,5,13,65,3,32,38,15,79,57,67,73,41,45,2,72,85,75,88,36,71,42,80,84,79,61,18,97,66,79,46,97,66,19,32,42,55,27,28,24,69,98,87,16,94,39,21,16,32,48,27,20,4,84,25,34,22,73,44,53,57,70,73,19,48,77,69,50,27,85,29,15,63,52,35,47,84,0,24,17,81,56,70,92
55,18,82,70,83,43,62,83,86,67,17,21,40,23,75,88,29,77,72,45,4,63,90,92,10,37,78,80,93,97,25,85,98,0,72,56,2,56,58,37,82,52,50,78,62,13,32,40,54,83,41,53,29,63,67,25,19,41,68,29,87,68,68,61,34,59,58,14,46,48,54,33,11,80,5,83,55,14,70,10,75,92,37,21,49,72,67,85,85,80,73,84,96,30,50,82,96,15,20,90
55,62,7,14,82,92,80,96,63,48,29,31,46,95,71,66,89,70,22,76,67,3,81,80,27,37,84,51,30,42,6,52,34,60,33,4,39,62,46,85,97,22,75,45,60,16,39,91,60,48,48,50,52,61,68,41,89,26,26,56,29,35,1,10,7,5,91,60,87,73,40,93,53,55,2,10,18,84,73,34,95,84,20,51,74,6,42,41,1,1,36,73,30,67,60,10,89,44,47,96
12,58,76,24,8,61,12,69,90,78,74,96,61,96,31,12,0,95,96,90,85,97,86,27,55,8,95,92,17,79,35,14,99,5,85,40,26,10,50,94,82,19,13,68,59,18,21,52,58,60,9,1,37,72,47,61,78,22,51,93,38,68,20,64,25,32,51,99,30,47,55,9,12,78,30,36,73,48,14,22,24,8,30,13,26,25,24,70,85,23,75,9,13,76,49,60,88,65,19,6
1,44,86,66,2,56,34,73,14,91,2,68,2,19,38,39,16,75,61,44,6,90,71,84,25,0,96,5,6,80,55,24,34,65,10,14,22,56,59,22,22,7,88,74,72,26,49,71,38,36,58,98,88,48,47,73,59,50,47,96,57,63,66,86,14,50,0,24,26,70,79,60,10,89,1,26,14,56,3,68,72,90,6,0,38,39,56,41,90,3,35,83,7,33,41,12,72,15,72,87
49,95,10,15,10,30,89,25,68,81,76,3,23,7,70,67,30,47,25,64,15,6,76,44,90,51,14,29,29,88,62,97,66,22,86,86,5,97,92,96,6,50,45,80,7,65,46,53,99,10,74,81,29,61,26,85,4,99,64,62,48,44,29,81,95,79,21,42,36,1,9,50,44,22,73,18,95,33,34,20,60,3,36,93,29,51,8,36,71,57,7,55,10,25,42,76,91,51,34,31
78,74,86,63,74,82,29,10,64,67,14,39,87,27,90,59,54,52,11,84,61,28,99,19,47,21,61,4,90,69,30,76,43,79,29,35,24,53,55,40,89,99,85,34,31,4,28,4,17,91,55,53,41,84,65,83,54,26,86,43,91,26,68,70,49,14,75,66,51,47,49,19,58,1,28,93,68,58,70,60,66,33,24,12,58,90,56,87,11,6,92,43,0,25,48,9,73,1,55,40
89,61,7,56,29,76,71,84,94,44,1,67,88,63,21,87,34,13,9,42,83,54,25,34,96,63,6,36,74,97,31,42,11,19,15,23,44,10,18,88,24,94,72,16,95,51,40,52,24,57,58,1,10,34,31,47,67,59,87,64,29,50,25,43,29,83,19,3,3,61,96,67,12,33,79,56,96,14,3,61,80,75,89,19,59,38,63,51,17,1,54,93,21,85,10,35,4,43,90,1
43,27,7,83,61,8,35,74,55,4,30,32,98,62,42,86,43,14,4,72,90,46,63,2,8,88,17,14,46,63,44,80,63,2,1,31,19,67,26,55,39,1,11,5,53,31,3,96,5,58,24,79,78,89,34,44,10,79,28,20,80,86,46,6,64,55,58,7,90,35,31,23,49,25,4,46,35,57,58,45,21,41,5,89,81,87,92,51,36,0,41,25,19,84,91,60,81,15,76,32
6,75,95,29,36,52,3,48,51,65,38,66,29,81,48,41,47,43,72,70,6,46,89,86,49,38,27,89,43,92,89,24,59,16,88,3,5,61,78,16,41,86,47,83,6,69,57,51,84,1,78,34,31,49,12,21,80,63,11,87,10,83,75,88,22,9,56,42,7,26,69,36,69,96,66,52,83,68,79,31,40,54,3,62,79,12,38,32,30,36,85,91,85,75,96,25,9,7,66,53
7,37,82,46,3,32,66,84,65,91,48,81,47,13,82,24,11,97,66,38,21,95,71,49,69,98,88,14,61,9,83,2,8,68,99,89,47,89,15,52,67,39,78,2,10,27,23,45,83,6,13,35,31,55,61,44,33,91,29,99,78,35,53,41,43,69,25,10,97,56,81,7,31,54,58,20,71,23,70,8,82,80,15,51,30,34,65,9,33,30,45,92,4,26,55,64,60,81,40,91
37,99,81,66,93,57,35,17,99,5,36,23,81,23,24,11,89,52,93,79,86,2,57,30,36,49,17,89,33,36,16,73,96,21,82,33,34,96,67,28,50,62,28,7,19,7,36,29,23,53,60,3,48,52,13,35,32,56,60,96,89,6,32,77,60,4,88,40,29,63,12,9,93,34,78,84,52,52,86,51,58,74,35,13,98,65,13,45,17,84,27,75,34,79,5,58,6,12,44,38
39,37,19,52,54,39,79,69,30,18,99,44,13,55,25,92,85,31,12,39,28,49,74,4,88,83,3,96,98,13,61,0,92,40,28,74,94,19,29,67,46,9,55,80,31,34,82,26,8,95,23,89,71,49,77,91,48,98,74,39,97,24,63,17,3,15,99,25,94,82,15,61,63,97,34,51,62,58,14,40,80,77,98,7,35,59,1,70,42,87,26,23,85,97,11,18,1,21,23,31
8,11,14,44,7,37,51,50,53,96,9,13,73,97,49,49,73,68,89,19,61,64,58,93,55,67,95,79,29,15,9,43,62,42,40,84,42,3,79,35,24,30,64,87,25,7,56,91,71,74,66,10,38,79,79,99,16,54,97,43,55,26,25,61,86,36,0,16,61,29,74,24,67,68,82,11,19,71,70,2,3,77,6,49,56,14,17,55,54,70,25,51,5,60,91,33,98,72,38,49
7,68,24,60,30,1,12,0,77,20,48,85,59,51,75,41,92,59,36,68,70,20,77,23,64,94,86,31,88,2,10,67,13,85,37,59,5,13,69,7,55,52,62,12,77,99,20,45,49,19,23,6,21,20,19,94,91,56,24,76,42,7,81,14,19,54,44,33,88,64,1,76,10,41,32,39,28,66,94,95,24,86,52,33,37,61,38,61,47,50,67,63,6,18,6,25,4,64,10,42
55,31,16,90,94,53,5,10,7,30,91,92,64,56,5,46,36,35,70,80,63,92,4,31,14,56,77,28,16,15,47,31,18,78,26,66,22,22,98,33,56,75,37,76,54,25,74,83,20,3,88,74,36,66,62,30,41,12,71,5,37,74,87,70,25,80,92,44,91,77,27,57,54,67,8,70,45,57,73,54,27,28,35,40,89,91,87,87,15,15,51,6,8,31,1,53,60,77,33,55
4,94,4,61,56,85,6,3,14,32,64,18,40,6,99,66,4,33,1,51,11,80,65,95,59,45,99,3,43,82,46,64,41,25,1,52,8,30,69,90,64,1,77,99,82,62,41,59,53,58,37,68,63,91,62,86,62,7,51,12,34,62,25,59,8,62,29,28,93,0,60,73,60,14,65,93,3,19,72,12,89,72,99,16,98,81,88,61,64,43,53,8,41,81,64,83,46,45,57,29
71,15,19,37,46,97,7,60,86,78,12,1,44,17,38,9,76,25,70,29,50,71,15,52,80,28,83,73,62,30,89,21,86,62,39,49,9,7,10,73,34,26,17,57,53,14,27,41,81,3,61,69,51,12,31,54,28,18,52,12,33,12,49,77,17,29,27,79,61,89,41,74,49,84,40,81,52,39,26,79,40,0,26,62,20,99,35,32,39,76,49,58,50,9,76,70,10,57,91,88
32,5,69,61,34,70,88,77,26,44,3,44,63,96,6,11,40,30,89,25,54,61,33,37,91,99,48,15,44,93,68,43,71,20,46,77,65,55,85,68,95,41,70,90,1,90,56,46,32,38,93,13,70,30,32,57,8,76,91,40,19,5,85,5,60,58,71,70,18,84,80,99,42,58,78,98,74,54,61,57,20,55,89,36,53,6,39,83,74,34,34,45,51,82,86,94,95,11,66,20
69,44,87,69,40,50,29,41,22,36,32,40,87,60,39,10,5,61,61,47,24,54,48,82,72,35,11,26,59,82,81,72,49,40,48,92,12,11,49,50,73,25,33,48,85,67,80,68,36,32,38,97,63,0,63,39,82,1,61,32,37,5,53,44,72,62,23,74,91,72,62,97,92,29,32,53,87,63,28,64,91,30,59,48,15,56,93,41,78,35,59,28,4,31,50,98,69,45,30,55
72,84,22,46,77,15,82,27,49,99,39,24,59,83,2,25,87,6,31,87,18,66,41,0,69,15,67,69,44,66,95,52,48,80,63,73,61,3,81,77,2,37,76,63,66,92,25,87,91,74,88,81,7,21,55,70,31,78,66,17,41,72,33,93,46,85,2,63,92,25,8,8,18,83,88,81,90,49,12,20,8,19,22,35,93,92,82,63,39,37,93,42,21,0,29,26,59,65,83,74
78,47,40,16,98,46,31,39,90,68,37,37,18,99,47,17,56,0,61,46,85,70,21,13,10,89,34,74,62,85,34,76,60,38,51,80,82,18,13,59,93,56,42,57,80,16,92,19,73,52,1,80,27,86,53,4,61,71,24,50,68,41,51,8,92,24,24,41,33,79,86,63,25,62,58,54,63,4,89,22,78,64,80,9,52,73,99,21,70,47,43,21,41,60,13,54,15,20,11,2
0,41,45,65,37,84,98,57,98,37,42,36,36,97,96,12,78,31,61,11,25,68,20,40,84,20,21,50,73,7,60,92,98,96,31,23,52,9,9,41,10,24,58,31,27,39,40,38,81,8,8,50,50,91,85,15,85,48,51,5,67,84,68,35,68,16,56,84,96,90,79,71,82,45,35,42,80,80,29,67,31,52,4,66,22,3,93,53,45,8,54,37,31,67,30,79,1,5,56,93
88,82,52,67,95,9,58,69,69,95,69,82,33,78,52,87,7,36,29,95,48,59,60,96,71,17,83,7,42,86,26,40,32,42,20,41,8,33,30,0,24,5,62,36,81,0,22,38,50,7,83,21,29,82,15,49,21,45,65,28,27,81,55,74,8,1,92,96,50,88,34,32,39,64,56,16,35,68,32,85,88,35,42,91,41,14,0,80,35,24,30,65,70,80,59,16,19,59,59,0
61,41,85,55,96,72,73,68,34,79,67,6,67,97,58,12,39,73,62,25,79,61,50,71,50,24,22,57,39,21,86,31,4,52,28,91,89,91,51,2,3,98,38,8,93,88,48,48,84,80,83,76,71,29,83,86,93,42,12,93,55,83,88,15,95,88,63,7,16,12,5,18,85,87,51,39,16,0,34,45,75,75,65,90,53,55,95,77,67,64,72,24,23,59,5,77,51,83,58,3
67,20,48,65,73,55,44,83,66,38,11,41,33,74,93,38,75,79,29,29,53,19,51,42,63,91,85,8,60,23,8,7,88,53,71,59,10,14,42,44,65,45,60,64,9,33,31,19,20,70,25,50,31,11,9,40,23,63,84,5,37,61,31,80,82,11,14,40,45,64,49,27,35,42,19,64,8,87,75,99,11,91,60,31,64,56,6,92,23,89,63,72,78,74,33,16,80,16,73,47
61,65,72,51,2,56,51,43,33,50,48,53,34,34,17,93,69,9,29,84,63,20,61,88,1,32,94,77,68,63,92,69,91,96,65,16,72,11,36,69,45,5,67,14,96,72,28,48,1,64,87,43,44,5,15,70,11,28,8,62,29,73,20,61,31,27,74,86,63,24,2,72,43,87,28,48,77,57,61,31,77,72,9,61,12,34,39,97,70,18,89,47,71,0,16,13,71,76,84,41
13,47,58,50,48,9,71,45,76,35,9,47,0,92,84,50,80,95,31,75,6,1,34,80,42,68,49,46,34,25,3,41,93,74,11,39,80,92,76,91,19,28,35,56,27,77,87,11,40,75,59,50,42,27,15,41,81,24,77,39,74,0,30,59,39,47,50,81,70,74,66,4,37,60,76,97,5,64,40,82,76,22,33,50,27,51,8,51,90,84,38,74,88,10,46,69,46,62,5,49
27,32,62,91,58,10,34,59,79,55,28,85,89,73,75,93,60,44,13,92,56,69,12,56,99,67,7,13,76,82,74,34,30,86,40,81,42,14,43,26,12,79,35,19,5,91,56,4,42,64,9,50,31,2,21,64,19,36,81,22,32,15,81,74,79,0,20,72,1,89,14,61,9,8,73,0,5,88,20,22,53,89,49,96,27,35,3,63,73,86,24,60,46,74,44,2,31,26,37,9
27,50,64,33,81,74,86,28,42,89,60,49,16,96,97,30,64,45,77,13,25,76,3,27,82,6,73,98,22,59,32,29,16,58,7,26,57,1,29,28,70,94,3,38,91,57,80,56,30,63,95,70,70,77,71,76,96,83,87,33,95,9,65,15,68,8,97,83,1,52,43,6,67,9,45,33,83,36,24,35,89,54,2,49,45,77,12,53,24,70,10,92,63,38,60,51,59,44,34,49
76,29,4,64,15,9,27,93,8,97,63,9,9,45,57,22,37,43,66,96,22,31,23,78,13,88,17,9,41,23,40,80,46,14,40,8,80,3,75,71,61,68,58,48,43,9,88,31,59,97,61,48,26,0,9,41,98,49,7,1,42,0,93,11,96,73,10,12,88,13,91,70,82,17,85,31,65,81,32,42,42,57,12,45,72,4,48,98,41,22,95,8,14,60,4,43,90,8,87,32
17,86,71,7,44,16,67,50,68,81,23,84,79,36,64,99,88,88,8,80,7,40,69,68,74,22,6,83,15,44,83,22,25,51,17,58,75,44,53,81,72,46,23,28,34,11,9,66,46,94,34,45,88,57,69,7,92,98,33,56,52,98,6,63,94,71,19,15,50,71,19,37,33,31,88,67,66,4,79,79,70,97,81,54,55,14,74,68,21,65,71,62,20,64,3,36,7,23,80,5
86,59,61,8,20,40,68,29,55,68,93,69,24,90,97,90,84,14,21,75,26,87,52,21,88,83,64,36,47,86,29,85,82,18,39,92,31,82,21,77,54,11,88,39,4,84,3,34,4,87,2,16,13,22,90,96,63,82,39,14,44,12,61,62,75,26,88,96,95,81,99,12,31,40,20,23,47,40,18,70,91,48,25,48,39,8,55,68,6,39,9,57,53,90,16,5,0,44,86,36
