50,22,34,62,63,29,81,86,38,6,6,99,70,54,6,36,39,99,89,42,92,78,70,41,52,31,20,95,82,92,82,36,0,3,69,2,66,14,6,7,9,24,23,37,66,10,46,98,81,75,45,39,98,18,70,19,39,75,15,60,26,13,27,58,75,51,87,47,13,96,35,80,33,86,5,66,27,68,48,9,25,4,78,30,72,9,40,95,30,88,36,70,30,62,86,7,5,30,60,70
46,33,63,49,14,76,50,90,42,69,34,77,27,99,69,14,52,64,64,58,83,52,60,57,69,36,44,43,64,1,77,71,30,8,80,78,4,59,80,8,58,25,37,27,67,11,57,81,2,99,2,55,95,63,33,36,15,67,89,78,47,47,61,26,11,72,0,87,96,2,43,61,92,77,52,25,54,76,54,80,3,74,81,22,30,43,53,4,74,3,60,33,89,52,36,2,13,75,8,41
92,18,9,69,48,39,57,49,82,15,28,26,66,25,47,79,77,63,52,60,27,60,38,51,4,81,30,80,99,11,75,50,13,21,8,15,1,80,38,46,24,43,8,64,60,36,42,50,66,8,24,85,77,50,88,64,7,74,92,11,38,21,15,28,31,78,3,96,31,39,16,68,28,69,0,54,97,14,10,55,18,28,79,31,73,89,27,64,41,54,69,76,21,5,86,14,43,95,15,48
35,50,7,67,14,16,55,32,60,61,41,23,58,35,16,78,10,29,78,23,24,73,49,31,89,83,21,32,63,24,35,90,81,64,66,19,19,40,14,17,70,71,53,21,52,8,35,93,50,5,0,65,15,95,1,47,54,23,4,51,25,5,59,59,92,60,15,36,13,42,23,29,42,50,0,65,10,67,29,13,17,35,0,95,74,21,40,45,94,73,70,53,91,99,47,47,73,0,56,75
21,5,89,58,88,4,4,87,10,1,85,81,76,65,27,28,25,59,82,25,36,41,16,8,55,34,48,85,63,54,90,79,80,14,60,90,14,90,9,43,54,61,87,46,6,61,57,63,68,28,83,83,46,6,79,10,75,33,64,82,95,43,72,76,76,92,97,90,53,56,21,73,20,55,84,32,92,13,33,82,3,68,12,74,80,50,48,25,53,60,30,50,60,39,16,34,83,39,42,97
99,78,50,98,70,20,43,50,42,86,81,73,90,80,8,22,47,39,2,92,19,39,55,52,91,26,84,97,31,76,82,4,72,80,9,20,86,32,24,1,23,16,99,74,29,51,71,17,51,23,76,36,31,99,25,17,51,40,81,77,78,86,62,71,40,18,10,69,18,49,31,61,23,11,88,10,68,45,90,61,67,72,21,87,28,36,83,44,93,45,91,63,94,66,96,21,13,40,5,44
69,89,9,49,95,11,15,54,51,11,0,98,96,51,62,67,41,97,9,67,16,61,41,38,17,31,75,3,58,5,81,45,22,4,96,42,7,79,42,49,58,44,37,2,9,64,75,18,72,58,44,40,93,60,93,25,26,21,59,13,73,91,15,16,83,69,19,20,78,69,59,75,73,37,9,91,50,91,15,58,60,31,30,71,7,17,41,43,8,69,96,62,82,44,7,66,31,20,63,55
45,24,79,44,28,25,17,45,89,52,72,38,29,2,33,9,47,50,82,65,73,6,7,99,10,30,85,53,58,38,66,18,27,27,78,56,59,60,48,22,91,63,36,98,23,80,65,6,21,77,60,12,96,45,83,8,93,75,96,51,72,38,99,49,97,71,3,55,70,3,66,96,82,52,56,99,69,75,21,10,20,44,70,92,48,93,29,32,98,48,58,23,13,25,70,2,46,61,84,90
34,74,28,67,22,34,99,51,25,54,5,40,48,61,49,30,43,87,55,80,69,1,49,77,44,58,4,62,43,67,39,72,61,19,32,84,75,99,79,12,14,54,85,64,70,45,5,21,24,78,55,67,27,90,14,97,79,25,56,36,7,46,9,96,8,64,64,95,3,41,38,76,84,38,49,76,10,52,6,53,43,10,96,31,56,95,48,28,97,87,2,82,11,46,86,4,48,1,64,48
41,18,53,49,7,6,58,18,63,34,40,94,36,20,47,30,31,92,13,44,62,7,2,73,43,19,37,56,75,21,34,34,99,40,40,94,11,95,11,67,82,91,42,24,22,75,7,28,45,5,59,43,38,22,1,17,18,85,12,42,38,96,32,26,1,96,95,32,88,33,45,2,42,23,1,80,63,79,72,50,17,69,99,0,93,51,2,17,84,47,29,27,46,87,90,0,44,10,9,57
2,38,78,76,64,97,69,44,82,69,22,80,56,78,89,51,4,26,65,86,78,55,84,60,1,61,86,67,48,26,99,47,49,64,40,57,3,31,2,30,55,81,70,22,57,22,80,88,53,76,43,28,80,71,67,12,17,82,82,28,68,80,89,0,90,55,50,28,76,35,8,9,18,45,99,59,97,94,70,43,77,76,91,18,65,89,25,55,44,63,57,94,68,52,67,62,79,22,21,82
42,71,30,53,75,23,49,92,11,55,49,72,0,59,49,17,9,99,29,49,44,92,63,30,29,6,48,40,53,5,28,31,46,73,85,10,39,63,56,92,76,75,94,76,82,24,65,16,89,14,72,30,28,4,37,52,91,41,46,78,88,45,91,83,20,86,77,80,64,76,29,4,79,51,81,86,31,75,80,32,81,79,41,99,75,59,26,60,17,63,75,53,92,77,22,13,90,62,22,4
71,62,83,20,29,31,65,22,96,9,61,29,52,0,66,58,75,37,54,81,40,98,88,11,38,18,42,85,67,73,11,29,4,54,10,28,6,19,99,24,75,5,44,71,67,62,73,69,3,99,81,80,55,67,96,38,68,99,14,17,73,83,13,78,87,35,7,59,61,42,15,96,49,0,18,85,77,4,83,87,14,21,36,40,55,19,5,13,35,36,82,11,84,92,80,45,8,94,45,98
6,94,37,38,27,45,78,84,71,96,32,68,22,25,34,58,39,28,93,28,96,22,42,11,53,36,84,93,0,62,28,80,42,94,73,83,19,92,16,47,52,53,88,20,98,14,95,70,16,31,69,87,93,48,15,27,16,54,13,31,61,63,72,82,89,61,18,62,27,34,84,71,97,74,74,60,2,73,72,19,65,92,37,30,20,70,92,4,84,20,94,85,56,14,54,60,86,21,9,91
57,7,83,24,86,61,52,14,85,92,84,26,47,58,80,90,87,93,45,89,78,24,80,17,78,38,29,57,70,72,14,30,55,97,36,70,41,48,68,88,77,7,19,99,30,83,44,49,80,85,55,40,81,0,63,74,57,16,73,18,60,71,41,3,51,70,91,44,65,85,82,73,37,84,89,77,61,54,91,61,49,89,41,58,10,22,91,19,23,11,3,91,9,50,37,14,47,94,40,6
28,54,88,13,45,74,51,33,92,18,74,69,44,49,35,83,36,55,19,87,30,75,10,51,88,33,36,0,89,40,36,90,50,20,56,72,13,58,72,55,28,37,8,97,7,65,45,30,20,47,72,31,47,37,14,31,58,44,68,83,11,32,14,22,32,95,8,6,73,34,28,35,1,17,19,41,76,14,96,36,65,82,82,56,23,64,59,99,46,63,46,89,36,11,67,51,94,27,29,32
93,18,40,32,70,36,37,69,42,44,31,81,72,12,81,55,85,5,98,86,61,82,85,17,63,4,73,92,47,92,6,56,73,89,35,2,23,88,75,42,76,98,38,0,8,97,37,10,48,71,86,93,86,88,91,59,22,63,30,30,24,14,98,56,9,35,1,47,33,66,5,15,52,52,34,54,94,44,25,23,98,23,59,76,38,15,18,75,80,61,85,33,12,56,40,3,94,81,26,29
8,26,98,88,25,83,14,74,41,35,54,89,57,19,26,58,0,69,15,82,0,42,31,28,76,16,81,45,34,66,71,4,11,92,84,29,39,10,22,93,2,89,84,52,11,10,34,32,9,8,90,42,44,33,39,96,27,48,85,54,6,2,59,29,31,20,65,74,10,93,86,39,97,21,79,21,7,89,59,82,21,18,46,33,11,30,5,21,53,18,51,51,34,94,94,80,51,77,46,31
49,33,67,8,77,32,66,42,93,3,65,43,39,80,48,30,33,25,57,98,96,28,21,50,82,73,5,37,84,21,35,48,74,13,72,19,66,35,79,5,56,53,85,40,15,86,73,73,10,7,48,64,50,15,1,9,95,92,30,95,93,82,43,86,84,42,33,69,10,36,4,45,42,73,38,9,7,40,2,90,42,64,57,35,7,95,48,15,51,14,47,87,47,74,3,88,91,91,67,53
34,24,58,70,14,82,80,89,12,18,38,2,57,50,60,2,12,96,46,84,91,28,56,85,54,27,55,42,63,36,72,60,12,35,24,0,4,17,35,17,16,8,0,91,35,68,81,94,24,10,6,24,44,61,87,48,57,66,39,4,76,38,70,86,52,25,76,27,52,53,88,72,15,6,31,55,72,3,13,99,44,33,57,19,40,45,62,13,92,16,43,78,62,33,89,90,81,49,88,79
86,43,98,32,36,3,52,57,52,65,79,96,20,64,59,50,45,57,61,35,96,35,90,69,81,51,83,1,60,65,49,9,86,33,98,35,52,13,59,81,99,14,59,62,11,45,56,47,89,64,94,12,17,84,57,67,97,10,58,23,36,47,19,40,44,78,98,41,42,2,43,71,37,52,70,68,97,15,48,52,94,42,7,5,86,82,72,22,95,34,10,92,78,9,29,40,60,56,76,55
27,59,73,27,86,30,27,7,95,5,58,80,54,20,67,61,79,87,27,45,89,26,25,75,9,89,20,41,26,91,31,57,74,9,70,37,62,17,94,75,61,40,32,87,67,74,74,10,61,14,42,8,52,50,25,76,6,21,84,47,54,31,60,83,76,26,99,74,70,59,55,12,90,37,96,90,79,94,77,21,52,79,48,55,32,91,85,49,9,71,93,82,80,73,62,56,69,83,31,13
84,84,59,61,95,2,30,83,60,31,59,1,27,81,42,62,57,76,1,32,37,48,67,27,88,5,61,93,8,8,97,62,89,31,57,87,79,92,92,16,49,34,60,72,47,73,36,34,20,46,10,17,26,76,57,96,26,81,45,45,77,77,40,37,49,68,1,5,19,11,44,71,85,77,36,11,67,92,77,73,83,12,19,42,25,63,97,7,10,84,39,9,85,45,25,86,93,91,40,25
94,19,51,34,70,43,56,21,28,96,95,37,43,22,16,45,85,9,9,95,33,95,37,29,20,42,40,45,67,29,72,44,49,79,9,36,87,77,75,96,21,22,76,85,5,21,89,58,40,57,13,0,29,76,26,72,25,47,56,7,69,46,44,85,83,25,14,77,12,46,49,29,39,78,97,53,95,0,3,71,71,73,63,58,71,91,51,51,44,55,35,75,41,17,17,98,9,8,1,22
56,35,35,75,61,12,26,6,23,15,9,14,4,20,41,86,16,42,34,46,74,55,79,73,89,62,25,68,38,7,72,33,21,39,68,87,4,24,22,42,91,31,99,71,47,69,84,43,70,64,94,89,99,84,93,93,71,90,87,10,79,0,5,60,82,38,76,13,59,50,27,63,37,72,54,67,11,1,12,40,70,54,99,55,78,92,41,95,57,48,75,81,35,53,40,94,15,29,87,16
71,33,19,35,51,73,25,22,21,49,5,43,81,30,34,12,12,88,98,43,9,32,93,13,87,47,55,99,32,76,10,69,80,83,47,92,31,30,8,92,4,67,55,3,97,24,1,14,20,92,13,6,29,27,90,85,91,34,8,75,45,25,8,12,97,46,58,97,83,91,68,72,77,48,81,44,20,34,79,7,87,72,66,34,31,65,45,39,18,2,28,50,74,98,45,64,18,40,50,27
25,97,83,35,7,36,36,67,92,43,57,47,28,32,73,49,33,44,46,80,81,87,31,89,55,35,38,34,61,87,77,48,60,24,63,85,19,11,40,30,3,64,57,68,16,96,90,66,22,18,78,55,87,89,57,50,0,66,18,14,31,12,28,57,39,71,68,93,80,64,32,27,99,75,54,44,86,31,32,25,25,71,56,30,8,36,6,43,65,42,93,71,18,87,59,43,64,98,4,96
31,37,98,33,66,84,28,79,99,19,20,2,24,30,20,49,77,7,41,39,58,88,91,42,34,48,50,89,10,58,33,41,88,57,52,40,19,38,3,95,71,66,46,94,26,19,23,30,10,44,87,34,63,22,97,47,54,55,0,39,89,74,42,73,45,51,51,64,21,29,84,54,25,26,30,59,99,39,87,95,38,17,92,28,1,84,90,69,19,12,70,81,92,30,43,84,13,17,18,9
90,54,26,24,21,89,76,51,47,33,2,96,46,8,39,26,10,93,18,69,96,63,60,83,21,39,17,46,74,61,55,72,1,64,34,67,24,92,87,57,37,2,28,15,41,67,74,18,51,9,58,39,74,55,10,38,47,68,95,10,5,44,28,16,21,55,18,57,18,11,64,61,63,33,3,14,80,91,31,10,4,17,44,54,0,6,11,9,2,18,37,93,53,98,90,16,96,4,88,82
18,94,27,35,60,30,5,61,2,48,15,93,70,84,62,23,75,42,32,55,10,92,52,66,74,55,53,66,5,31,3,23,20,9,68,96,60,22,17,54,96,94,1,19,67,14,84,62,46,65,61,50,43,6,91,98,97,23,81,45,72,42,8,16,98,0,10,78,3,64,48,11,26,57,79,96,44,96,88,38,74,9,98,53,65,73,6,41,66,6,69,62,17,39,34,97,21,30,22,47
29,9,89,84,99,1,47,8,78,94,72,32,83,23,71,61,8,49,89,66,80,12,18,43,32,90,69,73,4,93,72,58,30,36,64,18,91,66,94,68,39,14,20,15,76,3,67,40,32,52,41,7,20,89,48,18,57,82,65,77,60,20,92,55,86,89,29,77,11,35,48,39,37,43,98,0,57,69,63,8,9,32,57,93,1,56,63,81,48,99,91,0,76,42,42,82,10,29,72,89
19,18,61,92,50,98,96,47,3,69,35,15,15,17,17,87,72,27,50,6,25,94,86,8,97,96,57,23,8,91,46,41,94,29,80,93,24,85,85,60,38,35,11,7,63,18,9,19,92,20,91,92,64,66,66,38,54,15,78,58,37,60,94,50,44,70,98,53,89,95,25,78,81,26,7,71,19,95,6,21,50,48,40,3,81,92,63,73,69,69,45,84,5,43,53,87,27,7,79,77
31,93,45,2,65,68,66,55,56,45,55,67,70,11,22,0,48,19,22,51,62,3,18,24,48,64,42,10,0,9,23,11,9,38,72,79,45,59,1,8,22,11,53,99,39,62,8,53,9,43,94,49,62,77,32,90,43,76,13,61,93,76,14,61,14,15,26,6,42,13,24,32,26,26,58,65,1,23,44,12,68,17,23,58,80,71,73,34,64,2,50,92,62,76,35,33,8,91,27,63
47,84,59,65,10,5,44,7,1,38,64,44,90,84,30,75,9,76,15,48,44,27,69,72,94,29,83,57,30,70,48,46,73,81,41,2,59,44,54,79,95,9,61,29,17,96,2,36,93,98,58,12,72,66,39,29,66,99,2,44,87,89,96,82,79,56,15,23,86,8,81,89,22,27,83,39,42,10,11,29,43,24,76,39,30,20,23,94,53,21,12,95,17,3,31,12,78,74,5,48
49,68,99,87,38,80,93,58,61,54,49,77,4,17,27,64,3,67,14,17,76,53,88,80,79,65,74,75,13,20,39,37,70,92,78,23,56,15,13,39,75,35,49,69,55,74,77,79,96,86,82,79,55,45,71,53,21,46,92,92,89,33,89,3,7,73,6,49,56,82,53,4,6,65,6,56,0,68,55,60,35,70,13,31,65,59,57,20,79,46,13,31,49,36,26,28,86,19,69,39
45,55,6,35,47,84,45,87,20,37,64,59,78,73,66,31,30,29,58,71,89,50,1,19,14,73,91,50,97,77,65,14,36,67,67,3,55,38,36,74,39,62,7,64,4,43,18,64,75,24,18,61,95,17,29,61,28,3,64,96,90,63,69,81,88,6,54,36,56,96,5,80,4,55,79,32,60,87,32,93,15,32,28,74,17,24,68,25,94,64,65,82,83,37,66,46,50,16,77,34
44,12,95,54,96,72,1,45,60,29,92,7,64,13,61,23,59,90,86,46,48,70,53,20,78,36,6,58,29,33,37,10,57,37,70,76,47,89,77,37,6,38,50,46,63,31,1,26,29,95,60,61,39,90,93,78,34,24,75,69,6,13,90,90,45,36,23,53,19,57,51,39,24,65,7,21,86,62,32,53,51,44,37,82,15,21,41,61,42,36,21,18,20,32,36,80,35,68,65,74
31,14,78,99,97,43,58,21,25,34,33,98,45,17,61,80,23,13,77,36,32,28,2,10,56,2,6,51,18,49,88,75,53,39,95,73,73,30,51,42,27,31,38,47,35,16,16,44,84,19,73,78,51,49,12,80,66,46,5,39,4,48,97,99,17,35,66,82,91,49,66,75,41,84,33,51,33,51,71,86,29,39,96,73,27,6,94,30,61,42,85,92,31,64,7,19,68,91,67,4
93,42,44,17,50,83,39,91,55,14,29,9,19,20,51,17,79,19,57,85,65,68,14,22,45,66,30,71,34,4,41,65,30,73,72,24,51,14,63,65,6,8,42,34,85,72,18,88,1,81,19,88,27,78,51,26,45,37,66,74,18,56,14,24,66,70,63,95,51,70,47,3,48,45,3,1,20,34,61,31,72,23,98,49,91,30,46,2,87,26,72,33,64,56,60,17,77,38,55,99
95,7,85,59,42,6,2,1,75,53,39,35,4,2,50,85,44,29,49,76,6,83,11,23,81,92,72,24,43,21,86,40,94,37,30,39,68,38,49,91,11,63,50,19,37,21,29,83,94,83,4,31,8,95,7,42,33,12,17,58,48,85,11,1,57,44,29,38,19,29,4,74,47,78,60,3,47,16,13,20,50,76,1,15,60,56,92,20,51,72,17,21,48,17,83,35,79,80,36,24
73,0,5,4,36,43,29,7,42,8,97,36,20,60,94,8,58,22,11,73,68,91,98,95,71,2,68,82,5,29,17,90,48,62,38,91,14,30,7,27,2,5,97,51,51,87,1,3,62,41,91,26,3,11,73,91,29,58,40,81,11,67,73,82,70,80,11,51,28,7,88,56,35,33,78,84,72,32,8,2,76,58,17,87,41,26,42,65,50,41,55,21,84,9,8,10,80,77,54,97
14,58,90,36,85,38,83,71,94,69,51,87,20,16,79,12,49,82,24,29,38,33,39,69,40,85,14,81,23,78,21,69,21,3,15,41,52,24,52,38,66,0,72,89,86,4,47,56,32,5,17,3,45,81,82,91,44,85,2,19,85,94,95,67,1,38,75,90,17,82,78,59,67,67,21,36,86,25,64,4,97,76,11,63,67,94,35,61,92,35,97,96,92,93,12,14,97,71,76,7
30,36,51,74,70,12,59,56,92,48,59,63,33,16,15,42,61,22,95,55,15,45,95,12,11,36,93,31,38,25,96,52,92,71,9,65,11,56,58,58,12,44,43,22,15,87,12,23,33,53,68,30,58,40,4,31,97,14,29,33,35,42,20,89,75,10,56,6,73,95,70,12,50,85,52,49,76,14,92,74,44,70,68,46,44,60,20,62,96,20,32,81,40,44,88,95,60,2,42,90
80,49,30,4,71,92,6,8,80,40,57,39,46,25,75,19,90,81,86,52,87,81,50,35,63,5,44,92,13,34,69,88,57,42,11,9,89,96,34,30,82,83,44,14,16,7,43,60,11,35,27,77,57,93,72,71,13,71,67,18,11,22,0,9,84,22,61,15,45,34,22,76,98,18,97,35,36,47,66,6,0,74,71,33,36,5,69,32,93,7,2,84,75,71,48,21,36,69,0,86
47,81,53,29,97,36,76,91,79,97,95,92,28,85,42,36,19,32,25,82,60,29,5,6,99,0,8,7,69,94,40,54,64,93,24,18,43,63,36,53,26,10,62,39,4,22,11,70,22,63,85,39,57,57,4,93,17,62,36,80,12,75,76,67,86,7,93,67,27,53,90,89,27,89,96,11,35,59,31,32,93,65,12,65,94,15,23,79,43,99,72,39,41,26,37,70,62,86,51,83
54,8,78,71,32,39,4,75,86,30,14,48,67,30,54,85,95,54,9,38,99,22,85,38,83,21,23,74,37,31,86,15,51,98,88,99,83,39,6,29,81,85,28,68,54,51,67,74,33,16,91,32,23,57,21,87,71,30,38,63,9,77,71,59,35,24,79,93,82,5,59,38,59,29,25,31,81,55,56,97,84,8,81,47,65,16,3,18,68,74,13,49,48,68,68,66,13,82,41,6
28,94,54,37,80,82,68,25,72,67,12,38,75,49,3,2,11,91,0,44,87,93,82,16,32,17,4,21,86,16,76,8,72,86,51,88,21,65,66,55,19,70,75,80,46,1,72,6,95,80,54,57,99,63,95,96,51,79,24,8,29,14,5,5,12,91,70,3,82,19,3,99,2,60,42,16,66,22,49,89,36,60,80,1,65,56,24,90,15,79,58,94,79,99,7,0,67,84,48,44
78,43,3,39,13,34,92,70,95,21,46,64,69,69,82,15,20,32,67,81,82,80,73,16,99,33,68,57,68,58,28,97,93,56,9,74,33,27,69,89,60,82,11,40,0,30,41,52,81,66,98,84,6,30,29,22,62,79,70,68,85,83,22,95,25,46,63,4,56,80,77,2,82,65,92,44,96,16,35,19,52,76,98,89,85,90,78,63,35,88,98,94,45,42,58,41,27,80,11,45
71,72,85,1,60,6,64,4,61,26,91,54,44,81,51,92,90,80,17,4,55,77,19,29,60,92,1,84,5,4,73,65,42,64,76,29,59,85,68,32,90,92,18,6,65,40,13,11,92,22,21,29,2,91,3,87,33,88,10,20,3,12,31,68,45,14,82,11,98,81,48,36,69,63,90,10,60,46,88,3,69,38,99,97,95,60,40,59,70,55,57,92,4,89,51,23,92,5,16,19
2,16,84,13,85,42,26,28,21,0,43,65,12,60,73,81,14,17,15,33,38,88,47,17,61,83,87,1,28,38,44,28,54,61,43,78,38,22,34,9,43,24,19,24,9,83,17,21,32,86,32,9,13,87,91,11,38,7,17,21,63,56,12,43,99,55,87,26,32,74,38,32,70,3,88,16,79,19,46,20,61,43,79,51,75,37,33,33,46,7,57,85,62,56,32,27,56,75,10,35
95,19,3,22,64,93,41,9,92,37,33,79,68,44,3,40,8,57,81,40,29,63,17,77,90,56,18,10,94,14,57,36,87,67,32,35,70,77,92,19,23,52,49,34,74,68,90,83,24,56,92,55,96,25,11,55,53,39,52,5,36,62,99,38,32,41,30,27,18,5,55,55,48,24,82,56,82,45,26,0,55,97,57,92,6,92,0,8,89,94,38,15,7,60,18,11,42,42,83,29
56,80,79,59,39,22,56,6,21,29,23,22,33,24,36,96,96,16,96,49,24,56,30,30,95,96,64,89,29,41,57,25,67,61,72,1,80,66,56,47,18,26,55,84,6,58,14,6,14,32,75,81,60,26,10,55,3,58,62,14,77,31,7,29,80,50,57,32,35,2,37,4,62,94,56,47,15,26,86,48,95,62,44,92,83,35,37,66,84,5,43,0,27,10,98,95,19,45,8,12
56,5,43,89,12,14,67,44,50,45,16,87,40,92,60,74,15,11,39,10,33,35,33,58,21,33,5,56,18,72,75,97,23,64,54,70,57,46,48,56,20,10,80,39,36,79,79,31,6,19,93,4,94,71,50,16,40,41,12,79,52,13,11,95,76,37,15,14,1,63,3,26,53,1,35,91,91,95,65,48,10,10,66,67,72,36,75,23,28,61,3,9,23,5,95,87,92,51,17,18
99,62,56,90,54,3,72,52,95,16,58,99,26,52,26,56,75,12,76,25,86,74,31,14,67,60,37,3,37,7,12,49,99,86,70,88,85,15,79,85,1,74,57,78,5,98,13,91,50,77,97,92,16,15,91,25,57,74,91,37,28,44,53,56,50,74,82,88,31,54,9,79,87,1,47,16,29,16,96,63,86,72,61,11,31,84,27,95,85,39,94,40,65,7,95,7,20,70,16,26
21,83,5,14,33,89,32,5,57,33,30,65,6,13,89,30,64,54,83,76,82,22,82,20,60,59,34,17,48,9,15,35,65,27,11,6,83,22,84,77,45,89,27,69,83,68,73,77,45,56,48,27,80,49,50,22,14,8,47,0,2,81,13,74,36,80,15,34,59,91,98,40,8,36,80,47,89,29,65,56,27,99,25,45,4,23,11,48,9,39,28,97,15,88,12,46,47,49,18,27
36,42,91,47,0,59,4,42,71,8,41,91,75,98,22,17,94,27,50,20,70,35,75,55,11,8,1,81,8,15,15,0,40,29,71,45,16,6,83,70,53,77,56,47,59,85,92,9,89,14,61,32,94,25,8,8,93,35,95,83,9,53,94,22,75,61,50,2,28,52,33,81,88,20,23,27,69,85,62,3,54,5,44,46,75,12,61,60,50,90,96,10,12,16,68,29,74,23,36,6
0,57,51,33,63,88,18,71,56,73,56,87,92,86,37,65,23,77,52,97,25,49,74,15,79,34,59,48,9,61,48,53,16,70,16,63,51,27,13,23,75,50,46,10,0,38,38,14,8,18,52,61,67,36,54,75,57,6,21,56,7,56,63,91,8,10,0,30,32,39,63,87,48,39,69,0,93,77,28,47,68,62,1,28,67,95,20,61,25,69,10,73,92,72,69,20,28,5,84,23
61,69,73,15,50,8,0,69,36,91,43,54,29,10,36,8,10,25,16,69,5,74,8,82,57,20,6,1,84,16,47,2,43,89,44,88,12,62,3,88,44,55,62,97,81,56,36,19,91,96,49,31,80,10,21,8,2,14,77,85,24,98,93,78,9,51,77,65,68,64,43,90,82,19,43,50,91,52,49,97,51,54,88,35,37,68,88,55,50,33,71,48,60,60,14,52,7,75,43,29
9,27,7,95,90,34,32,64,46,61,40,96,78,97,77,34,50,16,2,15,86,80,24,74,16,17,35,76,35,73,60,10,63,18,55,98,99,51,82,31,4,55,40,94,71,63,16,54,46,47,66,27,65,5,60,35,1,17,95,25,30,61,41,0,57,49,75,64,37,8,25,92,60,71,61,11,38,42,85,1,33,76,72,3,56,2,59,91,13,97,14,52,31,79,42,81,17,93,52,52
65,87,4,73,73,0,87,33,44,52,83,2,15,95,68,73,42,36,64,11,13,28,85,40,19,71,91,70,90,1,73,55,99,73,40,20,73,18,11,26,33,98,43,13,48,9,39,74,64,8,16,90,89,3,22,47,37,88,56,64,64,70,66,37,22,50,9,76,95,34,92,82,16,40,17,54,52,50,32,25,13,12,67,72,74,29,15,95,91,11,48,94,63,55,36,5,86,78,87,28
87,19,34,94,77,70,1,1,67,81,95,88,78,61,85,65,18,87,96,44,77,29,28,96,19,89,93,13,89,73,18,87,61,22,81,62,6,95,66,23,89,38,56,64,30,59,74,33,63,8,15,75,4,72,20,30,88,86,15,18,36,7,57,50,76,46,90,74,72,97,85,59,78,5,76,85,70,5,41,4,11,68,22,4,15,53,99,64,46,53,14,87,17,64,61,6,78,32,68,33
1,91,14,96,86,79,22,74,14,81,39,71,63,4,69,91,31,80,83,66,61,95,13,58,72,72,74,44,54,91,52,92,89,84,69,48,97,4,34,68,77,62,36,56,76,31,58,87,24,85,34,9,9,19,59,84,88,26,64,79,56,39,28,94,52,34,54,27,55,59,61,7,15,43,20,65,68,41,55,49,25,72,93,20,66,86,39,8,50,60,87,38,24,57,2,21,32,83,92,99
92,76,18,14,57,58,94,9,77,67,19,8,62,9,96,55,32,10,50,43,50,88,10,23,98,8,81,39,80,56,8,9,48,91,97,70,91,13,79,8,61,53,26,22,17,28,82,30,92,58,70,97,10,51,74,26,18,16,70,68,46,45,54,42,83,77,70,70,84,1,83,78,70,1,25,80,23,92,96,45,56,43,46,61,73,53,3,13,61,6,52,33,94,82,90,9,98,70,58,67
81,38,10,80,47,38,75,45,98,63,6,36,45,16,50,28,37,7,37,30,73,70,87,90,89,27,15,74,83,77,36,97,69,28,91,64,99,21,64,47,38,67,96,84,35,58,7,22,22,63,99,63,27,67,75,98,82,24,98,85,31,66,24,52,65,55,68,80,4,60,84,3,54,37,50,59,7,28,12,74,85,89,66,78,95,61,9,51,34,21,7,78,79,98,83,87,32,3,19,67
41,7,56,56,91,2,19,63,67,78,61,57,94,63,58,98,81,28,75,10,49,30,42,9,45,92,67,51,15,88,69,73,90,88,75,19,68,28,97,35,13,65,46,43,72,84,7,39,14,85,52,2,18,82,63,3,90,64,83,75,57,94,25,58,26,50,49,64,6,24,90,15,59,8,4,99,99,92,85,9,16,20,5,57,85,15,73,23,79,31,36,36,75,96,49,7,19,62,27,47
72,6,78,72,26,92,6,42,72,54,11,25,20,76,28,24,96,31,1,12,30,56,60,50,28,4,51,34,24,2,52,79,79,66,67,68,39,72,85,76,31,68,14,93,27,33,88,18,80,75,79,64,25,76,10,25,41,32,84,69,97,98,0,92,87,39,59,73,64,20,55,12,39,72,22,55,87,15,5,36,83,20,31,91,94,78,50,76,18,6,44,59,30,76,59,48,51,51,47,33
43,37,74,35,29,15,23,46,93,67,44,38,53,92,45,3,27,31,8,87,62,72,74,44,23,55,90,85,39,93,55,62,83,78,41,80,68,9,96,74,94,25,31,7,37,96,16,65,34,97,65,24,37,7,92,32,20,68,16,67,52,80,95,71,55,72,89,9,13,70,94,63,8,44,1,40,60,76,69,6,9,79,72,5,92,47,92,83,41,93,57,72,86,1,50,76,21,90,16,67
51,94,73,50,69,88,55,33,9,39,96,33,79,43,37,35,63,20,91,74,66,66,98,58,60,85,54,58,19,4,20,17,27,25,9,17,20,62,47,21,45,95,44,34,7,1,5,61,33,98,41,91,75,26,74,9,98,58,89,71,75,15,93,49,13,15,18,18,88,9,84,85,16,71,35,21,35,53,3,24,3,28,93,8,76,73,21,35,66,37,51,33,0,46,45,56,47,68,15,36
47,97,66,89,61,94,59,82,18,76,19,84,92,36,72,28,57,52,75,90,9,98,70,43,14,14,86,2,32,63,9,91,35,75,29,60,8,50,57,26,76,5,18,0,96,53,46,67,22,30,89,66,49,81,48,41,68,78,27,82,50,94,64,39,90,78,66,35,6,45,53,11,56,81,58,89,1,22,75,1,31,71,66,53,34,18,59,99,24,2,40,97,17,63,24,44,39,31,80,46
66,56,78,47,24,99,77,63,20,36,35,59,5,4,26,17,87,64,4,41,45,51,46,66,94,36,56,11,21,61,92,36,69,44,78,57,27,44,15,17,68,92,25,67,58,64,18,86,33,85,6,56,99,44,56,50,93,79,78,42,54,16,36,54,3,23,71,69,17,47,98,96,46,24,70,99,15,52,52,30,40,47,16,34,58,98,82,57,17,33,84,51,29,85,70,76,39,30,98,35
10,88,76,0,53,69,82,34,44,15,90,70,6,80,93,97,66,84,29,59,47,78,3,97,62,20,1,9,22,33,50,99,50,36,64,28,27,47,69,96,22,78,40,53,34,18,94,0,11,59,68,15,42,38,14,72,21,63,54,46,23,23,13,22,9,62,27,9,0,22,23,33,27,16,52,93,46,86,19,35,49,61,63,21,2,65,55,25,42,84,88,54,7,34,89,35,35,51,36,15
85,2,79,5,5,13,12,31,30,9,79,95,8,57,90,39,45,27,64,30,49,19,47,50,33,9,39,1,56,94,59,13,81,86,22,61,18,74,36,75,31,49,68,42,64,68,82,43,36,63,70,29,42,95,35,14,98,7,67,26,60,55,68,64,65,72,12,95,12,14,78,24,85,91,56,5,61,65,78,90,90,11,88,88,41,0,61,50,29,86,56,2,39,3,48,39,73,58,44,21
69,93,64,59,75,43,80,97,63,41,58,83,72,25,44,25,18,7,48,29,55,60,4,63,69,85,49,95,4,42,0,82,31,56,9,59,81,28,28,37,82,54,26,79,21,35,48,87,49,95,24,12,83,98,57,74,87,82,53,64,59,86,58,34,0,43,57,65,92,60,91,85,51,47,63,94,27,43,61,10,38,97,85,46,62,16,0,76,59,9,40,2,13,19,15,14,66,56,85,33
20,90,71,85,12,73,4,75,70,10,15,75,49,16,68,97,43,54,36,12,54,34,57,0,74,94,59,12,19,17,16,43,64,1,70,18,10,35,18,91,75,32,10,4,46,84,64,66,19,28,31,30,16,54,88,15,4,93,97,18,77,6,66,90,85,23,20,98,97,34,11,62,25,37,65,95,17,90,89,84,74,26,95,90,2,28,33,98,56,93,47,38,91,46,51,63,86,34,91,63
86,13,53,51,81,61,70,91,38,97,88,73,15,8,69,8,54,81,40,51,13,25,31,34,40,45,48,37,44,95,2,24,31,8,51,27,71,12,63,52,18,70,88,22,98,94,17,68,93,56,30,75,4,83,78,17,34,8,60,41,98,66,4,33,89,76,6,74,30,70,16,50,99,64,17,50,44,3,3,43,72,38,38,57,52,34,19,80,12,42,59,67,45,47,58,94,17,44,72,43
66,26,19,73,34,3,44,42,57,73,94,8,5,70,53,39,91,89,68,41,50,72,14,46,28,70,59,47,5,41,95,55,29,70,82,6,7,20,75,30,16,50,79,54,14,8,53,74,45,62,79,41,8,33,4,83,52,51,85,56,83,86,59,70,72,52,14,99,91,58,64,29,82,39,78,95,53,61,64,29,11,35,77,45,54,49,13,66,29,90,78,46,73,11,42,67,69,38,75,42
48,62,95,96,26,85,55,15,0,96,98,57,72,78,34,84,99,21,69,47,2,42,91,72,13,9,54,75,0,58,25,14,68,79,66,59,72,70,33,28,65,69,9,30,77,61,73,62,33,40,5,29,51,37,88,70,69,91,26,5,16,37,23,27,41,73,91,97,58,67,10,67,66,97,51,24,62,77,96,11,11,55,8,36,21,57,61,84,39,30,71,63,14,23,67,17,81,81,25,88
53,48,60,29,94,99,31,82,70,62,49,3,45,69,10,42,56,72,14,98,66,17,68,47,25,88,71,4,74,22,96,33,76,12,67,9,20,52,81,84,69,56,21,99,95,91,8,17,11,84,42,76,5,4,89,53,58,36,52,29,30,29,37,75,77,33,21,43,6,43,66,68,24,39,67,77,5,15,65,45,62,74,54,11,26,48,26,22,61,27,89,35,63,5,3,88,96,42,96,35
99,1,5,72,51,39,25,83,8,4,53,68,82,22,74,78,76,4,95,46,28,72,55,82,63,14,2,96,38,90,98,81,30,69,46,48,1,15,41,8,10,55,24,24,43,52,33,56,99,21,97,5,98,29,59,18,61,5,63,88,58,95,1,50,61,55,85,62,55,73,8,8,52,18,23,33,68,68,5,99,74,66,3,82,29,21,55,11,32,49,97,36,21,79,85,96,15,76,59,28
48,51,6,24,42,85,25,33,34,34,64,23,95,75,42,98,57,59,91,61,34,79,16,72,71,51,84,85,12,31,7,50,25,35,99,6,28,47,22,30,88,50,3,94,73,73,72,68,11,92,57,9,90,30,44,31,35,56,68,44,48,12,30,66,1,43,34,47,31,76,75,36,11,55,13,37,40,19,99,45,35,61,51,73,55,39,70,18,13,20,34,33,71,0,58,66,69,48,56,60
13,1,14,8,34,23,32,41,4,78,91,69,72,64,74,95,27,49,57,29,26,0,54,40,44,47,61,10,8,62,25,12,75,77,25,62,74,76,94,25,85,93,50,60,63,90,94,6,97,52,89,27,94,28,4,93,21,88,26,72,87,13,33,7,74,48,64,98,55,44,52,73,23,73,82,65,3,19,23,50,33,73,31,69,4,83,67,97,93,7,78,34,18,77,91,29,76,47,97,59
0,37,62,13,34,53,50,1,12,78,60,79,59,55,9,43,85,39,65,83,8,4,7,48,12,6,9,83,74,46,2,90,17,36,20,73,94,25,62,55,64,61,18,58,19,2,17,8,12,71,56,50,15,88,99,55,77,19,37,79,45,27,27,27,51,13,25,73,35,2,67,72,76,75,1,93,81,31,47,1,10,82,20,0,8,71,26,71,66,30,20,91,71,32,46,1,73,92,98,98
25,31,16,0,15,79,13,62,41,66,37,25,90,18,11,69,80,68,14,40,83,82,49,50,2,9,5,5,0,33,67,59,20,16,49,30,54,59,33,24,91,97,93,25,45,73,83,11,51,71,65,73,23,34,22,35,80,33,87,90,92,12,0,88,92,74,79,95,8,41,55,35,7,42,30,81,70,92,49,19,53,72,70,91,18,55,17,1,59,60,20,21,72,12,32,9,26,92,68,7
7,47,49,75,53,5,45,5,86,71,13,50,18,56,74,90,89,98,55,53,17,19,81,46,49,23,69,58,92,47,90,41,99,83,48,8,81,45,97,88,53,50,63,39,87,83,19,93,80,49,44,36,0,89,5,5,34,0,77,71,15,46,33,42,13,70,91,83,31,2,22,59,73,45,18,70,42,64,59,1,98,17,11,75,27,91,16,77,32,10,33,57,23,42,51,46,64,68,44,71
47,13,64,45,41,32,20,79,68,71,46,61,20,18,42,93,33,92,54,18,14,30,76,22,17,30,46,80,53,21,41,99,66,57,32,95,83,31,71,18,69,61,18,50,61,20,87,34,44,24,28,66,65,44,32,56,43,46,54,1,36,65,31,69,54,23,16,93,35,66,88,51,14,25,33,64,74,90,14,78,3,32,57,91,24,5,99,70,26,71,45,81,44,51,18,73,20,6,51,94
79,36,30,15,45,27,66,62,30,82,77,53,62,15,93,98,32,47,38,96,63,60,9,39,38,77,89,33,96,50,70,16,44,79,63,1,80,72,1,54,10,31,31,31,57,18,85,66,92,15,93,2,64,58,81,36,37,90,42,54,19,92,67,4,28,73,81,4,49,71,35,45,34,52,51,29,55,0,68,84,73,92,47,9,71,64,53,12,1,41,7,49,87,59,89,17,51,35,73,18
82,21,71,58,40,39,82,57,86,9,46,76,22,88,30,11,54,46,90,10,35,19,5,61,21,32,44,85,32,77,90,11,97,1,81,59,67,54,64,37,33,86,99,17,88,38,40,70,59,57,10,75,35,81,63,14,14,94,89,56,0,76,74,1,32,12,14,37,93,34,80,96,76,70,48,8,43,49,74,9,12,32,48,79,20,65,63,40,48,49,30,80,54,30,67,1,65,5,5,67
42,35,64,46,87,90,8,17,58,19,39,64,75,60,57,57,51,40,79,35,85,34,14,47,47,67,30,32,82,32,42,2,39,37,46,28,66,97,83,44,93,90,97,39,39,72,7,94,83,54,80,71,15,48,2,50,38,41,83,37,6,98,33,74,8,40,31,0,53,43,54,56,73,39,2,47,23,68,69,1,61,7,58,45,16,16,24,68,12,27,42,8,92,90,87,98,64,24,14,36
64,97,68,69,98,99,71,66,93,37,87,51,85,74,0,59,38,29,43,6,12,53,74,97,50,84,71,95,76,93,53,10,3,6,53,89,75,48,48,98,32,34,58,64,38,13,68,99,39,64,47,32,47,94,36,64,35,9,9,85,95,86,14,16,50,43,89,25,81,59,4,50,12,8,28,80,64,55,8,48,98,39,16,73,17,44,28,2,3,73,49,23,65,33,50,50,82,51,25,56
63,52,73,6,88,54,0,42,28,95,65,50,74,85,95,74,85,33,34,61,53,34,60,14,4,4,53,26,61,79,76,92,62,2,69,26,90,0,63,27,13,7,79,46,13,59,71,46,51,6,14,27,63,62,57,74,5,29,59,29,8,50,66,26,65,15,13,86,29,59,91,30,44,65,41,18,18,28,33,47,16,27,11,39,80,29,8,26,67,42,55,24,51,40,36,30,93,38,12,95
49,46,95,32,69,78,72,60,89,33,35,31,72,33,90,93,48,38,14,79,48,96,94,17,95,78,96,83,13,54,68,51,2,34,99,85,99,42,72,3,25,92,67,38,10,50,35,25,79,77,26,45,88,83,24,78,26,95,24,70,86,21,91,28,76,74,35,85,11,61,89,55,0,20,1,21,54,62,54,47,37,31,28,99,56,75,61,90,33,27,36,39,39,9,58,49,79,39,48,7
64,59,99,68,81,78,3,36,86,43,62,72,38,51,52,66,79,8,72,41,21,39,26,85,69,15,77,38,23,84,69,68,74,32,61,6,28,61,83,23,75,44,44,91,74,38,87,2,86,26,27,28,76,98,84,97,32,63,64,63,88,45,47,15,47,4,97,85,61,14,0,17,39,13,40,39,21,79,92,62,21,61,40,89,95,53,98,70,95,82,18,5,22,95,12,45,80,35,72,82
20,56,94,47,50,49,50,78,35,2,51,47,95,32,24,82,51,27,82,98,50,30,96,18,13,85,42,78,16,60,73,92,21,71,98,97,43,33,30,96,4,96,57,0,52,33,54,58,10,29,58,18,18,19,2,20,5,43,0,81,68,81,19,27,36,44,67,58,39,78,87,23,48,16,17,83,57,26,88,53,70,42,49,41,63,15,32,62,90,14,79,95,47,76,25,3,85,86,65,79
6,58,86,36,0,87,95,30,14,29,84,63,30,2,27,81,24,25,97,40,49,9,26,52,3,74,16,64,48,57,56,7,6,90,39,20,98,76,23,61,46,16,35,84,17,82,29,71,78,16,99,90,40,85,73,3,80,27,56,50,65,34,33,99,42,54,62,6,59,63,46,61,18,56,9,13,25,1,78,30,36,62,8,57,64,37,92,85,83,28,73,58,52,41,43,87,0,18,62,22
15,45,3,62,17,73,33,16,36,32,6,68,10,17,33,7,81,82,96,94,91,7,58,26,18,80,70,90,8,94,0,40,75,70,62,40,8,19,56,51,12,54,5,82,74,47,21,26,24,91,36,5,65,16,84,88,53,70,51,98,39,2,84,4,1,4,16,30,22,50,94,45,32,99,68,7,93,58,46,33,91,72,36,39,73,13,51,87,86,32,53,40,45,61,18,70,10,1,24,49
60,98,51,54,72,68,54,41,34,35,90,56,19,46,56,88,62,69,27,91,45,40,84,31,29,57,2,39,51,81,66,24,69,42,79,58,47,28,47,29,63,98,2,19,1,68,33,31,25,28,44,69,43,14,9,1,35,12,83,30,82,75,86,48,6,96,65,29,59,8,4,90,12,95,66,22,19,67,6,93,33,89,69,7,18,20,14,3,5,92,2,6,49,19,57,77,2,70,7,72
83,19,16,69,46,78,65,97,75,50,87,82,18,58,47,27,95,41,9,8,84,15,3,41,54,26,30,14,74,10,99,2,59,93,83,14,20,7,45,69,95,81,93,33,98,85,2,87,15,66,90,17,26,2,22,91,67,95,49,25,45,70,86,38,95,91,97,56,19,93,44,21,77,1,15,95,14,55,14,73,12,73,87,74,39,29,46,98,98,6,23,99,36,99,7,38,63,64,79,24
83,18,31,61,59,33,5,32,24,4,18,84,72,90,62,78,62,4,61,7,33,52,30,39,3,9,7,54,51,45,36,66,31,36,17,25,79,58,19,91,84,80,19,41,97,68,62,74,0,19,1,15,14,96,56,43,65,72,3,4,51,49,64,41,19,13,12,53,68,67,34,73,50,91,73,22,89,7,55,18,40,66,3,29,11,43,49,27,82,92,97,45,39,96,84,90,72,95,62,5
9,72,81,41,76,89,32,92,42,43,78,69,15,73,10,53,27,92,19,65,0,41,61,6,99,99,95,5,34,3,36,62,72,22,76,85,97,50,32,12,2,77,18,88,13,60,64,91,81,96,4,95,12,99,73,6,7,9,97,29,76,69,90,50,24,40,56,30,51,30,68,5,35,69,51,71,13,22,19,31,59,34,15,42,0,81,43,89,23,43,6,27,55,57,67,23,64,91,28,59
74,24,9,3,79,78,26,17,39,69,84,90,12,30,65,77,48,81,80,3,55,64,95,71,74,99,57,44,82,26,88,14,11,2,27,74,77,12,90,79,28,43,31,30,16,61,21,77,27,5,80,44,23,36,83,80,6,27,98,29,93,81,8,60,13,38,46,15,56,24,11,81,67,9,95,9,59,38,83,10,62,63,86,36,28,48,86,59,10,93,27,19,5,73,81,48,85,78,46,4
