92,41,50,1,20,19,14,44,17,92,29,2,6,28,70,91,48,90,7,95,16,57,43,50,22,28,49,95,40,3,98,0,49,96,89,77,9,16,39,7,29,9,93,71,49,37,47,99,38,37,17,9,83,40,16,52,57,78,71,64,54,13,7,2,22,19,65,69,16,54,25,8,40,9,51,74,83,37,2,88,40,5,40,25,15,94,65,23,28,54,9,86,29,15,97,59,50,5,58,83
65,61,9,18,81,14,34,99,88,67,60,82,2,57,51,17,46,3,17,56,12,4,31,24,49,58,43,39,38,21,16,26,32,2,14,91,61,94,28,98,92,99,48,84,3,35,76,68,86,60,0,2,61,48,49,89,62,64,90,85,49,52,46,2,29,8,84,60,3,50,19,28,55,73,82,23,56,17,73,74,85,96,14,90,22,21,82,7,68,36,17,85,89,75,93,83,72,36,23,88
20,99,44,19,14,38,86,10,12,96,52,63,21,16,32,40,23,85,40,54,20,20,84,1,14,96,21,26,89,93,80,29,80,91,90,61,43,14,37,31,63,0,77,56,73,43,21,96,46,30,9,80,80,72,15,75,45,52,22,29,64,19,18,28,22,83,87,65,11,92,82,60,27,57,94,83,8,2,21,9,64,54,54,22,85,16,75,71,89,15,83,34,73,71,45,60,14,2,21,35
22,72,45,29,5,23,97,58,64,48,48,56,32,79,30,53,64,1,42,23,31,25,45,56,17,44,90,83,89,98,17,27,57,39,7,75,28,50,15,48,36,25,23,64,83,46,19,40,75,59,63,77,75,22,48,15,78,31,16,30,43,50,99,14,22,64,3,22,37,66,44,93,63,82,49,66,84,91,63,31,43,52,55,85,4,5,76,99,25,3,95,48,7,65,35,86,11,51,73,5
95,91,4,1,67,62,70,62,76,6,63,26,5,86,44,5,10,48,53,76,14,16,67,22,29,17,40,57,10,17,61,78,8,20,22,5,95,62,3,51,54,39,59,69,63,41,1,35,11,22,62,34,14,55,53,40,34,80,27,10,48,1,24,58,80,51,8,11,11,85,75,43,16,50,90,9,3,40,54,7,0,94,32,78,75,47,60,33,90,72,52,45,90,16,37,64,48,58,96,77
39,47,22,19,38,43,54,88,7,23,20,91,47,89,3,43,3,73,92,94,44,15,19,66,79,81,52,82,55,18,42,58,67,21,40,82,57,86,45,80,93,7,86,8,68,92,43,77,92,28,2,27,81,22,31,69,14,45,21,17,14,0,76,82,83,6,14,94,89,34,32,52,87,11,72,13,42,53,47,36,83,88,81,84,48,1,34,31,1,86,9,48,61,34,48,13,87,67,27,79
69,49,78,56,39,60,54,88,50,65,4,84,25,42,73,24,90,20,30,34,2,11,15,48,7,5,63,71,79,83,11,95,41,65,41,68,47,9,5,70,79,40,30,37,8,61,98,51,10,59,68,88,35,17,48,5,68,77,81,61,79,75,35,52,50,67,71,45,1,83,92,15,78,22,65,32,10,82,65,55,45,65,99,68,23,67,6,26,37,25,62,37,67,33,14,94,44,95,33,29
20,0,59,2,71,30,1,96,98,92,89,46,59,96,81,62,65,26,11,32,70,31,38,93,51,76,64,99,78,66,83,34,52,75,47,8,96,54,13,56,11,71,86,52,42,55,76,55,95,0,34,79,62,10,52,32,15,69,41,85,69,46,64,47,48,9,63,56,0,25,30,34,43,80,9,79,9,25,53,77,88,48,44,26,66,93,69,58,91,10,62,4,64,91,54,96,62,8,87,43
29,38,4,42,96,14,17,13,70,55,96,74,0,39,44,38,81,82,65,7,63,31,2,94,11,39,47,69,89,64,7,37,7,47,63,38,92,50,6,42,9,78,92,88,31,32,66,27,12,67,87,32,84,15,1,41,76,5,20,90,89,64,76,42,55,62,66,75,14,7,84,15,7,24,2,41,96,64,22,16,50,34,85,3,40,90,67,81,25,37,84,24,46,76,21,9,29,32,55,30
86,94,40,84,92,94,54,0,81,38,1,70,44,89,61,42,68,77,61,43,6,34,41,97,92,45,70,47,16,9,44,70,96,94,9,21,91,12,48,41,9,86,77,81,57,65,16,72,76,7,66,87,96,14,49,35,91,86,64,23,45,57,50,27,59,63,87,9,33,26,52,25,76,37,21,8,2,54,26,61,69,4,35,89,78,87,1,45,35,7,1,34,59,4,24,41,61,66,46,93
77,55,69,38,74,34,2,52,47,56,38,33,5,5,86,0,57,50,29,23,36,17,35,48,42,62,84,56,5,90,39,21,39,37,33,78,3,42,62,17,79,66,69,8,42,54,69,37,44,23,53,57,86,87,2,29,16,71,16,53,83,91,57,44,25,59,10,24,47,16,28,6,74,82,55,19,46,53,88,72,36,98,48,0,73,98,40,20,90,39,45,74,51,10,81,43,28,88,56,12
70,88,88,52,61,87,20,65,78,12,61,0,9,51,35,78,53,57,67,73,31,57,39,29,29,79,29,73,51,54,77,14,33,67,59,42,72,60,84,21,75,71,38,70,42,46,74,1,74,85,19,42,84,83,53,57,1,48,59,3,87,15,19,90,82,28,76,30,10,11,46,5,72,69,74,45,0,19,13,80,32,33,2,85,12,19,32,10,51,95,10,81,79,68,36,17,6,44,59,70
55,42,12,96,96,70,1,66,42,98,71,47,51,61,34,18,41,70,36,48,35,72,91,71,85,25,89,85,25,42,60,6,28,38,76,91,45,63,92,93,20,42,58,58,96,2,14,35,23,13,29,47,45,54,69,40,69,50,1,12,23,6,52,43,81,79,22,88,77,7,38,62,11,29,84,9,81,35,90,82,59,70,99,28,17,5,8,9,52,19,63,37,85,53,50,41,61,81,72,9
46,75,83,4,55,17,6,77,51,52,75,36,72,6,29,41,72,46,0,85,41,12,38,80,21,14,38,72,69,52,32,68,95,34,75,0,55,35,55,37,98,18,36,88,55,93,61,80,88,4,89,41,65,1,71,25,44,70,85,87,96,4,71,59,47,12,15,33,80,16,73,80,55,85,45,55,28,58,45,96,38,8,4,5,32,38,42,17,91,56,73,39,35,49,81,77,0,74,82,68
21,2,50,52,36,99,2,24,46,95,1,37,86,89,76,41,5,74,14,46,28,25,80,39,25,59,46,63,73,15,44,57,51,90,43,73,3,63,64,9,26,39,7,96,45,87,70,60,97,47,61,38,68,64,54,32,51,21,41,83,94,64,62,43,94,48,88,5,2,34,46,88,43,41,81,27,9,55,33,58,23,35,45,16,80,85,13,46,33,1,3,19,67,72,11,3,41,76,44,41
59,38,88,17,17,87,32,76,39,24,81,93,31,75,99,8,74,8,23,84,81,45,92,61,56,87,7,49,88,1,89,38,36,58,47,66,29,35,12,81,28,27,42,31,7,80,66,26,24,75,96,92,30,43,28,47,96,94,50,92,0,85,21,19,83,43,70,69,91,66,9,76,46,51,76,81,12,20,72,82,29,99,30,79,86,93,59,68,45,0,13,42,12,83,41,23,66,0,85,74
74,4,90,20,59,36,28,54,85,88,59,61,76,6,27,68,13,56,16,8,94,18,63,0,17,26,84,85,79,86,12,90,59,86,33,42,89,87,25,67,79,84,72,61,15,3,66,25,76,76,44,51,15,91,12,45,3,47,68,46,92,60,16,29,29,9,56,36,58,67,88,56,73,0,43,32,28,31,39,86,75,41,23,82,36,47,57,71,61,71,51,95,39,11,68,51,45,84,24,44
40,73,16,36,56,55,60,97,73,65,91,77,85,95,5,48,85,71,53,50,92,44,66,13,63,9,16,11,71,6,40,36,69,44,89,36,83,19,70,28,33,90,93,40,39,57,45,8,71,26,80,8,63,7,37,14,28,77,85,2,2,31,29,62,79,89,55,72,72,30,98,74,44,5,97,40,60,93,61,8,76,21,70,79,74,40,51,72,37,88,82,99,22,74,8,69,88,54,66,79
59,18,84,17,53,38,24,16,97,70,75,87,1,15,96,11,79,27,2,70,0,88,67,0,64,25,67,77,63,10,27,54,33,57,16,46,26,14,16,13,53,91,84,42,54,57,33,9,7,88,76,40,80,29,52,18,23,10,30,39,91,74,57,9,14,21,70,18,42,32,31,47,16,49,59,51,99,34,49,37,1,2,26,55,61,98,46,28,96,31,19,81,62,56,85,55,81,88,81,0
49,72,53,17,40,17,42,48,53,90,89,23,90,47,40,49,67,87,40,48,71,22,44,49,23,48,65,81,82,79,42,88,55,23,96,0,7,49,47,87,74,10,95,70,45,46,33,8,2,69,26,43,31,52,74,38,46,17,63,94,98,50,25,98,12,25,18,75,29,66,67,34,83,73,97,91,56,14,90,95,30,75,69,96,73,57,57,51,99,51,66,12,85,25,26,15,4,13,34,96
95,76,49,32,92,7,7,2,43,72,87,97,83,49,68,20,76,29,65,23,49,23,55,64,26,19,92,77,23,23,33,97,60,99,11,93,82,41,31,98,7,13,8,53,53,28,39,27,52,72,73,3,66,40,65,41,6,78,64,74,97,23,2,78,65,43,23,74,31,38,79,80,39,23,93,76,64,99,66,29,31,58,82,12,45,59,52,17,48,25,50,21,10,26,97,41,98,79,42,25
53,75,99,67,88,63,25,19,92,67,78,13,82,22,36,55,38,42,52,97,81,31,78,50,18,40,70,51,22,73,60,16,74,19,53,9,22,9,13,79,93,7,14,95,28,94,83,47,65,96,86,13,44,34,56,73,53,64,57,39,85,55,89,94,28,27,71,92,60,41,93,46,39,32,86,41,75,68,74,71,22,31,57,24,2,68,39,22,43,98,3,35,96,63,36,11,33,18,0,28
94,6,49,6,14,37,38,9,15,58,31,37,61,87,9,79,86,34,36,98,52,66,7,60,79,59,46,35,43,48,68,98,81,66,77,46,22,18,27,36,73,94,12,1,30,80,70,25,85,24,67,55,89,45,58,70,37,20,35,42,28,18,16,34,21,76,32,63,40,8,8,65,24,65,78,9,45,27,45,79,74,14,36,51,40,3,31,20,23,19,99,24,26,35,67,47,9,47,87,59
42,38,69,37,21,79,44,19,43,88,13,61,90,44,26,13,14,7,37,95,36,54,66,38,80,52,85,39,30,37,82,99,25,28,87,76,31,40,36,93,30,61,6,7,5,42,78,81,27,81,23,78,49,90,7,67,37,4,66,19,63,84,61,84,49,87,77,9,39,40,80,17,27,85,53,28,70,52,37,23,32,82,70,30,45,82,7,31,7,39,55,62,37,5,63,73,71,51,55,13
97,95,81,74,42,33,61,28,81,86,76,72,87,21,12,11,93,80,46,46,41,46,67,46,99,48,69,74,53,26,14,36,60,85,79,36,36,31,38,25,63,43,54,66,89,74,84,85,88,99,68,88,7,96,66,60,74,49,23,31,21,27,56,33,5,5,45,71,31,11,80,89,60,65,25,55,31,18,51,35,63,67,28,69,20,22,9,19,45,4,9,84,29,67,7,97,83,29,81,16
52,23,36,57,15,26,58,66,63,60,59,66,37,55,35,50,22,91,47,8,25,45,86,34,39,84,87,87,66,55,49,61,20,66,85,96,33,91,41,99,7,97,70,5,71,88,57,61,68,59,80,43,98,64,52,99,45,34,46,9,80,25,14,8,61,97,95,27,53,41,2,50,5,60,79,41,8,7,22,36,46,35,80,91,43,12,97,65,29,11,66,89,54,9,67,28,80,66,3,98
0,10,69,35,15,54,43,26,37,86,82,30,32,58,76,73,40,87,50,3,97,34,90,59,34,48,42,1,14,1,12,64,29,71,29,19,64,66,9,47,70,62,40,11,62,61,75,65,58,47,98,85,95,12,47,32,64,18,37,15,13,36,58,30,25,48,51,68,23,24,57,9,98,87,25,80,80,19,33,94,13,10,15,75,13,31,11,24,64,99,13,63,31,50,61,92,19,92,95,32
58,37,75,24,42,61,17,11,22,40,95,21,68,78,55,6,29,11,16,39,80,15,58,43,42,20,90,81,36,37,20,34,0,12,12,11,29,48,0,50,68,69,72,78,99,64,51,96,66,90,38,84,35,30,68,81,48,60,96,78,39,62,8,50,72,17,11,75,43,48,49,88,74,41,60,76,68,24,95,35,99,79,87,60,63,60,6,0,76,26,23,11,57,38,77,84,68,77,16,72
21,72,38,64,80,73,91,92,28,90,51,70,90,35,93,15,68,8,65,84,21,21,96,35,21,83,36,45,7,0,15,6,27,18,41,57,51,8,62,10,17,26,66,13,10,20,59,40,35,92,69,77,73,5,18,91,28,91,65,67,9,40,49,76,48,36,10,40,81,30,48,81,31,76,9,92,31,66,82,76,63,62,74,15,23,63,45,91,6,27,11,72,93,7,69,94,81,24,35,18
31,52,21,22,57,84,4,79,17,76,96,46,50,7,43,23,30,18,45,46,62,8,24,35,37,93,47,13,9,76,30,0,61,6,22,1,72,45,95,3,36,86,11,71,93,44,61,67,12,6,55,61,93,72,58,44,24,45,32,57,45,41,69,32,99,62,89,13,84,57,57,98,16,25,6,3,98,47,33,25,76,4,34,20,54,52,90,7,86,27,31,22,56,31,70,28,82,10,64,19
31,26,35,38,20,52,34,77,53,25,24,84,46,55,66,94,57,92,87,93,43,4,68,95,95,10,45,11,80,58,83,3,44,30,34,94,22,19,50,55,5,30,69,80,26,60,11,44,35,7,75,96,95,27,20,17,82,18,16,42,95,49,0,36,1,51,71,94,93,67,54,70,19,94,42,26,44,10,2,77,72,83,44,62,98,37,25,28,80,15,53,23,29,35,53,31,94,38,53,94
98,63,94,21,58,28,49,88,3,86,26,75,35,27,31,46,36,69,85,7,69,44,65,27,95,33,98,95,4,67,54,11,95,60,95,70,79,86,32,40,57,95,36,3,9,70,20,32,5,83,88,31,74,43,8,59,38,38,49,66,67,58,60,3,97,69,40,78,81,31,63,16,29,37,62,48,53,90,22,36,17,36,40,4,43,3,22,34,88,55,36,93,66,3,80,20,44,15,29,8
21,86,84,2,19,97,74,44,76,5,83,62,29,27,19,29,3,67,10,4,3,34,58,23,1,54,61,9,20,61,3,1,86,76,73,13,7,58,87,24,77,4,5,47,83,97,64,63,50,64,45,37,5,10,11,14,97,54,26,34,53,55,72,89,81,50,35,65,86,65,6,99,45,11,61,21,76,45,12,13,58,7,55,89,48,61,8,99,34,97,62,35,87,54,22,63,25,54,58,39
38,93,94,75,4,54,18,82,0,43,13,16,96,6,88,5,95,15,28,45,51,26,38,28,3,57,85,84,7,77,86,73,56,70,99,97,77,37,50,57,91,80,29,12,50,86,64,87,29,16,11,57,5,92,18,30,11,36,63,52,11,7,62,65,88,1,69,16,24,84,3,62,70,92,40,41,84,11,62,45,64,1,69,63,75,36,50,16,80,12,94,66,88,52,43,86,46,93,28,58
98,47,70,61,79,29,0,86,57,33,23,30,31,46,3,3,30,10,9,29,99,77,97,95,54,64,29,20,22,46,21,96,15,50,7,23,56,53,59,60,82,79,99,86,98,89,28,60,45,3,60,91,74,65,21,83,86,50,64,63,81,93,52,81,78,84,98,58,75,84,24,62,42,51,82,89,28,1,68,83,25,97,67,33,55,79,29,9,48,16,60,23,1,82,11,70,99,39,78,32
9,57,91,89,46,64,3,99,31,35,96,99,41,5,2,80,48,48,73,10,47,1,24,69,95,28,60,79,67,37,0,40,99,44,97,13,86,49,79,61,82,45,43,81,54,82,13,42,2,6,57,86,87,60,81,3,36,67,6,15,26,3,8,14,71,38,69,22,49,92,74,14,81,15,65,37,12,38,59,65,2,41,2,56,2,66,87,87,46,3,25,88,95,93,46,38,43,82,91,71
19,35,12,81,68,96,18,10,34,60,13,48,11,19,30,25,25,68,30,52,59,25,42,63,87,48,85,44,81,88,48,36,85,27,93,52,43,88,47,29,20,79,15,6,72,87,20,88,51,80,45,42,37,57,31,27,49,62,99,29,99,81,46,63,38,72,28,27,34,55,71,70,47,73,49,5,87,26,69,99,69,3,41,69,57,42,2,54,74,84,70,91,52,84,32,66,28,22,14,84
13,78,98,44,79,92,78,45,22,22,75,59,50,1,14,82,12,92,95,84,29,13,18,84,31,34,47,70,60,97,27,52,72,17,37,60,79,17,95,52,95,95,1,47,59,50,56,43,73,36,1,47,39,47,21,95,46,94,65,26,0,61,75,28,47,95,15,42,31,17,24,96,61,23,7,13,11,33,55,90,11,77,64,5,63,21,29,48,16,41,12,79,12,2,33,87,94,88,20,21
8,58,9,91,7,73,66,86,96,20,94,82,0,43,84,86,10,82,48,27,80,86,87,61,15,15,22,73,9,93,84,50,54,73,82,27,11,58,84,30,14,46,38,91,18,63,73,96,40,80,88,61,96,41,59,19,66,26,11,18,72,9,44,77,60,98,86,43,0,28,27,56,34,6,75,41,67,64,48,97,24,77,9,92,83,67,38,46,64,81,93,22,63,76,51,89,15,0,58,27
62,59,35,69,36,70,85,24,6,59,20,93,34,74,77,18,5,43,27,82,90,18,67,81,3,47,33,87,30,25,30,8,37,46,35,72,43,4,72,5,11,59,6,21,79,20,42,82,14,54,46,62,91,59,63,80,86,17,95,55,54,92,46,12,45,41,27,74,87,1,71,86,17,65,88,41,27,17,5,12,26,66,52,87,76,41,47,22,13,59,35,72,58,60,29,37,33,89,27,91
73,93,63,85,22,31,80,89,37,70,90,72,1,98,12,65,0,56,52,19,85,0,71,75,63,27,25,17,71,9,47,51,9,8,28,77,61,28,89,32,10,42,25,75,55,8,22,35,8,24,97,39,92,93,31,96,77,19,96,66,18,77,64,85,90,46,45,62,66,1,60,35,49,83,49,71,36,32,6,42,55,97,45,46,47,65,73,70,86,57,42,20,38,6,25,93,97,19,32,20
89,53,84,14,10,24,48,78,32,54,77,86,58,35,55,96,91,28,31,58,61,46,25,77,23,67,3,89,69,19,79,76,34,53,97,32,35,5,20,95,35,7,94,10,65,2,80,42,26,15,85,31,40,68,95,70,82,29,36,43,15,62,31,76,9,27,83,54,89,45,49,70,29,71,85,39,39,97,76,78,22,61,13,46,3,40,10,88,21,59,62,40,50,91,64,34,86,86,51,99
35,73,85,71,58,77,55,32,48,66,47,54,5,38,61,7,71,57,36,85,9,66,88,27,91,8,45,89,33,11,44,69,42,34,2,42,6,97,23,94,25,63,40,73,73,63,96,22,36,21,73,95,78,49,11,61,61,39,55,81,2,45,10,49,61,94,89,60,49,8,25,5,10,22,40,11,76,56,34,6,61,3,59,49,32,32,66,54,13,97,83,86,81,37,5,62,10,58,10,35
71,1,21,57,22,29,23,16,92,91,88,32,83,82,52,4,83,60,73,21,94,34,82,24,26,94,54,22,25,6,37,21,25,76,48,97,26,89,81,41,67,95,49,59,17,72,61,82,24,28,28,27,49,15,63,84,81,24,0,42,3,94,61,93,21,10,29,6,65,98,69,88,83,21,53,20,12,23,10,68,21,28,28,36,10,6,81,41,46,60,11,65,19,86,88,11,88,74,88,55
32,60,5,55,51,75,88,95,27,69,91,71,15,61,83,51,16,24,7,74,65,53,20,20,54,94,88,87,11,29,74,98,26,71,79,85,46,88,75,76,95,36,51,22,71,95,40,13,79,56,74,17,27,48,82,27,12,45,94,34,56,14,14,72,92,27,8,54,46,13,97,30,99,9,75,65,95,16,16,90,24,80,26,50,38,0,1,54,12,21,1,90,80,1,4,0,69,71,67,42
14,37,98,53,0,56,99,28,8,79,53,29,23,55,94,83,99,1,33,32,55,5,19,1,84,15,76,68,70,41,2,74,98,13,31,19,33,53,59,23,71,9,34,39,19,36,95,17,99,96,11,29,0,56,70,34,50,7,79,9,90,27,75,32,14,96,23,62,83,28,39,83,26,92,71,40,72,77,94,81,24,84,42,35,59,63,91,61,64,42,20,38,18,71,91,14,6,15,50,19
85,1,42,86,43,84,61,51,8,28,28,50,39,34,18,76,10,46,81,58,72,43,35,76,2,15,54,55,74,44,64,1,80,83,17,58,20,31,39,37,84,14,24,20,61,37,16,69,26,50,54,37,44,51,96,51,13,72,4,27,85,6,90,65,16,96,4,62,95,88,21,93,71,11,5,15,28,93,99,17,78,37,44,35,38,93,44,94,43,62,44,74,17,18,75,75,96,74,23,14
71,24,99,37,30,99,34,27,98,67,11,93,91,71,44,34,40,57,90,71,77,33,35,12,65,90,95,58,68,51,65,54,39,93,6,51,64,14,28,64,97,82,72,17,40,54,26,52,69,36,59,43,87,65,85,74,37,50,31,55,17,29,99,71,17,39,41,63,31,36,23,67,99,83,71,96,34,37,70,48,20,17,1,85,48,26,62,18,22,73,98,14,11,25,29,31,36,48,24,46
55,9,34,34,98,37,51,59,4,4,35,58,99,0,98,7,80,80,85,66,26,43,80,22,13,63,43,92,55,15,96,48,73,53,11,71,68,64,36,70,8,26,50,42,61,10,13,53,65,55,63,25,54,12,85,84,80,75,33,37,12,29,4,81,52,75,72,53,12,85,87,60,66,33,71,17,82,35,63,97,76,50,40,83,54,98,98,52,91,13,66,46,90,44,44,56,73,53,14,92
53,64,47,6,55,47,82,41,45,1,39,9,7,47,0,28,42,74,54,25,95,61,95,67,49,56,12,70,68,9,28,29,21,67,0,28,59,1,95,36,4,91,9,33,94,28,79,53,98,2,61,76,11,15,48,96,61,72,41,46,64,41,96,42,51,60,18,77,69,71,5,77,94,90,61,75,24,34,68,76,55,57,96,37,32,58,57,70,42,76,82,61,57,63,92,69,10,31,54,46
53,69,97,44,11,20,16,53,82,33,60,63,39,40,37,55,73,60,77,99,63,5,11,83,80,60,17,29,32,83,35,10,48,19,87,57,95,56,16,3,88,45,3,41,19,34,38,19,55,55,2,45,50,54,9,52,33,16,3,94,60,28,53,63,18,45,91,81,54,31,52,15,97,42,1,22,0,51,75,52,1,13,90,71,54,43,86,71,79,35,62,80,14,87,0,55,18,79,64,42
48,32,1,7,85,84,50,34,64,32,42,28,76,84,62,17,75,81,0,24,11,1,89,47,62,31,1,46,49,45,15,22,41,12,17,79,45,23,41,93,32,17,69,88,56,29,65,43,93,11,67,77,0,78,57,35,68,52,95,65,6,50,52,80,81,18,79,24,20,39,3,92,9,64,28,7,12,88,77,58,57,86,1,40,47,93,94,21,44,3,15,4,14,16,95,80,96,66,23,42
43,95,84,73,85,40,29,91,0,57,8,76,85,5,8,10,99,16,76,4,18,36,7,55,4,1,68,62,66,41,62,33,22,77,47,26,38,38,42,77,1,88,71,31,14,77,16,98,21,69,83,40,66,93,57,9,49,75,18,54,51,98,71,84,24,99,62,66,50,60,14,21,75,77,65,82,76,9,43,57,92,78,34,41,68,49,12,3,64,84,6,89,12,82,54,84,10,47,71,29
7,37,9,30,5,15,76,1,7,69,59,11,89,65,94,63,64,25,89,88,26,5,24,65,23,88,99,84,19,79,39,68,63,18,40,45,56,64,26,56,87,18,39,35,15,31,23,18,78,31,39,77,70,14,88,44,93,17,95,42,43,32,34,97,96,86,30,1,43,6,48,99,21,55,3,34,47,12,80,47,14,78,14,82,81,15,57,65,18,99,93,44,8,22,91,86,81,30,71,95
90,83,18,31,87,68,56,64,93,96,75,72,16,47,14,71,83,60,20,80,35,17,81,86,3,89,4,17,45,45,95,39,63,13,60,51,42,10,1,64,8,15,86,79,21,49,3,11,55,13,77,61,62,64,4,21,58,17,3,88,94,31,7,8,31,1,85,86,87,97,18,83,20,73,14,63,59,97,50,47,69,5,64,29,60,18,40,45,65,22,5,14,75,85,22,92,13,67,87,18
72,84,11,49,82,22,91,96,39,42,83,50,86,46,37,98,10,87,31,85,4,23,61,40,44,78,64,64,7,11,4,70,46,99,9,1,58,17,12,43,73,32,80,5,26,58,11,58,94,94,69,7,65,86,69,4,49,27,34,71,81,21,84,7,26,82,99,4,43,24,87,6,38,72,67,76,44,39,75,52,94,95,73,72,19,97,27,43,45,67,71,51,72,37,85,39,46,98,61,38
86,41,58,83,80,37,55,50,41,83,89,4,48,91,90,75,88,54,16,74,22,90,79,49,35,83,45,84,64,79,32,2,74,42,94,84,60,32,24,16,84,71,57,90,34,61,27,70,60,95,12,92,35,61,74,72,55,3,73,0,14,83,71,53,75,73,87,23,79,24,11,26,34,43,63,54,82,93,9,74,12,89,82,65,80,95,29,45,0,88,49,9,30,33,54,15,3,67,92,11
51,9,38,71,58,31,50,85,42,92,18,38,68,73,16,85,29,37,23,48,37,88,21,86,23,66,73,11,75,28,18,77,18,44,43,16,97,59,7,9,85,77,1,11,71,33,24,64,58,90,72,60,62,53,44,68,52,20,61,26,46,8,37,47,94,29,98,37,54,67,42,12,58,17,26,77,37,49,83,3,83,78,93,86,68,12,4,57,39,83,25,31,98,39,73,94,53,46,42,5
54,15,82,33,39,91,42,11,79,95,13,24,52,90,97,82,79,21,27,91,99,70,49,99,95,65,54,47,66,1,87,1,64,79,85,76,83,0,36,26,97,54,65,5,25,98,84,67,26,61,77,60,7,73,62,82,86,9,83,57,0,22,45,1,37,50,41,93,93,47,12,58,10,86,72,21,18,20,46,42,6,2,96,58,13,28,67,16,38,97,25,8,49,48,36,48,16,78,91,89
39,12,47,90,95,50,50,76,48,70,36,35,58,8,22,60,16,16,96,0,20,24,24,56,3,43,53,15,62,45,75,94,52,68,67,55,3,72,3,54,65,20,85,49,27,77,56,38,92,21,25,63,92,21,24,10,56,52,55,74,55,12,52,22,84,62,34,33,59,10,51,0,14,17,97,53,8,52,62,13,97,78,3,72,65,57,16,12,19,66,47,20,34,75,44,28,55,59,8,35
66,25,33,80,15,81,81,66,14,77,48,27,42,83,45,4,75,13,62,92,28,73,3,62,51,50,61,52,89,94,43,22,9,66,10,28,73,61,11,82,88,23,50,78,81,77,51,63,3,23,68,32,62,54,37,0,96,29,96,38,61,31,69,2,51,19,26,87,74,64,89,31,75,8,31,0,41,55,34,41,21,72,50,6,23,32,84,29,18,88,0,55,25,43,29,38,37,57,17,77
39,94,11,1,86,90,48,15,22,53,5,85,44,64,50,5,70,16,53,82,55,91,27,5,96,89,28,11,90,39,98,46,25,12,59,45,94,98,77,34,8,88,48,4,89,99,79,30,39,77,7,82,83,94,51,2,22,62,69,53,51,11,79,83,86,10,83,15,55,92,93,30,19,55,31,93,51,60,28,35,6,88,62,11,21,28,77,69,60,37,64,35,40,8,62,70,23,50,7,71
4,8,86,41,47,59,59,37,35,33,2,94,87,12,58,75,30,99,97,50,32,98,25,18,76,58,20,61,53,34,37,52,93,78,10,77,69,99,23,32,60,56,8,45,14,97,48,14,93,1,54,53,51,94,84,25,95,28,12,90,6,14,83,11,47,46,14,44,47,4,31,77,7,15,36,18,31,80,71,97,51,16,6,6,57,44,90,62,71,92,76,91,56,93,36,83,14,52,86,48
14,61,43,13,87,84,84,12,46,32,87,92,71,70,23,54,46,65,74,3,65,76,94,28,18,79,16,54,73,8,45,4,38,2,24,4,85,41,21,60,43,21,36,15,14,56,18,87,38,92,69,48,7,13,63,3,23,65,56,61,48,45,16,96,19,20,17,21,80,76,11,32,26,72,15,9,84,38,86,91,54,37,82,86,45,63,67,9,89,14,75,51,33,13,52,69,74,50,82,37
13,46,54,77,7,29,91,15,36,72,41,69,16,13,1,9,62,58,57,35,34,19,33,14,49,86,66,41,97,84,44,36,88,59,41,68,27,83,24,12,14,86,53,29,69,27,94,61,31,70,95,60,52,35,74,83,42,21,49,14,65,7,66,73,4,47,58,60,64,30,7,37,79,92,79,7,85,28,69,25,23,15,83,39,30,6,95,97,52,39,19,71,7,43,76,41,37,86,59,17
91,70,99,94,95,21,7,40,1,3,15,90,67,21,86,43,80,37,59,45,7,94,18,84,77,43,75,60,40,39,4,7,76,20,4,38,93,55,88,78,31,12,39,23,50,88,67,29,17,55,38,15,13,15,80,33,52,27,45,41,93,64,87,62,40,8,98,42,29,8,32,11,45,0,50,49,73,47,12,66,31,17,93,15,5,38,97,90,53,19,40,45,75,20,54,39,1,12,58,94
40,54,85,66,17,3,54,96,7,80,99,99,17,46,83,60,49,71,39,4,62,84,24,36,47,6,14,16,16,59,15,22,94,39,72,27,45,23,5,63,85,85,69,66,67,78,64,42,93,37,24,89,25,54,87,81,88,55,99,47,42,10,49,1,18,0,33,74,39,66,94,24,59,39,66,89,41,86,76,95,90,50,57,43,64,15,27,61,51,88,17,15,65,75,25,99,41,73,67,51
41,40,62,72,40,15,69,83,63,45,48,45,59,73,46,1,9,82,91,12,19,35,39,32,83,18,34,38,50,46,63,47,41,40,44,6,60,7,40,4,53,4,67,72,57,9,7,59,27,24,40,93,89,69,55,18,18,58,24,0,78,3,46,40,97,46,44,40,48,40,29,13,15,26,41,42,8,31,99,61,9,87,68,29,0,10,87,30,72,43,31,53,36,72,1,48,92,15,30,14
92,46,77,32,33,47,43,49,31,80,64,28,73,27,1,11,81,26,79,78,27,18,60,67,89,9,39,98,85,98,63,38,63,84,87,63,11,52,48,94,35,54,36,18,18,3,59,49,11,20,69,24,25,42,6,0,72,81,54,14,26,7,10,62,74,12,89,92,65,56,28,64,3,78,0,81,91,75,12,28,83,6,99,31,88,67,33,28,98,94,40,0,82,99,67,95,8,13,73,73
71,24,79,32,39,12,31,12,6,99,94,47,88,19,23,47,38,74,38,93,19,14,59,5,49,70,38,64,13,58,68,85,17,35,82,89,25,28,30,99,74,0,84,24,7,74,14,28,46,54,68,37,58,31,99,95,74,50,60,42,35,1,90,61,96,78,84,77,22,30,38,38,95,74,51,96,60,5,59,10,19,44,31,72,55,19,50,28,51,82,84,85,59,32,27,11,10,51,89,42
85,1,89,33,5,4,69,62,14,46,5,54,87,79,71,72,39,3,2,99,87,71,71,84,32,24,58,5,20,97,14,72,75,95,7,1,23,62,40,84,69,94,79,46,21,27,53,42,14,91,84,20,86,91,15,32,15,98,0,45,66,81,33,89,31,79,46,72,71,21,48,83,38,69,90,84,85,5,88,89,99,87,52,55,12,65,50,89,91,8,33,61,49,10,16,98,51,0,36,68
40,44,51,34,89,11,78,51,47,25,72,47,63,19,82,93,61,26,87,74,22,67,65,84,59,37,91,90,15,99,62,76,26,99,75,59,61,64,51,27,50,53,93,53,45,75,9,72,61,73,67,68,0,35,67,38,29,24,44,23,76,81,0,36,1,91,95,31,79,92,24,0,60,27,20,91,21,39,22,94,92,11,12,10,98,39,9,40,44,78,5,46,49,96,41,32,25,28,43,5
30,43,98,59,8,79,52,72,17,10,1,2,22,67,80,38,31,25,97,76,10,44,66,83,7,25,75,57,86,88,84,74,11,53,89,78,18,92,6,93,2,74,62,24,67,5,75,5,44,68,80,64,65,25,93,93,78,28,36,61,69,93,57,58,25,73,81,91,82,90,4,85,43,9,97,48,75,66,7,94,65,27,97,43,99,98,0,77,5,45,5,86,16,15,62,40,57,57,57,57
56,70,4,74,21,5,61,18,22,98,14,99,5,16,90,25,22,90,90,34,52,95,90,91,8,37,12,69,26,15,35,24,80,71,89,89,35,56,79,82,89,15,19,29,49,57,77,50,84,61,47,5,21,8,42,36,1,79,37,93,45,72,81,56,90,74,92,93,99,71,71,97,94,59,19,8,4,47,19,42,51,12,44,66,73,35,23,93,63,34,59,55,49,16,96,42,14,98,64,96
21,2,5,14,10,26,40,87,90,18,60,21,22,62,4,49,50,35,39,90,79,37,94,76,67,60,7,0,77,31,9,3,50,41,84,21,53,78,88,99,33,62,3,52,16,75,75,25,4,62,35,36,7,69,48,8,31,78,44,56,13,98,47,81,25,48,98,34,24,70,15,15,2,27,65,26,87,88,69,27,38,2,62,37,92,52,59,6,60,51,17,93,51,6,31,19,67,75,1,65
89,23,55,88,4,9,71,59,66,5,47,46,33,44,82,39,50,1,18,83,50,18,83,99,7,4,59,69,60,45,73,66,73,11,78,30,16,96,10,79,28,13,80,51,56,68,65,61,42,74,38,83,82,9,18,6,1,47,90,99,75,64,0,42,25,10,11,29,21,56,97,26,47,16,4,26,52,22,88,51,14,59,18,29,80,11,5,58,26,67,1,56,41,26,24,80,51,63,54,52
49,36,55,96,2,74,52,18,45,98,79,94,4,32,42,58,35,39,14,83,84,33,34,28,97,29,35,8,69,46,12,80,52,58,67,6,89,84,71,16,1,8,53,84,34,30,18,50,44,31,11,98,0,44,60,21,3,67,63,70,89,44,56,44,95,16,38,75,92,34,29,80,99,72,47,91,94,1,11,72,54,77,81,50,27,37,19,81,77,29,28,70,57,52,78,25,25,68,56,54
91,75,2,10,81,65,6,61,98,36,15,61,78,10,79,11,87,39,72,25,36,91,32,92,71,18,95,71,67,92,56,17,78,67,99,61,95,73,51,52,20,3,69,1,51,62,43,89,14,46,37,32,74,93,45,97,73,7,66,65,33,81,16,88,29,79,15,49,10,50,57,87,86,34,6,71,22,69,23,12,6,15,41,91,83,75,16,19,53,71,59,68,62,95,10,37,28,58,78,52
58,30,75,19,18,98,8,12,90,59,84,72,17,61,45,90,15,45,5,64,81,32,10,64,42,58,31,65,75,72,73,48,62,63,44,6,35,35,82,71,60,88,34,26,77,57,39,32,44,3,84,3,4,24,8,68,82,70,10,9,34,18,99,9,95,82,93,30,72,24,88,34,51,8,4,25,56,38,62,86,57,4,80,44,61,99,7,9,34,2,89,80,77,31,76,25,8,59,66,97
95,17,63,95,28,19,16,0,29,8,42,64,4,62,26,95,38,36,70,51,69,56,6,58,92,92,12,74,49,34,62,81,87,50,73,98,82,64,96,74,55,52,15,81,17,3,98,13,14,63,82,94,36,63,42,7,91,60,28,44,16,31,35,77,24,73,72,16,82,25,45,64,28,61,54,42,5,21,20,52,45,49,57,89,98,98,13,23,6,63,3,41,14,58,99,69,78,3,24,25
32,28,31,83,27,32,78,75,8,54,51,22,23,85,6,96,32,78,66,82,5,78,5,79,29,39,55,54,68,50,56,93,35,23,85,23,99,68,80,63,61,91,93,22,92,52,93,77,49,84,59,17,93,85,71,94,49,21,82,70,20,81,8,95,35,60,56,33,98,86,82,47,96,88,72,84,39,29,27,29,70,54,54,15,36,34,43,71,90,70,34,99,81,69,64,3,45,52,28,84
83,61,6,18,94,97,53,60,18,64,55,3,18,53,4,35,7,99,71,74,26,56,53,51,7,65,96,7,13,83,65,28,82,57,23,38,11,46,23,11,20,74,21,57,2,37,77,35,71,12,31,75,32,49,40,92,34,41,61,45,74,81,19,41,35,75,66,77,22,47,96,19,85,70,17,0,58,54,96,27,82,0,21,21,70,71,55,41,82,10,30,22,37,70,61,7,73,38,18,7
80,56,54,82,25,85,96,68,21,16,23,5,61,11,23,93,40,63,2,15,99,12,24,97,61,10,84,7,46,54,35,9,40,32,50,71,24,70,29,44,75,14,16,74,69,34,9,15,79,45,52,52,21,25,73,51,59,80,56,15,33,0,65,55,59,37,4,58,95,41,20,9,61,26,75,71,20,0,65,42,67,1,18,62,92,55,27,60,2,46,77,81,86,52,69,45,56,77,51,23
72,51,30,79,39,38,18,47,60,81,77,59,91,55,44,75,85,90,1,71,43,14,11,48,81,24,86,42,92,97,37,66,16,91,90,37,72,60,80,50,91,46,20,61,7,63,50,13,86,33,20,81,93,34,81,64,86,50,40,27,62,10,76,19,43,6,40,92,4,46,0,8,99,79,62,29,72,57,55,43,32,56,43,98,69,28,48,93,90,50,11,87,71,30,81,95,21,51,92,31
88,9,47,69,83,11,72,55,54,8,49,73,67,28,34,22,91,61,84,39,51,47,80,35,50,90,84,81,86,30,75,59,0,98,56,38,30,30,49,95,24,30,86,32,39,8,81,60,97,9,37,51,2,1,46,19,20,70,68,49,35,32,4,68,27,55,81,69,6,52,89,84,39,49,75,70,29,73,89,56,26,56,50,20,79,41,5,31,45,98,78,35,34,24,39,2,22,5,28,68
82,54,88,35,82,82,15,9,51,14,77,4,92,26,64,9,58,46,78,46,76,21,62,79,48,23,13,4,44,67,30,22,29,84,83,71,62,74,52,12,6,51,65,66,91,67,19,44,3,97,28,89,97,97,76,69,90,0,77,3,50,79,95,75,45,68,21,29,54,27,32,59,11,73,45,46,60,15,99,72,87,1,71,79,49,97,28,58,38,31,3,82,91,80,31,55,1,69,10,73
67,62,52,18,40,7,46,14,87,45,68,14,72,62,55,17,4,44,85,49,42,17,87,90,8,77,25,47,81,16,23,18,44,11,20,49,91,97,47,55,55,63,97,72,3,65,53,83,33,4,68,22,64,50,50,87,9,76,23,41,72,43,7,57,34,89,39,97,38,24,64,60,21,39,59,8,69,97,36,84,65,67,57,41,30,16,47,25,16,11,15,99,64,18,6,58,9,58,47,96
59,76,46,71,84,23,26,25,72,47,68,21,83,18,32,38,18,73,78,23,52,20,33,60,92,39,52,12,88,57,18,0,60,60,56,69,85,57,50,34,26,74,70,94,76,65,36,57,42,77,11,65,23,29,7,12,84,25,90,92,19,81,85,92,67,32,30,66,43,62,54,10,41,30,57,26,11,48,67,23,88,79,87,53,53,23,11,55,64,77,95,30,63,32,59,84,66,92,48,41
83,34,7,86,10,28,93,90,73,55,35,46,90,27,1,25,23,94,91,77,0,5,19,54,84,52,82,96,55,61,83,91,44,9,49,99,22,19,30,82,29,78,9,72,99,78,74,90,93,58,28,19,12,25,31,3,37,95,68,76,61,83,38,52,79,75,40,10,20,80,53,65,40,49,20,72,98,23,32,63,34,95,69,59,68,64,18,5,82,79,90,93,3,77,33,55,27,72,40,21
99,86,65,8,69,7,62,2,29,70,37,21,15,37,5,31,4,54,56,82,20,9,36,74,23,51,85,49,97,87,44,38,89,18,70,83,77,18,45,78,91,88,24,20,23,99,19,14,25,52,81,4,19,57,73,63,20,54,57,5,60,70,93,12,84,34,9,21,63,20,98,21,91,17,86,71,35,67,76,56,9,77,26,87,14,91,87,32,38,65,33,80,1,8,99,79,6,41,41,15
92,99,21,33,59,20,66,79,6,83,32,25,85,65,54,84,86,23,64,53,73,56,49,26,32,68,46,44,54,72,10,97,76,57,33,36,78,73,52,44,76,41,38,74,85,85,21,63,30,52,53,26,28,80,34,7,20,7,53,33,4,66,24,90,38,39,79,85,84,92,84,77,63,67,12,53,61,28,92,88,83,76,34,75,85,64,95,46,25,82,14,16,35,56,28,3,14,93,36,48
1,34,35,23,5,66,52,88,10,55,45,90,12,1,46,85,75,61,76,0,45,87,39,96,53,0,69,48,74,23,5,17,65,47,92,46,58,14,27,90,26,73,74,22,2,65,30,15,10,22,74,8,77,95,45,1,1,37,3,36,91,97,29,33,20,45,39,81,91,43,53,87,98,11,59,24,45,10,50,13,78,51,87,99,83,18,27,7,63,68,22,16,95,91,35,82,22,27,88,97
71,45,37,39,55,36,86,15,88,25,82,39,91,81,5,5,83,32,95,10,43,24,43,27,94,85,38,66,63,18,32,58,63,8,80,82,7,56,45,40,43,83,82,97,89,60,48,13,32,56,71,30,57,6,85,51,51,38,7,40,95,72,18,27,55,15,78,41,68,20,4,50,87,42,97,84,60,82,74,76,35,8,20,16,41,60,53,18,87,92,2,28,78,73,70,93,58,88,79,30
80,59,33,87,28,51,52,22,8,61,61,14,7,10,42,23,11,25,97,76,53,69,42,6,36,99,9,91,32,42,7,75,49,65,6,0,77,17,95,93,34,73,1,19,1,72,72,95,59,15,11,18,10,18,52,98,65,73,82,74,34,24,81,15,21,67,82,12,10,74,98,32,84,57,44,14,40,24,35,88,37,74,66,0,33,12,69,68,21,68,49,86,80,19,7,22,18,41,77,29
56,9,89,75,27,9,44,51,77,28,15,70,37,26,67,74,35,17,98,97,69,90,6,59,53,96,43,29,22,17,24,88,23,2,71,26,35,94,24,24,36,82,48,25,51,76,73,83,56,46,18,68,59,19,94,80,58,65,13,82,11,30,6,56,90,16,33,69,76,11,0,55,52,11,42,82,71,72,48,0,7,59,84,41,28,30,12,90,22,71,51,83,52,9,83,11,42,0,95,53
43,13,93,16,85,55,96,7,37,68,80,28,8,52,35,28,4,83,36,80,58,58,51,54,32,52,51,78,74,95,36,24,78,23,74,17,32,78,68,58,69,91,74,8,72,4,48,65,0,2,55,80,49,10,86,73,13,6,39,4,87,95,30,76,70,89,99,60,8,84,20,50,84,10,64,76,51,57,43,20,66,92,75,3,16,18,24,47,66,76,74,67,52,25,35,48,40,52,4,37
83,60,80,3,60,19,97,83,84,94,95,10,24,33,23,72,54,80,5,4,67,85,64,44,14,65,8,44,94,43,14,94,90,12,30,25,30,10,98,14,67,58,34,62,56,12,8,93,84,11,24,77,99,14,74,10,16,91,77,53,42,2,64,9,27,31,48,97,31,1,37,73,25,86,98,64,28,5,80,43,49,94,19,88,0,98,75,86,59,15,17,77,58,70,94,2,42,20,35,38
69,43,53,56,38,3,4,60,26,21,38,25,62,3,64,47,9,57,47,28,90,33,14,74,64,43,5,86,54,80,47,11,97,37,46,98,77,35,36,14,20,47,14,28,38,96,67,37,74,12,86,11,30,92,58,62,10,72,36,9,68,56,12,78,20,5,61,15,75,71,69,34,84,19,28,56,2,94,42,22,55,51,45,56,55,50,78,59,18,61,87,99,55,58,98,30,32,23,68,9
7,47,64,81,56,50,73,12,10,25,55,86,80,88,39,91,92,89,65,72,38,58,51,15,0,87,64,75,15,25,42,66,22,43,33,33,6,0,36,50,9,1,7,41,49,5,12,75,65,67,85,54,52,52,50,46,54,75,67,46,99,26,84,74,79,71,40,92,76,31,85,27,60,26,10,24,54,94,77,93,40,82,28,39,43,59,54,44,94,94,59,65,38,19,92,43,55,7,65,41
89,9,53,46,78,60,12,61,75,81,77,13,86,27,87,48,66,62,7,76,59,19,23,46,54,98,41,71,65,6,59,32,84,74,67,65,15,39,45,74,8,13,4,74,85,46,90,78,91,97,63,75,78,68,65,24,37,83,31,74,10,90,51,53,23,53,51,64,8,34,24,90,21,47,90,17,45,79,9,64,29,37,4,68,79,36,23,39,70,81,70,30,22,49,57,97,57,62,66,45
