65,70,90,89,47,20,42,5,7,71,82,56,5,80,83,40,89,6,85,37,62,34,46,92,63,6,96,49,10,34,43,81,85,36,25,32,40,48,26,57,45,25,5,60,1,38,92,32,99,30,52,83,57,7,44,3,32,69,72,4,45,96,27,68,11,79,69,50,99,48,80,86,94,54,78,82,7,69,20,11,33,94,94,39,58,15,82,87,14,49,19,61,73,84,44,16,55,16,83,64
57,28,91,50,58,29,41,24,34,13,10,57,44,57,76,44,23,48,4,75,97,41,15,1,31,44,61,33,17,18,30,66,62,60,97,43,21,87,47,58,60,46,12,58,86,75,45,19,16,39,46,96,49,13,4,11,58,67,47,67,76,6,50,27,69,91,8,83,71,39,87,29,65,35,0,75,92,61,17,72,26,8,67,12,42,74,12,8,39,29,34,11,78,99,27,84,11,27,16,53
80,41,25,65,46,50,39,70,75,90,21,78,93,3,48,5,88,43,97,56,5,45,90,52,90,17,98,52,15,22,27,21,56,30,46,90,51,61,76,29,9,38,43,26,40,56,45,69,83,52,39,26,49,77,78,65,28,77,58,72,70,22,51,43,72,57,77,19,91,22,69,75,36,78,97,91,3,31,10,26,55,30,20,27,98,19,68,44,85,18,31,36,24,73,49,8,62,47,54,41
74,7,76,68,47,38,39,98,31,7,30,75,28,37,10,59,49,72,78,21,31,48,53,48,31,68,29,43,87,3,49,32,58,45,18,16,41,36,47,47,68,30,63,32,95,39,68,89,69,69,69,22,91,24,93,63,42,43,71,95,75,85,83,23,32,17,23,72,72,39,11,10,65,18,3,98,22,11,6,58,95,20,36,25,1,18,82,98,79,6,94,86,71,94,23,83,26,81,90,62
98,52,86,38,71,73,47,55,6,90,25,2,67,14,89,44,21,40,24,40,14,29,32,31,73,53,45,55,80,34,64,32,81,29,49,0,57,49,30,69,55,18,68,60,40,43,70,65,75,73,28,26,80,12,83,35,26,79,90,64,1,27,54,77,48,42,11,19,72,31,74,95,90,58,79,97,90,30,84,67,35,6,45,48,29,18,48,8,95,79,32,86,90,42,69,49,43,65,56,56
11,23,93,41,45,75,90,57,62,33,3,22,2,21,59,98,84,81,34,7,50,86,38,21,83,94,56,88,85,1,20,27,91,81,20,47,98,92,18,75,36,95,26,62,2,34,27,95,77,15,86,37,32,38,45,36,78,14,42,91,32,19,91,23,87,69,31,73,75,74,18,0,87,23,31,56,0,91,87,75,41,78,93,85,26,26,83,67,86,68,34,88,39,81,66,65,52,15,53,35
54,28,23,96,95,23,68,46,37,23,13,44,80,64,17,15,18,47,51,84,89,22,81,21,18,15,68,61,70,15,23,14,29,30,35,2,74,5,46,22,63,95,13,20,33,50,50,3,66,23,45,13,91,74,35,29,13,59,22,47,36,69,2,65,86,81,32,51,37,34,24,27,96,17,69,0,57,44,6,18,40,18,97,27,37,66,23,76,56,92,83,74,18,40,15,28,31,12,97,19
15,75,76,57,42,57,47,15,3,2,11,38,38,87,8,45,47,67,71,46,43,35,43,94,49,10,53,23,74,96,11,45,33,66,72,56,35,6,62,54,40,28,2,49,15,62,37,44,80,53,89,67,98,30,78,41,93,1,31,78,85,4,56,22,58,88,81,49,81,96,94,89,67,74,23,33,90,68,52,80,28,68,10,28,5,77,8,77,53,90,4,21,46,4,94,77,48,17,43,54
26,39,96,47,21,88,14,12,69,80,70,80,24,12,37,39,72,35,38,30,45,61,65,93,56,17,53,8,15,20,13,1,76,85,99,9,74,46,62,90,39,59,58,81,76,21,96,66,63,48,19,78,62,63,34,13,7,7,31,0,56,87,57,81,1,19,67,39,24,39,96,29,36,88,92,95,27,90,93,92,66,28,56,3,64,38,26,84,70,84,22,84,26,1,49,38,79,51,49,88
86,97,32,34,75,71,9,73,34,57,77,1,89,77,51,89,94,98,71,48,67,98,45,34,54,93,94,96,28,92,24,45,46,18,70,30,66,85,15,52,80,36,24,61,24,72,26,94,85,57,51,13,29,29,8,23,32,96,20,35,79,15,96,46,12,27,86,31,28,13,8,84,50,45,46,45,40,51,33,31,88,34,55,97,84,76,64,38,47,31,86,0,92,95,89,34,93,48,83,63
1,7,88,56,31,90,94,23,59,25,42,95,24,33,78,97,36,95,52,17,7,72,13,54,94,20,84,42,73,49,90,25,97,92,25,97,48,52,37,49,54,27,79,12,88,21,14,50,17,42,48,61,89,20,81,12,39,91,56,45,95,50,99,50,4,56,41,71,0,23,19,50,26,84,79,11,53,32,29,59,75,47,77,41,77,47,90,88,70,40,49,69,4,75,25,72,34,17,75,57
0,35,52,10,49,37,90,60,35,88,64,24,49,43,98,87,94,93,4,1,43,89,27,51,75,28,38,69,59,42,32,16,11,60,87,29,8,88,1,22,9,86,59,93,78,12,47,0,61,34,50,40,42,80,23,2,36,41,28,15,7,24,91,0,26,30,26,59,0,20,59,26,23,22,58,54,23,41,56,47,1,58,94,71,15,93,40,44,85,49,36,84,34,33,16,28,5,48,47,57
15,18,72,59,42,92,68,99,13,63,30,17,15,16,25,76,18,19,55,70,39,70,14,87,60,57,83,37,95,8,78,86,51,21,93,31,61,48,46,49,76,69,40,10,62,70,86,81,87,58,38,44,97,14,13,12,41,22,24,71,76,49,97,25,42,78,36,92,58,38,72,71,88,36,86,97,11,66,28,32,58,35,31,29,20,63,95,11,89,63,28,53,81,42,59,16,82,83,47,42
66,90,70,77,97,90,72,59,85,66,34,4,15,9,1,46,19,11,10,29,36,1,42,16,70,84,55,34,1,71,18,82,91,72,95,55,11,78,3,40,89,96,65,5,38,57,93,58,40,43,23,32,42,2,71,23,10,44,14,48,41,23,31,4,93,79,93,41,2,78,34,47,34,57,17,64,83,78,54,2,11,3,30,38,4,58,30,43,50,52,67,24,44,54,60,92,7,13,6,63
15,58,6,85,73,97,58,15,54,36,20,18,37,71,86,30,8,72,67,36,41,49,68,60,28,53,60,33,98,32,7,82,16,94,21,18,58,48,23,72,19,36,79,54,69,67,40,76,23,16,66,94,56,43,7,94,24,99,0,15,21,49,87,56,42,23,17,49,44,74,85,86,54,13,60,57,28,67,84,92,98,31,67,72,66,34,57,76,8,80,75,24,53,41,56,91,54,97,21,31
67,43,92,97,88,64,37,79,22,98,6,55,39,60,39,35,56,89,6,57,47,53,97,18,61,14,60,34,50,38,2,92,80,47,76,77,75,8,65,46,98,42,42,47,7,7,97,66,89,22,42,46,75,97,86,22,30,73,4,33,40,44,54,47,35,45,25,66,20,65,65,8,41,77,63,74,39,57,86,90,78,60,72,5,51,93,22,31,11,62,8,97,22,27,39,77,55,71,30,37
40,76,71,74,18,5,98,3,73,97,0,59,42,26,62,76,31,16,10,98,41,37,87,76,21,70,9,86,41,95,48,64,93,96,58,31,9,48,63,58,67,4,33,93,86,18,62,69,87,54,9,19,59,69,39,0,90,21,2,21,56,63,83,69,84,66,70,40,80,63,74,63,15,41,97,83,38,86,69,46,79,80,96,5,42,0,10,3,52,29,68,39,4,85,95,67,78,65,52,57
56,70,34,82,63,17,26,25,85,55,58,14,75,1,78,57,14,41,41,95,74,37,50,28,3,94,55,98,21,93,70,89,28,5,61,44,6,54,58,85,63,21,66,17,78,66,27,75,6,95,67,11,82,30,25,51,14,22,0,98,39,31,91,89,5,4,1,84,47,59,44,1,29,68,26,31,6,98,55,66,70,79,98,23,34,3,28,97,44,33,86,16,34,34,84,21,14,31,19,57
48,73,84,34,55,12,63,13,63,85,18,95,48,6,24,88,16,12,23,53,63,23,61,54,68,87,59,52,28,98,14,73,55,11,47,39,92,21,8,50,75,44,17,70,49,66,86,8,27,46,50,5,3,28,65,78,31,73,63,43,62,48,52,7,14,70,56,37,68,67,92,9,67,47,15,86,23,36,4,53,86,13,45,71,65,4,93,31,53,80,44,2,26,55,95,64,76,56,71,60
1,41,14,4,55,68,1,48,50,60,17,38,39,7,57,83,88,18,86,69,57,69,10,24,0,41,68,98,53,60,36,3,32,21,23,38,71,41,41,48,77,34,47,3,29,50,93,34,73,92,72,16,90,55,86,70,93,28,99,7,21,95,4,87,44,65,87,76,7,90,57,73,13,2,48,28,16,2,34,8,28,84,51,72,66,23,55,60,41,86,83,49,3,52,50,88,42,47,25,0
3,74,37,20,21,91,69,69,24,34,46,65,12,47,74,54,16,20,66,61,91,76,77,90,85,52,51,21,17,5,59,84,88,45,91,93,86,87,58,87,17,54,87,24,1,98,15,68,16,79,73,50,43,90,10,93,22,30,57,43,78,68,51,50,16,80,81,47,55,29,2,0,62,62,1,5,64,95,32,0,61,15,34,7,78,80,19,15,94,50,26,14,56,12,14,52,68,70,94,83
17,96,74,46,29,36,46,54,93,87,38,69,21,12,40,39,72,42,31,2,73,17,53,73,89,89,64,33,49,31,94,65,63,69,78,40,9,61,24,77,91,26,48,75,51,79,12,91,56,76,37,11,95,58,11,69,69,87,48,21,25,92,58,8,6,41,34,46,90,75,2,31,99,20,76,46,63,95,81,26,27,66,16,59,32,2,30,13,29,46,7,37,85,21,49,89,70,70,42,77
32,53,12,47,92,0,84,31,77,16,63,94,36,35,77,33,60,88,60,39,84,46,14,43,86,0,75,55,62,25,37,59,72,76,47,10,67,84,57,0,65,83,46,28,32,5,24,77,7,60,45,69,63,54,98,61,54,47,85,80,62,98,0,10,0,75,62,48,35,75,99,31,31,87,7,27,90,38,44,55,21,7,87,51,6,72,58,22,43,62,85,61,75,57,19,28,37,95,85,56
21,0,37,43,35,89,89,9,35,96,34,23,7,64,48,58,36,82,36,94,91,28,57,57,13,85,26,71,83,78,9,79,16,84,8,56,1,36,16,3,62,21,31,42,39,24,99,86,98,50,94,77,76,5,53,74,59,40,89,78,50,31,84,33,17,28,5,58,17,41,60,69,84,78,37,78,38,26,37,83,43,78,10,99,77,10,71,37,74,5,75,57,82,52,32,50,95,90,97,41
27,15,10,50,40,23,8,21,68,70,96,68,55,95,56,60,85,26,77,61,49,15,73,81,0,89,81,29,7,3,15,54,55,94,17,2,87,92,26,30,57,33,10,42,32,73,22,29,22,94,98,19,37,80,63,36,98,18,5,46,85,35,5,16,25,39,21,7,33,61,89,29,46,6,43,24,11,12,94,49,95,37,7,87,13,66,32,36,41,92,46,3,68,74,17,98,70,9,91,15
17,66,26,6,37,74,41,31,51,72,45,32,75,35,95,1,54,34,66,96,34,71,79,66,20,72,25,66,68,81,26,67,75,2,97,2,35,32,38,99,49,93,23,82,8,97,18,96,71,40,31,60,87,13,65,91,82,5,61,96,92,82,14,98,4,43,5,99,93,85,5,80,68,86,8,35,41,46,40,93,53,36,4,84,49,49,59,48,58,40,43,94,74,52,20,81,76,19,96,99
41,23,58,41,13,13,19,31,38,91,53,75,43,86,73,44,33,68,81,90,43,35,13,97,75,4,74,76,62,80,72,65,73,57,30,75,47,12,22,27,58,99,34,7,50,74,89,32,73,44,63,84,34,68,72,62,29,77,26,94,99,20,38,81,19,60,64,89,8,93,55,13,35,86,82,57,37,92,50,73,19,68,2,76,22,20,64,56,50,20,64,9,50,64,26,35,17,67,4,24
36,14,2,27,44,25,54,44,89,15,74,6,97,9,28,75,32,84,29,27,44,92,62,22,92,44,23,35,81,39,3,80,36,24,25,32,41,31,61,1,18,97,54,3,77,46,12,61,35,62,87,11,4,53,50,52,24,76,14,26,13,90,0,52,84,43,58,36,94,93,79,56,23,12,65,72,6,84,39,17,12,75,25,48,47,44,55,49,83,68,59,95,64,75,95,25,11,7,98,72
3,38,12,80,76,62,45,1,79,74,59,44,38,67,72,14,27,52,9,45,88,40,22,85,33,71,44,43,93,0,53,22,4,10,72,62,30,93,64,18,46,25,3,38,14,90,72,10,18,70,89,90,40,20,59,42,70,97,24,26,83,50,67,56,89,10,16,34,69,2,43,56,46,19,95,94,75,4,44,87,99,25,18,50,54,55,45,77,70,14,86,9,5,17,64,9,2,49,35,35
72,29,46,86,82,71,64,45,54,72,50,52,61,26,48,65,91,3,70,43,60,69,82,80,22,84,35,20,76,92,18,26,72,26,73,91,76,38,80,66,46,44,40,31,70,67,60,5,27,70,51,46,42,10,28,57,39,1,5,28,81,74,7,91,88,61,75,77,43,78,2,50,4,26,99,12,9,79,85,84,60,50,91,76,15,54,37,82,63,31,82,2,54,84,84,81,33,54,25,52
79,51,47,17,76,92,38,13,69,31,51,86,33,49,93,87,7,72,76,83,51,41,29,43,63,72,45,5,66,89,11,6,48,76,13,91,17,32,91,79,20,61,46,41,12,68,48,41,2,24,65,90,70,0,28,28,32,5,96,11,52,77,29,80,30,73,87,3,55,39,20,79,17,17,11,50,86,63,77,25,96,75,97,17,45,24,21,63,62,68,7,18,74,72,50,35,28,23,45,70
71,37,10,72,12,50,1,80,54,14,8,28,69,41,31,56,7,29,29,82,63,40,77,75,13,0,39,94,32,53,39,47,93,39,69,34,48,68,16,9,40,33,13,64,93,25,79,84,1,71,64,0,16,38,98,34,8,43,4,97,89,83,42,7,36,2,53,61,31,88,56,66,21,64,43,82,32,43,49,29,27,54,5,74,26,76,99,90,96,79,81,88,87,26,49,38,29,21,53,29
4,41,2,47,25,39,59,91,50,19,38,39,27,26,25,58,75,85,79,0,89,85,66,99,42,13,65,15,79,3,14,66,11,32,9,67,99,9,25,54,43,42,89,45,56,31,76,73,33,66,10,55,70,33,18,14,39,93,32,11,59,88,8,53,40,71,34,31,84,0,85,3,43,32,34,88,96,12,86,60,62,34,45,76,31,67,70,46,96,57,52,10,4,59,87,17,15,17,23,54
23,70,3,42,50,4,58,56,24,19,55,10,84,6,42,91,29,11,62,82,18,86,52,16,23,26,95,66,72,76,34,42,73,8,98,87,12,18,56,96,79,54,2,19,33,81,47,0,32,5,74,90,69,67,73,16,3,19,11,16,27,60,70,16,89,95,83,15,97,58,44,61,21,87,1,27,87,63,76,46,83,29,26,62,53,28,74,86,57,3,0,47,28,89,88,15,80,25,38,60
33,57,22,2,59,4,65,30,64,17,11,66,6,10,49,90,2,14,59,8,0,99,42,67,55,8,31,77,22,59,19,36,9,47,55,41,41,74,53,13,6,78,22,99,91,10,56,42,9,68,56,20,57,17,20,5,56,89,35,47,50,89,69,38,95,43,82,35,38,93,28,26,40,99,72,74,95,35,35,43,44,38,74,82,76,54,36,35,16,70,52,80,56,87,78,50,4,77,99,23
27,61,9,75,97,75,2,99,41,46,2,71,4,17,24,32,52,66,44,63,17,62,51,57,73,96,52,96,45,50,39,11,27,78,53,95,51,90,67,86,82,92,60,60,94,41,42,36,57,36,41,84,48,34,78,94,93,26,7,37,20,81,1,44,79,64,68,98,77,77,75,38,61,19,38,1,80,68,4,6,44,18,3,86,97,44,20,23,43,84,61,7,74,38,85,69,22,14,6,4
30,27,6,95,27,72,16,26,3,41,27,48,97,91,1,54,77,75,38,15,95,53,12,72,40,98,91,32,29,26,42,93,88,0,68,15,11,75,94,75,0,45,10,72,59,70,85,38,42,76,86,66,66,23,34,39,12,8,0,2,27,42,29,42,66,21,30,8,55,43,48,45,57,14,81,42,99,45,29,96,5,3,91,42,68,52,8,64,48,13,71,54,29,36,83,26,0,2,99,95
83,30,13,19,28,52,53,35,12,70,6,90,39,66,5,13,92,85,65,7,78,28,96,14,51,18,64,20,46,90,16,39,12,43,18,88,87,65,61,43,19,70,31,58,50,87,45,64,91,62,24,80,36,54,56,11,44,53,60,50,92,77,20,85,14,21,99,50,20,92,1,26,79,18,54,47,20,54,69,2,0,67,72,96,36,6,9,60,56,33,90,48,18,8,95,73,92,6,12,48
86,30,97,15,13,8,57,54,59,81,28,8,8,28,70,58,24,12,21,18,60,91,3,56,68,94,13,70,54,80,56,34,20,5,22,59,88,13,77,93,81,19,31,22,6,17,22,49,95,49,12,5,24,24,35,95,6,99,94,25,1,65,24,73,40,97,87,38,69,40,50,18,20,29,32,99,95,74,28,67,44,68,32,28,19,67,26,74,40,28,23,70,9,63,56,31,29,0,12,99
71,67,8,23,46,57,2,0,22,46,15,7,25,9,23,28,46,59,83,0,86,60,31,28,69,23,0,94,22,13,34,19,75,9,70,42,9,59,5,25,76,19,36,34,37,81,48,29,40,72,80,57,0,56,19,48,38,49,52,21,17,21,12,49,68,90,29,74,27,70,13,5,45,31,47,66,28,63,12,50,45,77,7,61,34,83,21,34,87,25,87,28,57,38,18,10,79,49,73,23
15,14,23,89,56,88,56,33,17,92,42,92,23,84,49,4,29,61,47,85,60,43,78,71,22,52,20,50,24,23,66,46,48,68,74,65,25,36,10,1,46,43,66,67,51,47,53,6,23,55,57,6,39,42,53,86,72,38,63,29,26,33,3,69,24,23,55,92,69,0,87,84,90,37,12,2,8,63,1,64,1,17,73,29,94,0,80,94,98,60,74,82,97,45,82,30,42,19,64,95
92,52,81,1,93,33,77,50,51,84,51,21,47,5,85,5,73,35,14,53,46,87,77,2,6,88,49,11,10,57,11,49,89,40,1,77,83,19,40,75,3,3,28,49,10,13,64,79,73,9,49,41,75,30,37,40,41,86,96,18,44,48,24,92,57,96,50,58,40,72,89,16,78,34,23,40,0,73,2,58,57,4,83,69,93,57,0,61,5,55,61,43,47,77,89,66,43,48,82,89
0,63,32,10,60,37,90,42,6,60,96,68,10,81,12,25,36,25,65,69,95,59,6,68,5,55,8,35,39,71,27,31,71,37,98,85,42,62,15,51,13,38,81,62,15,25,14,22,24,93,13,23,22,90,41,62,29,59,32,60,7,95,94,27,25,49,38,44,32,68,31,0,47,40,65,19,5,66,55,98,1,98,62,9,67,95,16,66,79,28,9,57,64,87,3,13,2,11,36,36
97,15,38,59,62,57,73,37,64,37,73,26,8,67,18,52,13,88,19,22,47,14,64,34,41,50,89,29,98,92,73,16,21,98,88,34,96,38,79,53,23,13,90,43,35,29,68,47,77,51,52,80,49,42,88,18,3,45,82,67,57,43,92,94,45,83,16,64,91,73,97,95,31,88,22,76,15,87,17,8,74,22,25,59,93,7,69,58,49,89,4,32,48,13,13,55,17,92,91,33
13,73,79,26,19,65,35,33,48,13,51,3,5,75,15,96,91,54,67,1,5,48,60,18,5,97,12,94,80,38,57,9,80,32,55,79,7,56,7,50,46,24,13,98,54,31,98,21,11,81,47,12,11,83,37,87,37,27,94,61,71,25,42,25,31,46,63,45,48,92,23,96,82,19,55,99,47,78,54,91,26,23,40,63,8,42,85,66,16,80,14,61,9,21,74,19,49,55,14,97
90,22,59,93,6,46,30,90,71,88,22,55,26,62,74,14,51,33,22,67,75,48,24,26,42,18,92,69,0,48,33,3,76,55,3,91,47,50,81,17,52,81,55,52,56,78,34,56,37,55,17,98,32,65,97,91,76,4,33,34,3,85,99,38,19,61,66,93,2,71,20,38,98,13,65,22,12,7,79,66,46,74,90,56,36,1,67,89,68,71,97,98,61,88,92,52,54,77,21,55
61,39,99,97,2,16,0,69,99,6,1,51,9,29,53,83,84,52,29,51,65,99,52,21,56,40,16,42,86,35,0,89,97,73,15,28,56,65,40,61,55,75,81,68,79,99,53,61,50,57,24,74,81,59,13,80,11,70,67,19,95,23,51,11,23,22,11,21,71,42,12,79,41,65,49,33,87,61,67,57,44,64,98,94,36,1,61,29,6,28,62,73,43,21,62,73,85,8,20,76
20,33,17,29,46,64,87,93,53,32,99,51,88,10,42,30,39,3,32,42,37,2,80,13,41,45,44,80,85,11,40,31,78,20,91,33,0,76,67,5,71,74,17,35,16,70,12,31,61,22,46,34,32,27,70,74,7,78,78,79,57,53,69,47,38,1,62,78,60,50,63,65,46,24,0,33,86,92,24,93,79,91,59,1,71,91,51,97,5,90,84,6,91,97,6,43,23,9,1,24
3,70,77,52,77,86,94,34,16,73,27,24,37,8,66,55,94,22,39,70,64,35,30,41,18,56,12,29,18,64,22,31,87,47,48,63,29,4,85,65,4,24,12,95,34,58,56,12,93,77,78,36,64,75,75,64,69,92,49,42,14,62,15,64,78,61,72,74,45,42,14,53,40,6,27,22,90,93,25,37,4,16,72,36,20,0,68,79,70,89,83,74,12,63,36,85,78,73,54,32
50,48,12,8,71,62,13,47,35,0,57,32,15,66,38,42,33,11,57,99,56,69,34,8,83,51,79,96,97,58,17,26,3,21,49,21,57,33,65,88,14,41,31,39,6,91,15,33,78,12,66,27,94,83,68,49,40,90,54,56,50,84,5,48,38,11,27,73,21,14,71,89,21,75,85,85,57,76,32,82,67,3,75,54,62,12,91,52,34,31,91,1,0,16,43,69,95,36,79,98
9,29,32,60,60,89,73,86,60,88,27,1,98,84,71,26,83,6,6,7,42,84,63,7,5,25,62,14,95,66,61,82,16,63,62,39,18,81,39,50,55,95,98,17,76,63,67,47,17,37,45,11,80,95,29,26,68,20,74,95,66,19,4,7,38,7,16,3,84,45,5,38,10,50,89,15,72,28,67,3,24,72,61,59,19,9,36,75,72,20,35,99,91,4,5,47,3,65,35,63
9,46,41,64,62,4,2,34,47,66,11,55,11,27,89,5,23,19,59,16,59,78,58,43,70,97,24,57,50,66,44,96,74,17,17,66,41,22,3,8,40,7,62,24,68,87,65,14,30,95,87,71,92,60,30,7,16,14,89,66,9,42,96,5,2,28,91,19,24,19,63,95,85,97,90,37,70,63,78,61,13,78,96,23,63,1,11,6,37,43,80,48,67,4,74,44,18,88,75,95
12,20,78,99,2,10,73,94,37,91,15,83,38,24,81,72,32,74,50,41,16,0,84,8,88,4,7,35,18,69,39,42,27,80,73,49,48,40,52,83,13,96,88,92,53,25,72,10,15,46,73,23,90,92,95,15,72,78,58,66,57,58,77,52,51,63,47,93,2,68,26,4,18,81,77,52,97,92,83,62,51,74,50,42,10,77,51,4,19,19,55,94,35,81,26,86,78,62,0,19
29,30,69,5,56,47,27,2,31,35,31,34,22,60,77,0,97,58,44,15,78,99,98,63,29,57,66,42,53,4,37,86,69,46,91,83,92,69,73,90,66,37,28,88,91,63,24,41,94,78,64,40,95,13,80,77,59,77,25,58,81,1,72,27,17,40,53,77,56,4,23,86,7,1,73,75,54,48,29,42,62,18,37,47,59,73,51,87,36,59,2,69,56,46,3,29,25,44,42,87
49,83,57,60,13,12,48,83,11,62,31,11,4,71,92,29,90,59,58,98,76,73,94,3,96,83,22,6,34,41,56,37,67,50,56,57,61,55,27,96,91,50,59,40,1,23,93,8,32,5,58,82,32,60,21,21,64,98,75,19,44,65,9,67,10,54,19,60,75,96,27,39,52,79,56,52,28,83,0,86,22,8,61,46,12,0,63,5,43,78,32,51,46,66,98,57,79,82,27,74
61,92,55,50,39,17,18,28,62,95,5,42,74,30,10,27,7,29,60,41,87,64,68,92,53,86,79,36,0,94,42,39,18,91,37,59,8,13,13,63,95,98,95,68,97,94,69,84,10,75,3,31,35,62,8,11,4,63,0,26,90,63,10,98,84,65,59,53,11,82,54,98,18,50,43,16,71,89,14,14,92,10,49,25,6,23,11,75,48,94,16,17,45,97,82,28,27,46,34,64
4,1,75,45,19,62,9,23,49,50,38,21,54,46,30,30,42,36,53,13,44,55,89,84,22,70,47,93,9,82,26,28,60,49,43,79,15,2,88,99,65,77,84,49,71,91,70,11,86,92,70,13,73,3,32,71,35,1,47,80,47,96,6,53,49,54,19,17,14,41,70,2,53,83,57,85,84,88,64,90,26,60,58,23,98,35,88,34,18,75,80,98,11,78,28,52,84,97,29,31
43,36,21,63,27,47,75,10,77,83,9,64,46,87,50,94,20,98,92,86,29,62,54,66,93,10,50,43,82,69,12,85,3,12,2,98,89,70,32,27,32,10,97,58,9,49,13,54,63,7,75,57,78,50,11,62,84,89,13,68,85,35,36,50,61,87,60,87,17,95,4,81,8,66,0,39,13,51,12,49,30,26,58,69,51,93,81,52,17,40,48,62,55,90,38,70,10,98,85,22
45,99,65,20,75,40,82,79,85,93,66,93,1,94,29,45,94,94,71,92,7,97,85,61,58,38,84,27,37,9,99,80,55,25,61,31,1,98,50,78,29,53,35,7,57,25,60,13,69,54,2,11,35,1,10,1,56,56,13,19,59,76,23,12,41,41,71,79,39,57,25,36,77,9,99,94,74,1,10,37,46,51,93,9,92,20,52,98,15,75,74,86,95,55,61,9,42,56,95,16
45,25,3,14,1,33,54,67,59,83,73,22,68,29,64,82,87,6,83,37,13,68,29,54,74,93,69,41,57,81,22,89,74,38,96,70,57,99,25,18,64,16,47,78,18,18,63,25,75,47,90,77,44,70,77,73,91,32,46,3,4,80,67,87,51,75,99,86,1,22,15,26,79,2,60,91,2,33,90,55,77,6,67,14,94,29,50,7,55,43,85,4,38,98,50,6,43,74,49,45
90,35,45,12,93,30,26,40,75,83,66,15,85,49,20,32,25,2,40,54,29,61,34,2,47,79,43,25,99,90,7,63,46,20,73,31,8,64,31,5,89,62,38,43,53,58,98,83,35,89,80,40,14,11,37,95,50,21,7,1,62,98,62,32,70,17,1,21,16,67,16,94,44,58,19,76,72,31,89,71,7,96,65,93,14,94,46,37,61,10,81,66,97,31,5,97,54,89,69,76
8,29,1,59,95,38,31,17,36,86,36,65,13,89,36,59,64,32,20,70,55,50,46,39,15,66,26,60,46,56,19,84,61,45,30,5,72,50,32,32,38,28,76,7,36,0,83,75,37,6,72,1,20,8,4,57,89,61,46,7,67,3,17,83,74,42,75,70,50,63,34,30,61,77,81,15,50,44,84,8,36,48,86,7,84,72,9,56,78,57,53,73,83,97,38,34,4,54,11,96
85,56,63,2,93,22,99,12,74,37,99,92,53,98,58,58,99,27,48,67,39,62,19,70,75,70,50,24,51,83,39,74,5,5,61,37,43,68,82,58,20,68,42,60,41,48,51,27,1,64,30,43,51,96,8,54,8,27,74,63,22,6,87,48,58,71,71,83,23,70,49,69,96,72,43,56,56,41,54,43,94,80,73,12,71,35,67,18,8,8,81,24,17,99,62,66,72,29,81,48
40,11,21,78,14,69,93,35,65,51,35,93,2,78,47,73,7,10,33,56,45,27,27,91,5,98,78,97,63,52,32,55,51,3,14,15,30,88,4,66,69,68,38,29,81,62,80,87,22,3,90,66,49,79,21,15,70,99,21,15,15,43,47,56,31,93,8,74,28,13,9,8,55,70,47,3,83,73,34,46,52,36,98,58,46,49,17,61,35,74,16,18,9,3,70,29,93,59,87,10
88,70,3,79,92,99,33,71,44,98,95,25,10,31,96,26,38,55,17,0,92,95,67,37,59,15,26,36,24,71,34,35,6,30,90,72,79,20,9,66,36,82,86,85,48,54,57,10,91,48,21,89,66,58,89,76,62,11,97,78,93,70,74,53,74,54,78,58,69,90,95,46,16,4,68,49,13,62,57,12,63,29,51,0,57,74,79,83,2,44,53,42,48,17,95,20,96,56,12,51
54,3,7,13,94,4,19,74,50,60,76,21,44,85,25,81,24,57,25,7,63,57,22,61,48,78,77,33,40,99,59,24,73,0,72,6,83,99,29,4,58,50,97,82,97,41,46,83,76,25,59,86,2,46,42,67,85,74,63,99,26,76,95,92,74,48,35,1,24,9,42,63,98,37,10,30,41,32,95,99,72,8,73,30,25,84,19,31,80,77,70,61,18,58,77,24,78,53,12,6
3,52,56,38,81,76,77,8,54,74,91,28,69,16,58,22,73,11,9,78,41,86,42,57,85,30,24,8,9,18,39,6,73,46,77,38,84,89,51,63,55,92,2,55,34,6,4,58,71,73,2,32,23,67,3,58,65,7,40,60,86,90,40,87,75,19,16,6,34,59,99,60,8,5,72,48,96,62,97,82,33,1,52,60,2,83,61,69,11,77,86,99,5,23,26,39,35,30,53,99
68,49,39,88,12,42,62,70,26,32,9,86,61,88,74,27,23,73,71,48,96,65,92,78,15,51,50,65,39,3,49,29,21,97,73,84,65,70,30,18,97,76,14,62,29,32,12,0,82,63,50,81,62,38,28,12,72,52,20,25,9,19,55,60,74,85,86,86,42,25,47,24,69,5,50,23,3,37,75,85,54,15,78,83,18,89,58,74,3,48,48,43,23,25,87,23,90,95,42,68
67,44,54,72,4,5,18,12,21,13,78,28,96,66,27,50,73,33,8,84,1,64,18,39,95,81,42,94,22,25,0,41,60,62,89,89,77,83,14,9,97,27,9,17,43,57,76,2,97,58,16,13,73,24,29,34,15,8,71,79,34,40,74,1,41,36,67,3,98,58,2,42,13,88,56,22,92,42,22,55,48,85,85,38,20,44,62,15,81,97,18,12,5,48,98,33,90,25,20,16
12,31,81,19,87,54,12,92,62,2,73,37,48,14,83,55,57,60,37,41,35,73,83,66,56,5,61,55,59,89,4,46,2,71,29,0,78,57,68,58,98,28,5,9,51,47,43,43,97,19,65,50,72,91,27,84,46,83,43,93,32,65,8,89,92,12,28,58,21,48,56,62,15,14,90,97,39,50,52,47,43,3,68,1,75,52,93,47,99,34,43,21,33,45,67,51,63,7,62,7
10,35,37,65,22,11,39,99,18,79,98,39,64,43,68,87,26,75,5,91,96,65,38,89,50,23,58,86,11,28,5,85,28,66,1,35,75,47,77,94,51,93,54,26,68,38,14,50,12,44,15,47,45,42,28,20,95,73,71,26,19,43,83,7,11,6,55,87,81,17,16,78,73,96,15,17,6,21,30,52,33,92,92,76,25,19,97,95,73,27,32,53,36,76,10,45,99,75,56,30
84,74,68,8,58,61,77,40,94,9,27,83,61,18,83,42,5,10,33,8,6,72,33,5,5,2,55,72,43,64,14,55,25,47,56,14,61,71,24,26,93,92,63,61,23,43,8,12,80,97,43,49,47,72,28,94,95,71,61,98,93,73,68,31,8,54,66,78,14,58,45,76,19,51,48,97,61,46,28,11,95,13,88,16,20,56,91,53,41,10,43,85,20,71,74,90,36,8,0,19
96,3,15,21,55,70,11,27,54,47,46,35,70,14,20,55,74,55,17,78,48,74,24,44,4,81,8,67,37,41,11,57,57,29,10,95,42,93,95,80,14,63,30,91,67,96,59,33,75,33,62,17,76,56,13,71,37,83,31,44,84,53,42,24,68,9,35,0,87,36,86,42,57,1,72,84,81,79,61,66,28,63,3,45,3,49,18,70,75,2,82,30,89,60,55,16,73,18,20,44
34,18,58,23,87,93,69,65,42,71,57,11,18,32,99,47,84,71,90,45,50,45,18,16,47,6,0,25,16,5,3,76,49,29,92,14,4,64,88,60,46,7,24,54,23,1,30,79,65,51,23,96,94,41,93,40,95,50,94,28,69,45,24,24,85,87,76,39,32,30,53,35,18,69,98,37,73,93,65,76,98,13,19,76,15,29,81,91,40,62,17,44,0,70,37,40,49,2,77,66
68,86,65,42,38,68,94,67,62,45,70,7,68,17,55,8,38,82,77,36,83,20,28,1,17,41,12,59,2,20,97,95,54,80,47,22,41,15,94,0,4,68,59,75,23,22,91,59,49,99,14,64,15,90,8,87,12,69,36,2,59,30,82,59,15,25,23,19,99,19,80,40,13,90,60,97,6,34,98,20,93,76,39,63,77,58,61,78,49,6,58,44,26,48,81,8,15,28,17,97
74,49,25,39,95,44,27,93,42,84,46,0,94,90,12,56,17,73,91,34,72,77,37,30,83,55,69,8,98,89,42,83,31,83,97,5,45,93,98,63,34,43,57,80,68,8,13,40,70,63,86,52,29,18,77,52,59,24,92,6,77,97,97,74,48,30,11,99,38,62,12,50,63,57,67,17,56,34,75,19,96,12,1,86,56,75,70,82,93,58,44,82,18,95,22,85,81,70,45,96
80,34,78,3,36,36,62,65,0,53,77,28,32,88,14,38,78,3,37,99,50,48,18,96,22,96,50,78,13,35,53,92,98,17,79,37,46,5,53,2,93,73,95,72,50,55,51,59,21,63,96,96,70,90,22,45,46,23,12,50,65,56,4,23,99,36,99,29,88,92,47,11,32,65,37,63,21,85,80,65,2,85,54,16,56,47,40,95,28,0,52,24,48,83,93,21,17,62,98,51
75,57,45,88,71,57,76,36,9,81,75,69,9,25,80,12,69,57,99,80,6,4,42,14,27,43,50,46,19,52,65,70,6,96,83,77,92,17,63,96,63,77,50,25,63,77,28,52,48,26,28,31,66,26,95,89,54,63,69,87,57,65,98,63,2,69,16,47,33,30,94,87,7,39,6,47,46,4,5,87,37,27,67,60,22,99,90,60,88,69,71,47,27,65,88,42,86,88,77,4
16,52,2,72,28,37,3,29,28,47,95,18,94,85,36,43,44,34,91,28,29,75,52,69,29,45,68,66,63,97,35,26,87,9,6,20,83,21,97,45,71,12,23,29,48,10,50,88,78,60,83,81,30,26,51,59,27,96,56,61,21,23,83,0,76,56,38,22,51,72,3,94,96,47,59,11,97,31,75,12,26,80,40,22,83,42,26,17,61,15,35,44,27,36,72,18,41,30,70,84
25,14,71,89,64,75,90,5,97,12,45,1,42,38,28,92,71,7,71,69,59,21,9,94,25,42,73,32,92,89,27,32,24,83,23,24,53,92,61,91,96,73,76,85,12,99,71,67,2,25,55,4,5,82,98,69,96,74,85,27,12,21,40,10,65,7,28,96,89,2,98,40,60,53,82,83,46,70,55,63,21,52,9,15,59,15,75,53,20,0,25,33,84,25,41,95,43,22,81,58
51,23,36,17,36,66,37,75,35,15,74,95,76,4,31,85,73,59,71,8,88,60,9,16,94,65,55,27,27,20,7,9,10,80,31,46,66,98,43,42,87,51,68,63,82,4,75,78,59,47,35,12,81,62,68,63,9,5,69,74,21,32,83,37,36,63,51,14,86,71,30,22,93,22,27,41,92,74,18,42,73,6,53,1,38,22,8,90,97,46,55,15,60,68,75,86,4,47,69,54
77,3,94,97,83,10,1,19,41,96,80,49,75,33,79,80,0,16,95,93,34,12,81,15,64,74,51,80,25,41,48,22,43,32,97,1,40,2,1,81,82,0,85,3,22,58,37,21,30,56,98,72,79,38,56,41,6,91,61,64,93,68,77,21,91,60,81,84,48,55,59,73,22,28,96,37,24,68,93,96,17,90,40,52,50,44,71,34,18,44,79,17,39,32,54,96,13,60,43,21
99,31,48,89,50,81,2,22,54,40,53,4,64,89,71,19,62,27,34,42,3,27,22,18,51,98,25,75,42,20,43,68,77,53,95,73,73,75,55,73,96,5,92,66,96,26,53,19,23,14,38,25,53,73,90,93,8,66,42,25,54,80,21,62,58,90,0,87,92,90,67,12,59,72,66,18,8,26,91,59,41,73,77,86,90,14,55,5,92,10,55,51,80,71,64,69,86,85,19,68
38,90,25,35,37,59,76,43,81,95,57,59,28,97,46,89,95,70,8,31,38,20,22,8,29,91,74,31,17,75,77,31,40,11,83,12,20,9,33,14,95,94,43,39,28,9,90,80,30,96,78,93,14,92,86,70,44,35,81,55,79,79,13,54,14,37,47,76,54,7,49,94,5,35,56,84,33,2,39,97,39,98,57,5,76,21,27,55,58,46,9,41,12,37,3,42,71,95,86,84
13,76,25,81,3,66,5,40,83,83,27,1,33,3,25,81,12,7,38,91,22,62,52,85,20,34,4,99,7,27,23,87,67,69,99,40,14,31,10,57,46,9,25,31,37,94,49,27,66,59,78,19,65,81,72,35,91,85,43,4,63,35,12,61,38,69,61,74,22,22,23,46,79,23,26,84,15,24,3,62,82,8,79,15,46,56,90,88,9,47,56,70,55,13,35,86,92,40,79,57
62,47,15,43,32,45,64,68,9,70,1,51,88,59,93,99,50,11,82,38,3,75,43,80,34,39,53,74,35,27,63,34,59,5,60,84,70,4,46,78,38,14,8,4,28,71,61,18,72,6,12,23,91,2,69,80,13,6,58,6,69,37,23,88,92,18,8,30,89,11,28,7,48,93,59,82,26,24,34,25,57,53,35,10,94,54,53,83,27,26,89,12,84,62,54,37,33,60,92,19
14,94,95,59,91,43,8,42,87,43,97,71,61,68,33,31,56,70,47,40,5,3,52,70,67,59,5,26,20,12,71,5,27,26,66,17,96,32,37,7,45,79,80,41,23,31,68,70,90,27,80,17,70,89,33,87,53,44,87,10,2,7,75,70,29,47,49,54,71,28,35,45,97,93,77,59,23,26,5,36,62,27,26,83,23,68,97,47,88,12,16,91,38,95,10,44,33,84,33,98
39,59,10,24,79,96,55,28,74,32,31,83,62,10,28,21,35,3,15,58,27,59,32,86,90,53,33,79,41,69,76,40,24,60,41,20,16,36,11,17,28,11,80,45,24,83,11,37,15,32,17,53,50,89,12,94,22,69,88,77,63,18,32,49,99,61,34,50,86,50,79,46,44,89,86,93,13,82,53,40,70,13,25,82,25,71,66,0,75,55,46,47,53,36,57,85,4,4,67,56
54,61,77,79,79,27,22,47,62,12,25,73,9,16,88,27,64,25,13,36,60,62,73,94,41,83,25,55,6,66,21,76,57,82,69,35,48,50,47,43,97,20,55,34,48,27,18,3,46,58,42,21,50,44,95,41,33,85,26,76,94,56,23,9,65,28,89,86,92,44,51,81,96,14,27,12,66,39,82,18,33,98,67,0,33,91,45,84,75,49,95,79,15,48,15,55,48,75,59,34
26,42,0,90,26,63,58,34,7,16,14,80,84,98,3,73,48,13,94,91,1,12,57,82,34,67,83,66,64,28,10,61,91,52,75,8,42,79,95,85,84,70,8,25,23,9,34,75,71,28,28,18,69,4,78,79,98,5,8,23,59,90,35,67,90,73,28,41,38,28,99,77,77,41,1,62,26,23,20,91,55,70,9,77,86,37,44,10,68,26,42,8,31,94,56,94,72,79,11,4
73,4,52,29,81,21,20,13,25,65,74,69,60,85,70,17,87,26,55,16,3,54,89,15,2,71,75,20,0,13,95,49,58,51,56,22,52,82,95,24,49,34,43,16,17,54,55,8,46,19,9,45,56,8,76,47,18,41,83,37,71,18,89,5,31,48,30,60,68,59,96,38,44,23,52,61,71,57,87,52,18,56,56,5,51,30,72,16,1,49,57,11,76,16,57,62,87,19,75,30
94,78,24,27,55,87,3,80,93,58,92,24,55,3,51,71,35,30,37,14,70,54,8,76,48,77,51,38,82,25,78,97,56,85,63,19,2,54,46,88,36,33,32,44,24,53,82,44,76,98,87,41,24,29,80,96,55,90,19,7,67,49,79,93,18,34,17,31,73,25,93,66,67,69,8,53,35,60,74,47,3,80,33,18,49,53,33,29,84,72,84,19,32,16,90,73,20,15,97,49
45,64,94,26,67,60,15,41,31,83,82,85,8,49,76,27,24,71,92,49,23,29,59,65,72,85,7,86,72,41,4,71,32,37,43,31,83,68,79,38,24,59,30,46,18,37,93,18,97,2,80,64,86,50,84,29,75,52,47,60,1,84,34,96,15,30,15,46,40,35,82,27,50,3,43,2,69,13,9,74,32,94,93,7,54,67,75,16,85,58,58,34,65,60,31,56,38,75,78,87
93,51,25,76,33,79,12,12,3,38,27,99,20,48,44,66,9,23,19,80,26,6,66,73,64,13,42,75,94,47,21,21,3,89,28,41,45,28,53,73,1,87,49,65,87,83,27,29,63,36,77,51,6,1,97,29,3,59,41,57,17,26,71,93,2,94,11,58,90,54,62,68,61,67,73,25,84,63,56,27,99,1,25,60,85,86,18,17,37,74,50,91,89,33,40,58,77,60,89,7
28,39,8,74,19,78,57,41,43,25,67,49,62,89,7,43,19,93,77,18,47,25,66,95,20,15,69,61,44,0,59,37,75,69,6,3,70,43,13,31,80,57,6,38,27,2,31,80,16,7,51,11,69,30,48,79,56,12,32,38,88,42,81,31,99,64,52,98,75,56,67,30,27,37,31,68,11,42,16,75,73,43,78,58,26,79,70,46,83,45,67,37,57,49,35,52,81,27,78,48
10,91,61,6,24,31,33,52,49,18,39,93,72,70,81,64,55,94,50,60,19,94,38,61,54,87,77,90,19,78,13,17,37,17,72,59,75,75,41,85,78,58,44,88,62,59,93,76,23,9,25,98,22,26,75,67,83,11,78,13,74,10,76,48,31,99,56,18,68,32,78,9,90,46,23,22,95,90,44,24,18,29,3,74,2,17,80,58,74,92,55,23,78,2,12,14,66,67,89,61
56,38,20,13,16,74,83,42,92,60,45,41,58,62,35,50,14,43,64,55,68,23,76,94,40,31,23,59,22,70,58,6,65,74,91,68,56,26,29,40,27,60,64,27,68,80,86,8,81,61,80,78,3,57,16,36,86,23,79,90,88,56,88,52,96,7,16,36,3,62,81,80,33,15,97,97,47,51,25,74,49,59,35,63,27,76,57,51,65,69,87,84,40,48,79,47,9,66,9,10
53,98,3,87,31,16,25,20,92,7,49,91,97,27,85,69,24,1,49,14,70,23,32,65,77,28,7,15,65,14,29,41,5,73,75,71,63,39,99,27,14,75,93,47,9,4,18,33,36,20,89,97,47,97,25,64,59,7,52,56,74,15,49,91,27,73,68,18,74,53,12,39,50,41,20,59,76,63,15,22,70,57,69,68,38,71,74,50,67,48,1,2,77,62,11,65,76,32,23,95
89,98,74,96,79,95,81,45,84,2,6,69,12,24,64,32,13,86,71,79,69,81,43,38,75,14,98,74,48,51,24,42,26,24,11,53,91,91,81,23,16,65,54,54,94,53,16,99,10,86,40,82,4,24,74,51,66,76,66,35,42,95,67,59,19,33,31,39,90,39,96,88,32,50,72,32,29,3,99,43,51,62,58,8,57,38,30,21,83,91,84,52,35,82,48,50,70,41,80,74
61,20,1,8,88,36,82,12,20,76,18,87,94,42,76,69,27,40,66,56,47,35,30,4,90,81,78,60,17,43,80,98,28,42,53,63,64,56,43,50,76,14,56,23,5,86,83,68,27,56,47,12,20,9,99,8,60,48,70,35,71,39,22,70,62,85,81,93,40,60,87,77,17,47,55,75,94,11,58,2,60,23,1,57,12,52,40,16,28,50,4,25,31,26,22,10,31,77,79,99
