56,23,68,66,18,92,22,72,18,55,73,63,73,28,40,14,88,28,5,75,89,87,28,92,98,79,72,18,82,47,28,2,6,30,72,4,88,59,23,41,90,57,13,89,17,31,22,7,98,39,98,65,2,20,80,39,15,95,78,43,31,99,74,3,56,29,55,4,46,63,80,79,72,51,86,62,7,41,65,9,73,87,28,35,90,17,54,89,78,69,74,93,19,56,16,27,22,63,45,13
4,42,16,58,2,98,50,38,50,14,9,12,19,72,23,17,29,22,98,73,85,6,44,84,58,94,32,79,92,4,95,32,35,10,81,72,50,34,15,81,71,38,18,61,26,75,68,42,81,51,40,43,39,41,69,99,53,73,42,1,2,85,67,97,19,68,65,75,7,78,57,10,25,57,60,42,12,75,82,31,89,16,75,11,99,30,84,91,0,4,80,55,40,81,52,95,75,52,48,41
17,74,42,54,13,10,10,89,32,32,85,28,3,12,60,17,27,62,5,28,22,25,24,28,94,21,15,91,16,98,8,36,87,27,16,48,15,35,73,65,1,19,70,32,59,85,47,53,30,65,8,5,16,70,19,52,45,12,22,77,93,74,31,83,75,36,2,86,74,30,77,35,1,51,27,8,2,45,80,96,40,53,58,35,25,57,33,35,15,31,24,28,63,44,46,6,20,41,36,57
6,37,70,85,55,25,47,76,48,33,79,53,61,37,82,70,90,92,41,82,25,69,41,5,85,19,73,66,98,3,95,64,60,78,68,76,22,20,31,27,80,69,35,92,32,54,68,13,18,69,41,75,95,30,21,76,48,41,16,65,69,29,98,53,92,14,30,85,16,88,57,34,58,61,41,41,19,98,41,25,90,34,51,0,50,91,85,72,83,37,95,5,93,8,81,21,49,13,1,43
52,6,80,69,51,45,1,52,17,9,72,10,57,68,84,36,16,83,12,86,3,78,17,56,2,35,33,99,19,39,65,62,10,38,84,83,59,77,95,41,74,33,1,31,56,67,20,31,2,50,55,18,63,97,83,92,20,42,33,64,87,36,81,98,62,82,29,77,9,9,98,93,2,89,12,33,10,27,30,5,85,45,84,59,64,3,73,13,11,62,33,24,57,0,35,55,56,49,52,54
50,89,47,6,29,86,10,32,32,64,15,26,39,35,89,74,38,18,90,53,67,55,81,63,20,87,41,85,24,16,56,44,21,8,98,82,3,14,46,51,26,61,8,15,89,25,25,22,84,15,28,77,8,75,22,84,65,21,44,17,45,13,49,60,3,96,59,60,40,37,64,47,31,44,98,82,84,94,93,72,30,6,17,2,98,40,7,8,11,69,16,34,33,87,40,53,63,59,86,48
65,1,25,64,79,67,16,33,6,55,52,64,89,99,34,6,13,94,80,6,87,29,32,44,27,39,56,17,78,63,26,11,0,53,4,25,35,52,16,15,49,75,66,62,9,53,23,71,13,12,65,7,44,87,13,75,60,0,45,49,83,14,4,83,98,54,33,75,99,21,72,24,80,22,95,41,93,98,23,12,30,74,87,71,3,68,40,31,18,35,88,84,71,73,20,58,71,90,48,45
42,35,26,5,14,9,0,42,70,5,27,38,9,13,89,45,36,89,78,24,50,67,79,52,73,40,38,86,67,45,90,0,9,86,86,68,45,27,11,84,19,65,71,91,60,72,84,94,38,72,86,43,52,36,52,26,2,39,81,53,43,26,10,0,99,87,62,95,15,77,95,8,48,84,19,32,16,12,2,42,89,30,74,78,52,99,99,97,6,10,74,34,65,21,68,61,65,4,0,4
94,34,97,82,31,68,39,98,97,60,81,64,90,7,52,23,22,75,26,23,52,25,89,58,46,30,9,82,98,5,41,13,9,58,23,14,41,82,58,96,40,52,88,77,93,38,26,69,47,21,87,25,68,63,82,99,23,62,60,52,71,56,77,17,72,98,60,63,53,6,62,38,75,49,96,17,69,25,80,44,13,24,77,98,11,82,89,91,82,21,13,30,63,56,4,45,74,81,68,30
81,56,21,52,20,58,31,39,54,59,72,37,97,36,97,59,85,64,77,4,96,70,28,81,3,88,9,3,9,48,72,2,45,0,75,26,29,95,39,44,45,31,40,6,47,86,62,20,1,95,75,60,66,61,30,41,54,10,82,28,12,34,75,32,26,50,34,97,96,13,64,20,62,39,42,1,44,57,44,8,32,37,31,2,66,99,6,58,93,8,1,89,51,83,13,76,71,86,72,51
71,48,80,78,68,9,51,92,10,66,31,93,49,99,97,86,74,95,68,47,84,36,26,53,18,8,98,1,25,64,26,90,88,95,25,87,4,42,78,69,95,0,19,16,21,5,29,13,97,9,57,96,22,68,43,24,13,40,39,4,96,63,52,5,81,10,50,98,33,10,14,3,17,47,5,84,27,95,22,5,58,18,51,51,47,49,54,30,0,24,95,69,83,97,2,32,44,21,88,49
0,74,34,79,38,96,76,3,44,45,73,80,7,82,48,38,36,95,56,63,39,3,18,67,66,28,55,75,3,81,34,77,32,12,23,87,12,22,97,45,51,95,58,21,86,79,12,74,9,90,89,20,42,93,37,99,34,45,69,67,44,22,96,65,42,60,77,29,1,54,50,80,89,61,36,84,1,99,9,26,69,98,13,91,69,51,58,77,43,96,90,54,58,99,58,11,41,76,15,95
7,3,61,10,5,58,45,29,19,42,77,75,16,50,88,70,80,84,72,12,96,73,74,34,21,0,60,76,62,99,63,51,4,97,78,67,52,4,95,12,24,31,59,9,24,72,49,88,35,97,24,29,58,8,83,2,68,82,47,0,45,84,7,44,6,73,99,49,61,65,63,97,19,46,80,63,54,67,9,73,50,45,84,84,12,81,67,10,37,24,74,38,89,61,60,14,79,59,98,34
77,19,41,57,14,40,39,86,24,86,48,57,54,4,95,28,19,24,44,78,99,62,90,91,54,24,65,38,82,25,82,26,68,80,80,71,20,0,36,46,86,26,13,77,93,55,5,50,82,97,59,22,82,33,29,34,85,75,44,18,7,81,75,90,97,1,46,15,77,91,79,30,24,52,90,39,88,50,42,34,82,4,35,83,58,56,21,44,46,92,79,56,5,87,22,42,12,42,45,9
45,76,17,23,80,38,5,21,59,19,11,31,38,32,59,71,79,36,62,29,0,96,7,22,54,46,2,54,51,59,98,45,20,83,45,21,21,93,63,54,71,72,31,6,99,34,6,16,49,16,10,52,23,59,48,58,57,34,83,13,23,64,64,31,10,9,51,47,85,61,8,18,10,41,63,54,32,39,57,69,4,44,43,63,13,21,26,27,90,96,34,76,94,97,1,8,99,89,83,82
8,42,79,33,41,9,61,21,58,33,44,34,8,25,76,15,15,98,28,46,89,91,22,87,56,86,7,30,15,80,38,1,71,0,85,64,41,92,67,61,1,41,90,83,61,11,49,11,59,26,35,13,6,87,11,61,40,54,23,39,78,5,91,90,13,26,66,5,44,7,88,46,43,39,33,97,39,68,39,53,9,80,3,30,45,69,13,99,79,63,73,82,16,44,54,91,83,10,34,50
44,69,1,5,27,23,95,54,34,66,25,82,16,58,32,99,90,93,81,80,52,63,20,19,53,14,44,44,1,99,53,82,39,3,5,78,67,53,29,44,6,73,19,45,93,70,94,78,61,45,37,5,28,84,62,91,5,74,52,26,58,16,38,44,27,28,44,29,72,81,55,14,87,96,30,31,92,54,76,62,82,16,32,78,54,64,25,20,80,21,26,45,63,86,91,35,74,48,78,45
5,55,40,56,5,83,64,72,47,44,11,12,57,63,11,79,75,84,18,72,47,22,42,5,55,94,78,32,42,68,28,87,18,78,70,74,93,51,79,35,81,49,55,18,74,36,8,43,55,84,28,93,80,33,45,85,38,62,15,48,74,15,56,18,37,8,35,76,85,83,63,33,64,17,95,65,5,54,10,55,93,44,25,21,80,91,66,74,94,15,64,64,21,97,45,99,79,35,83,75
98,48,62,98,40,80,25,18,38,90,53,42,73,32,51,59,95,15,85,63,68,57,35,23,85,51,32,94,18,8,92,34,84,1,58,49,22,90,87,16,57,55,26,9,60,24,27,80,90,66,3,70,15,96,81,81,93,85,67,7,10,16,33,44,80,54,63,23,70,55,42,51,55,38,0,68,90,99,53,2,7,11,46,44,52,11,26,58,40,6,69,25,55,69,77,39,80,52,31,24
75,43,38,23,82,98,99,23,2,43,1,71,79,10,61,16,38,80,78,86,36,54,90,88,91,16,37,78,50,58,92,63,53,93,26,64,51,23,3,57,8,30,22,37,27,8,17,88,26,10,48,17,80,9,99,22,77,81,33,90,60,68,89,9,1,55,68,19,15,66,21,86,13,74,93,86,65,77,68,41,47,4,93,84,72,56,19,41,27,92,32,17,67,91,94,70,67,67,78,46
80,14,40,56,21,97,18,45,91,35,97,6,95,3,1,53,40,27,74,70,5,32,23,85,80,63,76,97,18,83,37,83,27,96,84,49,31,16,25,6,79,72,88,96,74,52,32,42,0,49,40,84,36,35,83,52,82,67,2,7,99,17,8,21,13,95,22,54,92,51,25,46,15,68,41,51,77,37,74,86,96,66,74,8,47,99,89,56,20,47,36,3,9,50,45,8,0,67,53,30
75,6,4,15,82,50,33,42,68,59,50,49,52,78,31,6,91,50,48,32,60,23,66,79,85,14,86,52,94,69,21,38,61,65,80,15,23,34,51,47,70,74,85,56,76,46,51,61,40,70,35,65,72,4,45,41,58,5,64,98,61,28,94,62,53,60,49,81,40,97,52,59,43,22,67,97,12,50,55,42,29,17,53,89,58,90,88,69,49,55,35,12,79,81,13,1,96,59,45,89
32,94,58,61,68,59,40,78,92,89,53,89,15,81,99,50,9,40,51,32,53,24,15,52,90,51,73,64,21,21,34,3,26,50,23,95,21,45,71,21,96,27,4,53,9,55,89,74,36,62,67,98,59,48,59,17,36,51,18,11,61,76,66,51,36,39,78,53,1,75,6,68,12,13,41,11,11,11,10,99,5,85,38,95,51,54,32,47,32,4,61,13,68,70,83,25,61,60,12,45
13,71,51,50,92,70,58,15,55,41,64,8,31,36,67,30,4,84,74,66,29,14,72,3,61,29,65,6,85,31,23,85,84,15,91,28,68,94,50,72,86,37,49,77,78,59,31,40,50,92,9,98,21,5,50,49,92,99,38,49,31,80,50,93,35,93,37,28,16,26,13,35,35,2,22,87,14,3,88,60,62,47,48,48,39,83,96,18,74,97,20,50,93,71,30,71,17,27,51,88
17,37,63,32,39,2,66,72,83,11,85,27,32,98,41,50,75,85,36,59,23,43,32,73,26,57,52,57,63,22,7,90,29,32,53,22,85,75,71,10,81,72,46,45,15,55,10,70,64,61,89,75,74,49,94,66,78,82,53,31,72,6,86,20,5,14,10,74,43,7,23,91,31,53,71,38,3,95,39,35,40,22,71,20,67,87,82,81,17,48,80,51,17,19,43,53,18,76,67,59
57,8,71,69,35,34,37,13,86,54,10,73,82,29,74,83,40,21,31,71,3,46,58,70,70,61,68,61,18,53,18,11,48,43,35,43,64,12,39,62,77,16,9,20,10,57,59,95,46,67,39,58,64,33,42,7,53,36,67,17,34,85,85,55,15,89,47,90,67,7,82,27,19,80,14,89,8,39,17,30,44,8,64,32,96,47,44,36,25,40,77,43,19,61,27,62,43,64,34,4
86,13,84,42,29,32,83,50,0,30,76,13,39,50,42,4,39,0,56,22,68,72,26,81,55,60,25,54,16,97,45,99,86,20,59,8,14,31,84,41,94,18,97,88,54,71,83,42,13,2,19,41,66,66,94,94,12,86,18,44,33,40,96,65,23,44,14,28,47,56,71,73,90,0,63,86,70,16,65,75,91,92,99,92,61,96,48,30,44,32,6,96,82,36,75,92,41,44,94,79
11,40,42,14,60,39,42,8,78,50,65,17,75,75,35,88,50,83,61,45,65,58,53,25,69,51,69,39,72,8,14,5,31,16,22,40,72,59,7,5,96,63,35,18,50,69,44,88,63,28,57,63,86,30,60,56,43,60,88,26,32,5,98,21,54,90,39,88,58,57,36,10,52,92,79,76,64,22,44,70,48,29,52,5,50,83,86,24,46,86,74,26,90,22,82,24,2,71,53,32
14,97,99,95,7,57,44,37,17,73,66,27,88,23,2,5,23,50,35,94,46,50,92,65,40,20,35,82,63,11,27,26,92,45,32,60,8,6,36,40,86,42,66,18,48,98,58,45,36,53,15,58,82,85,17,93,75,46,4,46,82,66,82,65,37,16,17,36,92,10,61,14,93,65,64,49,27,90,89,20,68,64,71,99,23,45,11,41,28,48,1,53,11,56,62,41,3,59,68,11
35,47,52,21,88,96,5,77,10,38,35,38,1,73,26,14,68,75,16,65,65,95,38,11,29,16,27,42,11,24,92,31,76,24,56,35,49,20,52,29,64,0,96,39,10,54,32,19,66,99,69,25,40,58,0,15,68,32,57,0,57,3,18,30,20,52,51,90,49,75,2,31,42,95,7,35,11,43,74,58,73,45,74,37,3,97,2,42,94,47,23,51,94,42,57,5,86,25,91,44
13,36,93,88,63,74,29,51,60,43,3,90,27,45,30,74,71,89,48,92,12,48,46,72,12,8,29,55,38,61,85,64,67,0,75,47,80,75,94,18,0,51,43,39,83,39,91,34,57,46,27,44,24,96,42,74,9,6,58,61,81,33,72,42,37,2,68,6,53,76,6,11,25,69,2,27,23,22,7,11,3,51,38,55,98,80,71,61,35,38,44,91,71,5,10,79,81,66,42,34
97,22,97,48,70,88,1,36,19,20,15,88,71,16,29,97,1,26,80,13,59,0,64,92,95,37,61,21,45,37,87,70,28,17,94,97,79,73,51,91,96,7,66,57,96,13,56,13,38,83,27,66,82,35,77,53,66,69,54,2,80,11,94,59,99,53,86,60,52,74,96,67,58,37,74,94,45,88,92,8,16,59,14,80,74,91,64,62,87,21,97,29,29,82,79,73,82,70,9,42
17,59,13,97,4,28,21,92,88,26,24,93,96,30,53,0,41,88,43,78,31,5,86,46,98,93,31,27,60,12,19,60,30,39,29,17,18,5,48,1,16,5,48,37,82,56,98,97,14,31,44,98,50,20,0,29,26,57,37,18,62,59,39,85,47,50,84,58,6,64,19,39,28,32,97,52,44,12,75,19,52,28,67,94,19,60,76,90,52,28,77,74,95,26,55,21,29,12,18,85
17,9,85,37,22,16,50,38,89,40,62,6,73,70,54,41,94,83,6,5,26,37,71,2,27,47,13,56,70,83,8,70,21,88,88,23,45,64,67,30,39,42,12,22,68,57,91,12,48,71,98,23,11,93,28,75,20,84,41,94,7,0,17,16,22,1,94,37,45,96,72,89,34,80,72,47,64,82,25,71,92,86,36,31,91,83,39,49,51,47,49,55,44,33,1,72,47,40,68,75
94,89,54,42,43,80,37,49,83,16,4,73,12,69,91,48,10,44,93,63,55,22,15,20,73,93,84,89,77,72,81,82,56,82,52,18,14,7,54,97,12,51,49,75,21,80,28,49,76,87,20,2,33,34,53,28,47,77,27,21,40,87,23,8,18,20,26,53,26,13,24,10,91,48,79,49,77,95,59,91,89,84,18,54,48,27,57,30,8,60,77,18,98,43,28,63,82,10,77,11
12,70,39,12,87,75,26,46,28,30,16,75,29,76,10,50,30,81,83,52,9,62,55,16,6,38,53,2,59,44,3,43,23,6,18,55,86,30,67,27,9,29,50,30,84,14,9,47,11,44,61,82,99,88,63,16,10,6,42,41,29,71,43,6,75,65,43,3,95,75,69,87,69,79,42,50,82,47,41,41,92,0,81,50,52,22,59,2,58,12,79,4,48,3,22,15,98,63,72,81
30,22,20,92,7,34,20,33,47,30,76,23,65,5,20,74,94,50,26,18,67,72,19,24,73,82,70,79,37,28,10,99,31,26,72,23,36,25,60,58,79,83,94,70,29,2,6,40,43,83,5,67,37,90,23,39,90,43,5,78,31,39,77,27,38,71,10,71,47,11,6,13,6,31,73,21,8,13,31,6,49,22,47,74,75,6,63,19,52,63,82,63,97,86,4,44,83,38,92,86
13,97,69,71,96,65,75,86,15,8,46,83,70,9,16,22,33,4,31,83,75,80,54,31,14,87,85,98,30,82,17,93,89,12,50,94,57,62,31,11,26,97,88,43,20,71,0,49,28,3,22,83,87,81,3,14,36,75,22,37,71,64,50,52,48,66,45,76,37,17,30,96,76,42,29,58,61,17,88,72,40,53,66,47,96,71,88,67,51,95,12,45,30,43,37,22,57,72,54,27
13,86,14,42,37,16,69,21,87,2,3,30,52,33,89,31,55,57,5,95,16,65,22,55,27,59,77,47,17,94,48,53,83,86,81,93,19,11,48,74,81,63,89,25,53,42,64,80,86,56,15,42,34,50,78,66,87,81,30,77,64,4,28,41,0,52,31,49,35,43,5,95,50,15,26,62,30,93,58,36,22,83,85,23,14,54,62,77,60,4,89,14,81,17,86,32,9,21,18,41
4,72,53,83,88,74,83,84,40,2,1,29,48,46,99,51,72,60,47,98,11,9,65,43,56,99,70,92,0,48,64,14,55,98,44,86,54,33,39,32,62,94,55,2,98,46,85,78,59,62,41,60,40,3,66,91,70,77,88,31,10,70,16,75,43,44,10,56,0,63,18,78,69,7,69,63,21,46,0,15,87,83,87,52,24,50,84,23,83,94,35,23,64,85,58,5,90,96,94,78
97,33,81,18,56,22,63,81,98,31,95,23,82,14,67,8,73,71,4,55,62,63,92,2,48,40,35,20,40,92,53,78,19,34,23,91,8,26,68,54,55,24,75,38,73,81,31,34,4,69,81,67,56,53,47,91,20,32,70,63,22,62,55,6,25,90,80,5,37,49,82,80,14,73,50,95,26,50,36,69,34,5,59,74,52,34,0,86,2,64,35,99,79,20,80,53,83,66,8,2
70,58,71,33,25,91,82,67,57,22,65,40,69,66,87,0,38,59,91,68,88,21,39,64,36,55,48,83,25,1,56,12,43,88,24,3,62,73,2,86,29,73,8,66,71,8,28,71,96,88,91,35,80,89,41,38,77,27,74,12,63,56,3,51,41,69,20,97,40,20,7,23,95,60,67,20,46,32,66,33,96,17,89,21,36,63,57,28,13,8,11,92,97,38,13,25,12,59,53,36
70,23,99,67,58,53,67,83,76,29,69,10,66,94,41,1,51,72,23,54,52,78,67,48,35,19,83,4,7,39,29,34,42,30,56,45,51,12,64,36,83,72,90,52,43,75,38,50,32,71,12,62,11,21,62,58,9,0,20,8,10,70,61,5,47,14,74,3,10,43,29,25,45,60,12,85,58,39,70,67,33,33,51,74,50,29,7,4,3,9,12,83,42,82,5,7,76,86,47,82
17,57,4,0,40,29,99,17,24,92,95,1,73,5,40,39,4,34,19,9,53,0,67,7,39,68,68,86,7,23,57,37,71,1,15,64,90,0,96,18,72,4,94,21,52,79,91,52,38,75,27,81,99,39,10,12,72,20,68,61,23,68,75,18,30,45,27,73,26,92,58,26,47,1,43,4,61,68,89,18,19,38,84,16,82,30,36,28,38,93,79,96,60,97,37,86,54,39,92,28
67,86,1,85,5,13,77,21,50,91,41,61,60,9,93,47,36,84,25,81,88,69,10,68,94,27,84,44,40,73,25,7,15,41,81,21,25,89,54,79,66,76,95,0,52,77,84,40,14,81,69,31,19,7,17,83,4,73,99,2,24,69,67,32,61,70,27,39,47,89,20,17,69,64,0,40,48,34,51,65,20,74,61,8,26,94,23,19,80,48,50,53,81,12,30,30,57,68,26,54
80,85,75,60,11,83,75,68,95,36,91,41,79,30,24,25,94,60,97,18,45,23,6,40,60,22,54,81,95,83,90,4,56,45,93,17,88,71,24,14,58,99,51,48,85,17,31,69,63,23,47,94,31,71,94,85,4,59,95,13,70,12,39,50,82,77,77,49,68,71,19,76,13,63,34,46,79,84,12,86,80,44,81,34,70,14,62,97,5,23,52,78,84,34,18,32,27,92,86,30
27,28,25,54,55,40,11,39,86,79,69,53,69,71,71,27,30,27,70,99,5,42,66,76,28,5,70,45,62,4,1,26,73,52,21,2,44,82,39,44,4,48,73,74,55,9,40,87,31,19,27,48,9,87,21,8,22,2,87,10,32,20,30,92,18,35,99,25,17,84,74,51,47,13,45,64,81,83,49,52,38,37,64,0,64,48,33,89,78,76,46,42,72,23,40,40,94,31,92,18
18,96,20,18,85,90,60,88,45,68,18,60,49,50,1,22,51,67,94,71,12,8,42,99,75,70,13,95,73,11,11,83,62,28,44,76,36,34,6,85,76,27,79,81,1,32,10,23,29,50,35,90,44,17,15,58,88,9,67,31,16,40,4,81,65,22,91,21,18,21,63,48,92,92,28,10,78,54,60,7,0,71,25,74,78,76,90,22,8,53,23,38,85,64,31,36,8,4,65,90
93,12,20,21,69,18,0,51,72,13,54,45,28,59,20,67,35,24,37,9,31,48,24,46,33,15,41,59,11,11,94,89,8,10,28,24,18,43,44,45,24,64,65,90,26,90,84,62,17,93,62,20,60,39,4,81,68,56,1,67,37,87,89,92,14,20,87,88,68,41,88,58,36,96,55,90,41,84,36,57,9,32,57,38,51,69,45,38,19,63,71,43,71,72,20,21,1,29,65,6
86,98,16,40,85,68,82,4,22,37,69,26,83,32,32,12,65,44,60,22,92,89,52,24,28,46,25,86,68,9,59,17,37,84,27,26,8,64,61,65,77,45,19,96,15,74,69,66,78,59,5,15,88,17,11,26,13,61,13,38,14,29,32,86,60,48,38,48,11,89,5,89,1,4,30,51,78,49,43,36,33,13,91,19,92,43,88,69,37,4,83,49,9,28,32,29,36,50,97,26
39,70,4,43,19,17,6,39,34,9,67,1,74,72,20,52,86,12,75,68,25,25,33,84,44,75,68,73,64,6,84,36,45,84,5,56,82,74,14,61,48,19,8,29,46,18,78,92,72,99,81,36,73,39,45,77,51,25,87,19,53,8,46,67,31,18,33,24,34,25,35,48,77,94,34,62,57,61,34,70,84,33,21,48,7,21,16,2,62,2,57,95,58,28,13,65,71,88,85,78
72,48,45,35,99,63,13,34,2,15,80,38,0,49,83,61,86,56,94,78,21,91,94,45,72,85,15,96,27,95,90,43,44,97,52,24,75,77,61,14,34,65,27,77,90,16,20,67,12,84,71,69,56,59,87,28,23,85,21,15,37,38,91,87,29,41,67,78,74,16,87,25,96,23,52,89,76,28,38,69,73,58,46,3,99,83,51,36,78,42,38,50,44,22,77,97,4,44,83,26
50,65,74,64,45,29,87,60,69,48,31,16,58,24,16,36,98,94,30,87,9,30,20,81,7,58,51,74,52,78,84,70,45,71,35,75,20,7,24,97,64,17,27,64,47,55,61,13,49,96,5,71,97,79,37,40,88,66,93,93,46,35,2,31,57,35,68,77,30,52,43,67,27,18,88,12,59,14,93,96,64,38,31,76,2,78,70,20,30,39,11,68,86,15,77,94,60,72,75,55
82,26,31,41,29,4,56,53,11,51,7,27,95,67,4,92,35,51,51,32,16,68,33,44,43,58,44,22,1,15,56,93,41,80,54,68,13,37,59,83,98,17,40,9,18,92,16,1,93,58,80,28,60,62,44,16,81,15,80,27,7,82,9,30,39,93,74,69,85,88,63,65,53,43,36,22,57,60,4,71,83,95,96,92,25,20,3,82,17,60,85,77,52,84,36,11,79,38,23,1
20,98,98,28,79,39,19,70,16,4,59,44,14,62,64,16,43,46,67,39,70,35,63,92,95,6,76,40,25,52,75,35,78,86,47,40,49,59,73,46,12,2,97,2,89,67,80,60,38,69,86,94,85,85,93,29,27,22,13,48,38,45,16,22,15,41,86,84,90,92,21,24,11,73,50,53,49,69,72,0,17,96,14,21,58,87,89,59,90,36,48,64,10,10,11,16,91,58,92,69
79,47,20,98,62,46,43,78,81,90,35,57,14,84,87,5,40,55,73,29,43,43,96,35,72,23,40,73,65,33,16,11,75,78,66,19,81,0,3,1,74,76,66,58,32,36,95,53,72,46,14,85,18,91,13,19,64,40,51,19,51,31,66,25,59,38,27,79,5,24,63,22,71,24,10,35,67,21,72,35,69,4,43,90,63,53,32,2,0,81,95,52,48,47,86,80,18,3,31,74
64,76,41,32,5,3,76,0,15,13,85,0,24,29,26,41,26,88,88,64,41,81,49,86,32,6,85,16,77,8,57,28,92,87,7,76,52,95,67,17,0,63,94,59,16,4,65,68,26,20,85,54,9,2,77,7,92,79,78,76,88,51,82,18,55,46,28,2,15,85,57,43,58,72,96,53,85,91,69,73,65,66,83,64,4,26,67,62,6,6,25,89,2,67,90,3,14,92,17,17
62,17,56,64,38,71,2,90,65,33,34,18,78,66,3,74,37,7,47,91,15,96,23,79,55,31,72,90,66,78,89,14,2,99,62,58,82,33,12,93,30,73,3,45,21,71,44,75,41,47,52,78,91,60,59,21,44,41,14,45,37,3,72,72,31,67,43,44,99,48,83,63,92,96,37,81,11,37,54,36,84,7,11,20,50,31,49,80,57,67,98,43,1,3,98,64,28,4,77,70
77,31,77,56,80,19,12,94,74,12,81,28,21,52,64,56,24,20,53,31,93,42,53,85,69,15,76,50,58,80,98,20,4,51,17,96,57,44,72,41,79,93,86,16,36,0,31,49,98,59,76,31,93,62,23,17,48,58,45,62,20,25,71,78,49,27,56,14,20,0,25,88,6,20,88,88,78,80,91,49,78,73,77,8,52,23,79,85,56,73,25,39,71,37,56,1,58,44,75,98
88,63,74,89,63,91,79,96,46,99,58,67,29,53,36,54,7,25,7,24,68,46,36,1,30,18,9,43,92,17,91,34,26,13,9,99,82,73,56,67,49,95,50,32,71,36,18,44,93,20,69,9,87,72,23,14,1,45,77,50,48,34,12,0,6,54,16,18,11,55,30,46,83,47,71,50,13,53,97,51,67,8,62,98,55,65,85,52,58,82,17,61,48,24,92,68,51,77,15,94
39,35,5,60,23,10,75,66,41,41,72,86,24,37,45,99,15,5,22,0,7,49,77,8,93,90,77,43,22,20,8,95,72,32,81,38,85,74,52,65,97,91,4,42,69,6,52,54,23,84,43,57,92,54,77,88,64,81,26,97,78,2,93,86,83,15,31,80,59,81,48,62,47,95,35,3,21,13,45,69,27,83,19,16,66,85,73,83,23,64,91,30,91,58,19,93,13,35,82,77
90,33,85,57,57,21,80,57,85,64,73,54,26,98,62,53,4,94,68,95,64,91,73,45,31,61,18,98,8,65,6,10,12,84,47,70,57,63,59,95,12,72,0,7,98,8,8,55,87,61,87,42,1,27,87,47,87,72,58,88,38,32,40,75,9,43,52,34,5,42,40,33,7,14,77,3,18,81,6,87,67,93,78,54,96,95,41,84,45,41,18,31,21,65,59,83,28,66,22,19
83,36,80,97,90,84,74,38,90,74,67,5,71,0,57,34,20,20,39,83,77,89,16,7,67,98,55,7,78,89,18,19,61,92,22,1,4,99,25,33,10,18,79,65,71,4,31,27,80,1,46,45,75,36,82,61,30,62,44,43,34,4,60,80,90,83,95,18,22,67,19,10,14,9,27,14,48,34,25,99,10,62,9,26,77,2,73,7,84,98,51,66,17,90,8,68,41,88,17,43
99,84,99,19,38,28,70,92,18,58,71,71,61,76,60,33,22,19,24,79,99,64,99,53,71,85,29,35,0,12,58,61,79,41,83,22,71,2,32,65,12,77,21,16,4,86,80,7,96,6,65,52,45,56,84,44,95,36,44,39,98,6,37,4,51,4,65,57,11,20,1,98,15,25,7,61,41,1,63,15,7,65,50,66,56,13,83,38,1,26,29,57,39,90,43,87,87,3,46,91
83,25,38,82,90,86,72,50,23,4,76,30,64,18,64,1,50,55,99,56,74,64,68,86,82,45,59,39,58,60,62,89,47,5,98,51,90,58,21,63,22,43,8,68,55,95,98,9,26,99,68,6,65,47,4,57,5,70,13,12,17,41,61,13,59,77,97,34,94,72,18,52,70,79,89,33,63,42,30,27,20,44,6,99,43,85,95,17,19,81,21,85,59,36,2,53,43,9,63,59
15,76,7,26,46,31,50,84,68,80,94,41,67,6,2,76,24,3,67,48,44,47,47,99,57,3,46,35,52,35,77,97,60,29,91,0,80,20,7,90,23,1,3,25,97,6,67,49,43,73,61,46,40,4,0,38,63,7,69,45,44,13,78,5,90,37,36,97,11,1,0,42,88,1,53,42,73,11,13,73,29,87,44,57,91,59,96,77,95,24,11,54,92,75,79,99,92,14,8,71
99,15,18,57,22,96,32,52,55,90,52,53,65,25,54,75,77,92,17,97,84,10,51,90,29,8,94,78,99,85,15,73,52,53,16,43,50,82,11,3,83,50,65,28,44,34,69,14,30,63,33,57,56,72,79,70,37,48,25,51,19,66,19,96,6,11,71,91,15,47,51,64,13,8,47,44,9,28,86,88,22,85,55,75,83,48,69,76,62,40,55,85,15,17,99,50,17,58,29,54
18,83,64,97,69,87,74,95,93,1,1,40,49,62,75,29,58,9,78,94,10,67,49,18,99,46,38,25,9,73,96,76,6,81,74,24,71,87,83,5,59,27,45,50,55,81,78,59,89,50,73,51,51,94,74,99,24,85,9,43,79,8,19,73,68,39,12,24,59,1,89,83,56,0,4,18,72,10,74,50,75,1,44,39,31,71,18,31,74,42,51,86,57,84,51,12,51,7,4,77
5,40,16,69,55,37,48,65,73,69,30,46,56,56,53,30,24,73,25,52,72,97,70,61,36,88,63,41,88,42,20,51,57,1,93,47,37,98,74,98,4,7,3,67,22,52,41,96,44,82,88,67,86,73,84,92,0,25,3,18,66,21,41,71,79,2,86,0,57,28,70,12,86,28,79,88,14,85,60,73,9,2,98,7,98,0,58,12,53,50,31,37,94,14,50,35,39,70,49,89
36,24,55,97,79,91,17,86,90,0,29,50,54,37,11,50,5,32,32,71,28,16,60,2,88,50,29,61,61,71,82,17,38,9,6,80,32,64,37,40,10,58,86,22,90,32,11,25,62,42,14,91,31,62,17,11,3,93,44,92,93,57,83,25,2,46,91,74,31,96,27,4,5,74,61,41,35,31,55,7,34,7,43,91,59,52,78,78,59,90,84,12,4,64,6,57,64,91,46,69
93,34,84,83,64,39,23,83,16,12,46,62,56,97,12,15,69,7,3,7,77,35,25,85,56,5,50,20,17,3,11,62,63,18,31,72,42,57,31,40,49,70,44,83,93,93,93,71,3,82,5,68,81,83,58,11,94,88,68,19,69,92,1,54,35,21,61,9,48,75,3,0,65,30,78,65,52,87,98,31,75,10,67,23,14,41,53,30,55,56,43,74,31,60,5,64,47,14,60,43
2,19,53,44,74,30,3,29,63,7,75,80,19,14,85,96,8,15,8,63,61,69,39,57,16,84,3,16,97,74,62,57,19,75,86,22,47,6,91,35,90,84,39,88,85,2,76,0,21,23,60,1,33,7,36,27,19,9,47,10,23,24,83,56,59,69,14,24,44,0,62,42,38,4,51,77,7,71,3,7,78,22,72,24,96,3,58,40,36,17,4,31,11,61,65,20,15,67,88,93
89,99,85,7,3,70,75,58,59,40,62,69,38,48,78,60,24,53,14,78,37,53,32,77,67,60,34,16,10,46,90,1,6,12,87,78,0,29,27,23,95,22,29,93,90,66,16,53,83,8,15,75,19,89,9,14,65,81,45,70,22,98,78,37,51,41,64,34,77,50,58,36,73,32,45,8,17,94,47,43,39,52,2,11,65,85,72,76,63,93,90,99,40,51,33,63,40,98,13,16
43,10,29,57,52,6,89,86,96,68,87,51,94,42,77,0,81,48,96,37,92,43,18,26,34,77,78,77,49,58,17,96,98,43,72,95,39,25,85,62,86,58,68,60,14,45,6,88,79,36,31,45,3,63,24,13,8,19,87,14,34,57,36,93,69,26,91,37,0,4,70,5,13,55,41,21,49,37,1,63,72,39,23,70,14,6,44,8,5,43,6,6,91,28,74,96,49,63,42,42
26,72,27,30,57,98,35,60,86,55,20,55,23,87,65,53,84,64,51,17,26,72,28,17,80,82,80,1,93,78,64,76,1,68,32,26,35,65,6,25,40,46,41,10,25,26,21,91,5,31,43,46,78,85,37,23,26,31,81,63,17,99,86,67,93,96,73,61,99,58,70,6,53,27,51,56,98,50,54,27,73,53,10,15,30,11,89,72,71,4,61,87,7,33,80,65,93,81,31,59
80,75,42,80,56,45,70,79,93,17,25,68,60,98,68,30,13,79,15,73,56,88,12,13,25,14,94,15,51,66,69,11,26,30,67,56,33,1,91,13,70,36,63,32,37,21,91,53,28,3,72,45,81,44,31,32,71,77,83,38,54,12,3,38,66,84,42,41,27,5,29,62,54,63,57,3,30,22,97,8,94,44,4,15,3,27,81,17,62,37,65,9,66,42,82,11,56,13,20,75
92,72,20,15,81,74,86,67,38,30,85,29,44,94,59,89,84,78,19,28,93,71,22,16,71,37,20,19,31,5,92,70,99,75,13,76,94,52,60,18,73,12,84,78,77,45,12,91,2,40,75,64,85,60,95,55,85,80,72,14,16,52,24,86,32,53,59,33,78,3,1,74,27,49,88,71,50,65,45,27,51,69,43,70,97,86,51,2,64,35,91,51,50,30,66,88,31,23,98,53
80,38,71,41,52,8,71,29,31,25,28,54,0,42,34,73,34,90,52,77,28,3,43,75,22,14,36,54,52,95,90,69,49,12,23,58,69,81,77,20,79,83,70,41,6,6,33,70,80,36,0,89,85,83,43,2,63,46,10,74,47,96,4,32,64,59,76,9,76,97,76,80,50,45,62,31,63,49,23,1,50,76,36,61,32,27,91,68,62,56,6,23,92,83,87,52,30,65,47,18
10,63,34,32,29,69,82,16,37,56,12,26,97,33,4,41,75,60,3,48,74,26,50,93,15,87,43,22,34,43,1,86,59,0,18,41,24,73,60,12,50,3,24,80,16,33,71,53,67,9,80,58,56,30,51,56,36,77,56,17,69,49,19,44,35,15,57,42,50,34,93,27,80,36,48,96,7,99,38,21,32,83,9,76,3,21,61,68,71,20,11,27,91,91,56,79,94,48,73,73
76,57,73,94,50,22,95,37,3,46,9,33,14,45,62,36,60,59,76,14,68,36,55,69,54,41,3,25,53,20,48,32,41,68,63,91,15,38,13,4,28,44,36,46,38,36,48,98,67,68,95,84,27,90,60,30,77,75,91,37,42,99,50,79,58,40,40,44,29,14,74,65,37,71,75,98,50,95,30,4,99,92,7,64,65,37,95,91,50,29,77,24,70,59,57,23,86,93,37,36
15,17,3,40,47,48,41,95,59,74,56,84,92,19,32,85,64,74,67,88,81,83,69,56,66,38,51,88,66,58,39,67,45,52,75,68,21,7,52,92,94,58,11,2,99,37,50,83,69,8,36,33,4,44,26,2,24,0,43,25,93,41,97,25,62,50,22,30,12,28,50,85,49,26,33,40,32,17,29,47,12,99,70,97,88,38,42,79,54,16,69,68,4,85,90,46,16,0,9,5
16,83,67,23,22,19,48,68,94,97,44,47,46,92,78,93,55,67,27,70,62,6,82,98,2,81,85,47,34,5,87,22,15,36,89,4,67,84,8,26,6,95,88,13,81,22,75,12,5,88,54,83,30,83,45,82,80,90,27,31,12,13,4,61,48,47,82,22,98,49,15,16,87,29,37,47,3,2,9,75,69,78,39,98,4,14,30,70,94,57,16,78,90,57,76,29,57,43,83,63
9,19,39,59,25,41,43,31,54,79,17,82,40,83,89,72,54,39,22,43,43,72,91,60,96,57,12,15,66,78,8,81,50,81,75,98,22,48,29,16,11,93,90,12,29,36,29,31,54,59,28,88,83,0,86,37,30,43,11,87,4,74,65,7,7,52,44,51,79,58,44,15,95,85,80,50,53,89,51,17,42,61,80,74,51,41,67,17,96,61,45,36,71,1,81,38,86,83,20,55
79,27,21,66,40,10,67,88,23,17,95,72,81,82,98,1,87,99,59,68,6,11,87,71,82,17,54,80,26,98,29,34,76,63,25,11,28,61,44,13,64,2,45,78,10,13,67,96,42,14,93,35,64,31,56,32,46,27,46,86,38,2,55,83,66,6,15,84,74,33,86,30,31,63,4,34,55,23,86,88,4,74,43,89,10,32,68,82,58,79,53,77,88,54,52,79,46,68,13,79
1,58,29,95,73,79,9,33,15,95,11,21,63,90,39,70,24,67,99,6,54,41,97,92,51,23,6,73,95,80,8,55,7,85,34,15,34,28,92,41,57,5,66,66,60,76,62,30,62,86,54,88,52,65,0,31,55,20,68,50,18,56,12,40,7,62,60,31,93,80,89,60,59,94,32,52,25,14,32,33,64,93,96,43,61,15,55,70,64,33,91,62,95,78,61,23,32,71,15,83
10,24,76,0,88,61,68,95,10,42,52,7,59,95,93,36,0,67,82,25,73,63,9,41,97,35,47,78,60,34,87,62,46,69,52,43,24,51,62,10,66,18,64,93,5,76,13,95,2,28,21,33,64,5,96,30,60,28,9,43,82,51,81,73,93,41,38,92,99,30,3,62,98,59,6,58,3,85,29,19,42,64,68,73,20,24,27,2,13,39,16,13,6,53,36,55,26,33,14,88
97,85,90,3,66,17,35,86,9,53,52,77,66,41,78,84,93,35,19,80,92,65,76,67,19,4,72,58,77,97,56,53,34,22,15,48,45,4,95,65,28,0,39,4,10,45,48,96,35,83,31,57,24,62,16,80,11,73,45,68,64,68,87,93,14,33,18,82,79,80,41,27,82,39,0,86,99,2,30,4,30,55,27,69,70,58,38,73,61,31,84,49,0,56,8,42,33,74,36,9
33,29,91,28,81,74,89,85,28,69,43,29,46,11,7,59,85,72,20,71,45,34,40,82,63,60,95,50,83,50,16,88,94,47,51,5,15,79,9,73,66,50,17,61,75,44,16,5,22,58,19,75,51,35,26,67,33,43,88,16,96,5,63,52,19,21,17,64,42,33,25,35,97,17,66,30,57,5,41,24,32,39,63,0,11,18,48,64,49,95,83,28,40,82,7,20,36,21,43,31
40,25,4,39,28,34,79,66,93,10,54,55,20,90,87,21,97,13,52,68,80,86,75,46,59,89,74,94,40,73,88,49,35,37,86,29,3,89,4,99,69,8,99,12,29,4,13,8,37,55,41,12,74,29,53,11,97,31,99,28,88,62,39,90,13,72,91,28,67,93,60,24,90,38,13,67,72,34,71,41,31,97,16,39,49,64,33,81,91,35,98,66,47,9,33,50,4,63,16,21
80,68,8,21,32,85,87,94,24,42,25,62,95,73,91,30,88,11,63,98,79,57,48,33,81,60,45,18,94,49,4,43,49,61,89,47,79,40,78,55,90,81,29,1,61,26,20,41,69,58,50,97,38,90,60,93,0,80,69,28,61,11,67,43,55,47,52,60,40,48,48,99,62,59,34,32,2,29,23,76,76,33,76,18,36,25,62,10,41,45,63,34,48,84,69,21,81,11,92,90
65,20,11,41,15,48,39,41,56,69,86,42,38,92,63,65,2,35,43,83,66,27,0,11,90,68,75,65,16,66,91,24,15,16,2,58,77,24,37,59,24,71,47,92,55,27,39,11,74,11,82,85,43,89,72,91,5,80,40,26,31,90,79,94,3,13,94,21,5,10,48,58,34,58,85,33,78,97,22,94,6,69,43,15,40,85,55,66,12,47,40,4,95,68,2,84,71,26,18,36
79,44,7,70,59,10,97,78,23,32,14,8,20,98,22,22,95,46,84,81,31,42,80,97,19,40,60,82,5,72,2,29,90,33,35,4,9,44,86,75,36,34,92,12,41,85,44,66,67,79,17,42,62,56,83,71,16,53,63,12,27,46,22,84,67,64,61,6,41,43,76,11,90,32,12,98,90,47,20,74,58,18,80,11,21,25,73,7,18,93,65,91,71,72,22,75,29,34,82,50
64,16,55,55,31,83,46,42,18,19,42,76,44,9,45,23,87,82,90,4,40,23,19,86,43,79,3,8,40,32,33,75,28,58,23,27,11,93,22,20,84,10,3,77,10,29,34,86,90,6,35,51,58,42,33,37,65,86,68,91,86,92,69,13,19,61,85,98,25,75,27,5,34,7,53,32,68,10,61,48,1,26,51,80,37,48,91,88,55,94,42,41,92,11,29,0,15,34,88,21
26,9,2,68,66,94,66,27,45,16,8,5,36,41,46,70,61,47,48,67,27,6,8,90,77,29,14,41,22,69,17,48,89,30,31,16,50,4,6,30,49,19,12,30,47,11,85,34,73,85,62,38,96,54,46,90,95,18,24,42,94,12,18,62,23,88,89,47,41,36,7,55,49,23,16,73,18,9,39,64,69,72,23,10,33,87,8,84,58,94,90,13,53,13,89,60,12,10,42,72
34,22,35,28,93,52,75,4,30,47,88,95,95,81,12,34,52,76,42,37,59,24,86,29,49,80,10,6,59,11,32,64,11,87,82,74,36,65,0,70,89,7,0,96,0,32,44,45,16,58,41,20,1,30,2,6,40,40,51,7,24,9,84,65,7,75,34,16,99,4,92,35,56,55,48,71,90,57,72,81,97,80,48,95,5,58,51,4,41,13,70,40,44,94,94,97,78,28,69,83
97,7,99,91,35,11,47,27,1,51,89,34,2,38,48,31,11,18,20,67,79,72,62,89,50,99,81,98,68,80,34,19,99,8,56,67,94,74,9,69,52,44,53,78,89,77,91,51,46,32,71,76,76,80,44,29,83,73,83,70,16,71,45,31,4,49,9,85,58,96,42,49,80,27,84,6,69,12,71,89,14,33,30,1,79,5,98,73,47,10,94,20,64,48,79,76,89,91,68,71
37,90,15,2,12,83,8,19,26,36,40,42,28,69,22,44,16,16,2,21,45,35,75,49,7,95,27,61,41,70,90,72,76,23,91,85,93,74,63,76,0,28,52,77,68,4,47,72,11,8,75,72,26,67,41,75,37,81,33,20,49,14,99,24,32,23,3,85,83,42,38,49,63,61,65,67,93,58,13,29,19,6,42,75,65,92,18,75,42,33,69,87,33,51,30,63,27,91,49,56
89,56,45,46,15,54,22,20,16,43,39,12,18,41,22,9,31,65,72,54,26,64,76,90,87,69,16,61,26,98,7,67,15,37,88,91,40,71,35,48,40,15,78,11,75,70,43,96,3,74,80,11,21,73,85,59,98,40,37,43,54,85,32,9,70,55,6,48,54,85,89,94,62,42,14,56,6,68,33,34,25,34,10,18,79,32,28,79,92,23,77,56,65,87,93,44,62,27,16,78
85,55,59,6,17,87,15,41,31,83,57,79,15,83,29,27,33,70,14,81,1,96,36,15,73,13,97,97,22,32,94,32,33,89,1,18,66,12,21,64,14,56,18,40,95,27,43,34,81,22,90,71,55,1,85,26,68,10,84,32,10,64,76,18,15,76,4,8,60,11,87,64,87,82,32,73,33,63,6,32,36,33,24,38,39,36,66,72,0,78,30,88,47,18,25,16,45,88,50,37
92,13,58,41,78,25,79,26,66,19,7,67,2,82,80,10,39,55,97,98,3,6,8,41,29,53,55,22,48,7,6,8,97,43,46,88,8,54,20,54,69,23,25,37,59,6,3,90,7,99,70,6,27,85,9,25,67,51,24,12,48,71,69,50,20,31,51,31,95,9,34,30,75,19,82,89,92,39,48,79,82,64,99,42,27,12,65,78,66,34,29,67,50,4,29,27,29,22,16,92
