28,54,43,47,35,27,21,13,23,15,9,47,12,97,58,67,75,20,88,94,27,52,78,51,2,78,38,37,47,54,65,49,21,13,3,75,93,75,77,41,75,66,98,75,27,46,87,6,60,40,75,93,1,82,24,25,58,94,35,5,74,11,29,54,75,81,86,40,24,23,86,23,44,96,83,48,92,15,10,85,47,9,51,29,86,98,0,0,65,95,67,8,25,11,75,72,44,27,68,6
68,32,19,19,83,77,82,18,35,55,22,20,4,74,22,68,86,92,43,64,44,17,89,38,57,34,73,84,3,44,71,99,89,97,17,47,79,93,21,66,76,75,39,10,77,79,42,53,5,97,12,80,43,36,30,24,32,69,35,69,34,86,53,60,44,51,10,65,81,40,17,34,19,25,17,40,59,87,43,56,23,21,31,29,9,59,62,24,12,47,55,72,97,78,8,22,35,65,28,38
32,37,58,64,80,76,25,97,93,3,55,17,76,19,37,18,26,60,1,36,55,16,31,29,81,15,26,79,59,88,2,25,13,86,59,67,47,9,2,27,8,88,24,76,12,23,17,84,39,77,78,3,79,13,66,16,34,87,23,33,60,47,41,35,51,13,37,35,36,7,32,3,55,16,95,58,71,6,15,27,84,4,10,73,94,14,60,52,11,33,41,27,50,30,80,68,87,63,5,44
87,91,91,72,36,32,28,49,85,91,31,95,60,31,93,62,18,89,38,2,29,96,74,14,81,86,27,67,96,4,76,94,96,28,16,8,15,44,27,67,39,2,38,39,60,47,19,67,81,41,47,5,19,86,7,52,26,50,2,13,39,13,61,90,31,78,42,72,97,76,7,43,71,72,71,12,79,28,39,34,81,43,11,62,90,89,32,46,67,38,66,70,48,48,95,67,52,62,73,43
9,96,78,77,66,20,18,13,58,90,47,81,93,9,98,9,93,11,37,17,97,23,29,81,2,62,29,44,59,3,18,78,16,8,6,57,57,43,64,52,80,81,5,67,80,10,41,78,89,42,13,88,25,21,74,63,41,6,4,91,77,10,36,5,98,19,56,16,46,48,72,62,62,85,30,16,56,31,31,20,29,11,17,95,33,58,42,0,54,18,64,56,40,86,79,40,86,75,95,44
62,19,6,98,51,21,41,0,0,79,48,95,82,74,1,34,10,69,87,39,69,5,24,1,5,59,39,2,29,15,89,75,66,73,2,70,4,91,64,12,20,11,77,33,23,27,1,29,21,91,44,29,13,98,77,79,21,54,73,83,74,90,8,8,88,49,57,63,0,85,77,54,24,74,57,60,17,62,93,57,48,18,13,18,26,27,92,91,54,26,40,81,53,17,17,31,98,32,54,44
0,33,41,72,92,81,20,45,71,95,56,84,41,90,15,37,98,46,14,40,49,96,84,74,60,32,39,72,14,1,1,62,12,57,48,89,36,74,6,63,78,73,51,56,14,33,45,7,42,76,98,74,87,91,66,67,16,88,96,83,70,49,26,69,99,30,74,49,87,28,20,79,26,90,70,44,57,18,23,7,13,73,95,13,2,39,69,31,28,35,14,81,68,83,62,52,41,72,34,12
15,56,73,49,58,40,73,16,69,66,77,87,52,41,76,77,96,13,97,3,45,17,22,64,78,63,0,73,39,75,97,94,47,48,45,28,78,57,75,92,65,71,64,89,26,20,58,46,19,36,70,3,6,52,60,54,47,42,89,29,81,91,11,16,59,0,57,77,87,79,61,37,31,5,95,45,97,34,13,17,57,89,5,22,16,99,16,98,74,3,31,11,78,0,24,60,48,95,4,48
37,43,39,25,2,18,42,68,77,11,28,32,4,19,21,17,42,30,45,12,17,30,0,41,42,70,71,64,64,57,82,20,79,37,81,10,29,61,30,82,31,95,13,81,70,2,50,8,22,48,8,24,63,68,95,55,71,17,17,31,48,70,3,78,82,37,7,59,26,7,86,11,42,93,38,3,90,11,1,26,80,95,33,51,12,65,49,63,50,16,50,89,12,24,44,90,33,31,0,28
48,94,62,22,39,31,32,18,99,98,49,36,97,1,8,95,7,43,57,55,17,65,30,50,80,40,68,15,25,79,61,21,3,30,10,0,98,63,62,15,23,1,2,82,93,39,97,54,98,69,87,83,40,90,61,71,28,32,47,14,5,85,62,86,7,74,47,44,22,59,70,0,37,50,40,75,31,17,19,19,8,0,51,49,30,28,90,70,69,99,62,51,34,32,55,36,4,2,48,95
23,37,78,79,36,33,64,4,43,11,35,74,53,66,94,51,28,71,2,53,1,14,83,37,35,22,15,13,81,79,5,73,82,30,75,83,66,37,85,36,14,49,17,31,85,38,62,49,54,51,21,67,49,12,88,21,69,65,32,83,68,64,95,10,43,50,13,20,70,2,67,33,44,47,77,83,8,85,38,41,91,92,23,92,10,5,73,66,39,91,8,57,8,29,68,33,45,25,16,94
56,9,58,61,64,69,50,20,18,62,83,89,91,90,56,52,2,58,32,26,82,98,88,59,81,71,6,90,45,95,27,33,68,29,83,76,35,3,21,80,51,38,19,29,51,29,3,55,14,79,87,10,26,83,35,73,31,17,89,51,18,20,55,29,86,38,17,95,52,60,50,62,67,96,77,70,14,97,73,18,7,90,38,97,34,54,75,68,63,80,27,14,1,55,4,11,18,21,9,82
76,54,53,10,38,92,45,24,93,61,34,43,63,90,59,37,94,75,58,54,31,15,70,4,73,46,6,2,32,86,69,41,14,75,90,76,32,83,60,35,20,95,97,24,96,12,76,95,7,90,25,97,8,67,14,44,59,67,93,30,80,23,31,11,95,5,76,44,29,32,69,22,18,89,80,60,8,74,24,95,85,83,39,84,38,75,93,91,46,92,20,15,58,51,22,17,90,98,28,87
2,28,80,46,48,41,53,67,89,59,43,52,3,69,86,43,61,19,25,9,95,23,24,53,50,11,31,30,60,19,38,31,73,54,77,18,29,13,97,58,37,12,66,47,10,18,76,38,1,12,25,49,41,33,25,44,24,73,21,79,64,76,50,6,35,27,29,36,21,78,84,95,66,48,68,43,37,12,70,57,39,49,85,28,73,62,82,93,8,52,88,72,47,41,95,3,56,41,55,26
66,80,45,40,67,72,81,5,64,25,12,25,21,38,74,6,51,50,37,78,58,13,20,65,33,66,22,66,81,23,99,52,93,71,50,99,75,35,13,53,1,3,18,49,8,52,95,62,70,53,48,33,63,43,49,45,41,11,71,95,84,50,2,71,68,87,45,82,40,81,89,6,93,59,47,4,89,59,16,21,38,51,72,81,41,67,56,25,63,83,14,75,2,72,22,31,55,32,55,4
89,39,72,78,83,9,65,4,98,2,65,75,68,48,93,66,77,36,65,16,24,8,31,76,92,5,69,87,42,1,71,50,54,96,30,62,17,93,26,48,44,89,83,15,80,47,38,57,43,82,38,47,40,68,85,28,96,20,91,29,63,76,71,82,83,77,92,61,63,15,78,9,4,72,5,98,57,46,41,52,72,38,21,50,54,97,69,2,96,5,51,26,73,91,73,49,27,5,57,5
34,83,15,93,0,24,3,76,24,15,8,77,46,39,37,76,95,69,23,38,10,85,24,17,66,84,6,68,60,60,41,19,5,17,59,6,18,13,38,16,36,80,0,66,98,90,62,14,38,85,19,64,92,95,45,36,38,69,46,74,57,23,44,26,65,93,27,74,12,25,77,23,13,87,1,37,97,46,69,48,92,37,53,20,32,19,35,28,62,27,84,7,18,61,19,59,26,26,51,79
16,99,0,17,9,97,38,93,57,75,96,97,64,45,8,67,76,98,24,48,46,47,78,27,59,15,13,38,35,78,71,96,33,24,87,93,61,86,80,99,56,98,45,86,15,69,9,51,79,23,91,89,5,55,42,90,40,20,90,74,56,47,14,46,54,78,43,0,0,66,95,97,36,15,36,39,64,13,36,58,64,19,72,71,11,7,49,89,49,16,59,88,86,46,86,3,65,29,39,61
52,57,47,68,83,44,40,15,32,37,68,75,69,65,20,37,73,37,95,70,86,52,63,40,93,7,9,13,33,56,59,41,73,43,88,33,68,67,89,15,74,65,63,26,41,94,70,12,27,84,99,75,7,36,62,45,88,19,39,66,77,51,16,16,40,63,25,27,98,20,7,79,15,64,43,83,27,29,54,76,12,44,98,27,12,22,56,80,88,48,42,36,75,42,93,90,88,99,79,2
91,94,62,50,14,52,69,55,61,10,65,92,13,52,52,70,86,92,86,41,84,98,72,26,42,38,34,62,30,94,26,70,1,93,75,85,28,15,37,12,90,6,41,17,77,98,41,60,35,22,11,87,65,87,82,64,10,87,11,97,74,59,34,36,74,34,85,28,73,2,50,44,10,0,32,39,61,40,57,10,48,3,99,83,6,18,72,19,71,80,13,42,3,83,54,18,53,16,1,38
16,93,18,26,77,77,86,65,92,79,91,34,77,35,67,72,92,35,30,17,20,97,31,90,69,7,96,74,10,83,45,24,65,72,19,50,39,80,69,84,11,92,44,50,51,87,73,68,66,93,4,80,75,63,73,45,5,5,54,86,28,0,15,70,14,79,2,0,79,69,71,80,81,73,92,81,8,70,51,57,17,34,57,50,67,37,56,87,27,50,16,20,65,14,18,43,96,86,14,73
99,5,79,72,75,99,91,59,65,84,65,19,40,76,90,97,88,51,79,91,70,10,36,59,64,98,23,40,73,85,93,87,50,63,74,89,40,69,4,32,11,18,45,35,72,96,99,68,50,22,46,30,71,45,73,60,93,71,41,32,85,0,81,64,52,48,35,43,25,5,89,73,20,32,33,29,25,38,79,52,41,65,41,3,73,86,2,93,36,42,68,41,47,14,43,63,74,83,74,77
46,54,72,96,49,96,81,61,78,14,68,55,5,5,69,35,29,47,52,24,9,50,68,89,8,25,15,56,82,28,51,60,58,44,98,63,7,4,59,62,11,64,56,31,59,89,9,42,74,34,42,19,36,7,6,32,27,7,24,67,25,64,26,11,13,34,78,60,12,88,85,21,21,80,76,18,49,90,93,95,61,97,10,80,85,46,65,39,53,10,44,84,19,10,68,68,97,22,94,9
2,71,38,85,8,90,24,98,68,71,41,31,5,2,90,14,76,26,89,10,5,12,57,84,16,87,64,77,15,46,4,98,0,65,14,48,95,74,23,90,92,80,70,58,75,7,75,94,45,39,38,37,28,98,20,41,36,10,43,46,33,95,77,45,85,59,14,39,86,79,38,34,61,62,11,23,78,74,89,22,84,26,73,75,6,64,12,53,32,59,88,8,19,61,49,39,3,44,9,33
43,99,94,51,20,92,0,59,23,16,76,71,33,75,5,13,98,78,67,31,2,11,11,39,64,8,11,57,44,33,51,40,43,44,72,35,31,90,22,58,14,37,23,66,89,17,78,66,0,76,59,71,99,69,32,3,85,16,57,58,6,85,56,45,24,47,63,0,23,5,88,11,42,1,80,6,38,72,9,95,61,62,93,89,91,62,3,43,41,9,9,57,72,88,45,83,58,89,77,25
17,17,18,39,7,4,65,39,41,52,13,16,21,91,89,86,55,53,49,92,77,99,32,21,38,79,29,71,89,68,28,62,99,13,37,74,30,17,86,53,34,22,46,80,15,69,22,16,25,58,89,49,92,10,81,3,35,1,24,65,27,49,14,67,6,93,87,31,39,38,77,80,62,50,12,0,55,58,6,9,31,22,44,63,83,41,74,40,61,19,15,77,55,44,83,72,19,45,74,11
57,66,0,77,35,38,12,84,14,76,79,24,43,9,60,70,5,26,5,45,59,48,29,66,63,21,41,22,8,38,98,54,21,16,80,54,2,73,89,24,32,49,54,5,95,49,23,9,7,47,71,4,45,56,74,52,71,99,30,15,47,44,73,91,74,77,97,29,96,64,15,43,48,30,91,44,73,0,92,94,5,57,56,79,7,32,78,89,88,76,23,25,26,25,13,3,21,18,91,97
15,65,95,45,91,11,45,17,23,70,64,82,54,49,67,57,21,59,6,7,73,95,28,43,79,12,13,70,37,97,61,58,57,56,88,76,84,68,1,97,87,90,22,36,70,9,38,6,51,78,1,78,15,63,49,13,13,26,18,27,43,11,5,20,32,24,50,78,32,17,16,26,7,8,46,14,2,58,71,91,37,32,83,96,6,53,73,63,99,57,2,7,94,84,93,56,22,65,17,19
14,2,47,26,38,41,72,88,46,0,51,70,79,77,57,27,69,42,58,38,71,81,55,9,23,84,9,84,17,60,26,5,35,31,57,12,99,36,73,40,69,10,57,21,89,2,30,24,9,48,34,4,32,29,89,83,45,38,11,6,63,92,96,18,74,67,92,44,88,41,4,24,72,98,39,42,27,18,42,66,85,60,30,7,69,13,18,86,85,88,1,21,66,77,51,94,16,92,26,82
8,81,97,1,2,31,39,39,53,70,89,58,21,86,93,82,76,25,48,85,46,21,33,93,80,44,80,75,25,40,93,87,75,12,20,74,23,60,30,75,71,53,92,59,7,78,92,33,80,22,22,50,13,0,16,38,84,72,18,39,72,53,85,61,48,64,18,92,21,51,8,63,82,64,78,11,44,20,16,68,37,12,57,54,90,43,9,32,37,22,45,22,33,53,40,90,69,8,38,19
65,94,77,73,84,93,15,8,15,55,91,91,71,82,15,28,28,96,71,20,9,41,61,58,13,85,80,37,77,73,17,90,78,54,20,75,70,15,72,66,1,29,17,99,29,44,74,94,91,20,29,56,43,97,31,52,76,33,54,18,4,45,21,30,21,24,98,59,96,63,67,75,1,49,8,46,53,99,30,77,40,79,24,46,71,95,50,47,93,97,26,37,18,87,40,71,33,74,19,83
23,96,46,44,49,82,2,14,86,74,89,88,87,45,20,13,57,19,86,1,65,1,68,11,67,72,29,40,52,17,7,86,37,15,5,8,57,33,20,90,64,41,69,81,47,30,37,25,36,47,83,11,59,61,95,94,63,67,61,62,94,53,41,48,99,62,78,1,50,3,10,42,91,93,13,41,57,6,90,86,46,21,10,61,11,81,20,92,6,37,74,12,40,37,31,18,66,12,39,44
43,26,35,82,43,70,25,23,8,17,64,41,86,53,50,46,47,60,27,88,76,5,34,48,1,23,15,10,48,14,60,17,57,59,81,59,8,10,10,64,89,31,99,56,76,54,40,91,72,76,80,38,37,19,37,31,54,90,6,6,83,15,15,15,96,74,22,75,67,91,99,56,31,67,39,49,48,64,62,83,25,39,3,50,73,40,25,36,3,85,47,45,85,24,30,75,71,51,67,0
86,73,68,98,27,39,63,51,86,72,22,52,3,3,23,16,80,76,4,97,11,2,76,75,92,36,92,60,54,53,36,69,66,19,90,43,4,1,81,10,38,9,87,59,1,18,69,80,51,41,57,35,63,19,35,12,54,15,65,19,91,78,32,54,15,13,95,75,15,62,27,90,44,80,10,91,21,85,57,71,0,5,69,90,98,89,9,44,85,58,90,16,19,89,57,19,93,48,45,13
19,74,66,8,72,64,54,74,95,32,39,12,88,36,50,5,56,84,90,87,68,12,38,67,0,41,93,80,65,55,28,50,61,14,21,50,19,1,67,5,32,71,38,91,47,60,26,45,75,68,77,2,34,13,53,11,42,28,49,66,1,39,66,30,25,96,58,2,35,52,57,43,71,14,0,16,46,76,1,5,68,5,67,96,1,98,23,33,40,56,76,95,6,34,93,4,22,37,63,39
45,96,93,97,21,57,27,27,95,85,57,42,26,43,49,57,92,71,73,16,55,74,76,9,84,63,36,9,72,92,53,33,61,50,37,31,90,51,31,92,3,85,44,20,94,6,68,53,66,95,78,13,74,10,99,11,72,72,88,5,24,51,0,32,71,13,96,65,9,66,66,20,95,64,57,51,19,38,83,20,61,94,66,24,94,0,78,73,88,29,60,67,2,97,75,88,84,5,75,26
7,4,86,90,81,9,52,30,71,50,93,78,16,32,46,48,35,4,49,40,70,22,32,68,85,25,20,73,54,71,44,82,59,55,21,58,83,76,26,94,90,68,53,4,23,2,29,70,91,50,15,98,84,40,52,20,50,41,13,36,94,70,30,95,49,41,89,80,91,78,86,18,9,22,16,17,50,20,39,78,61,50,37,9,96,75,9,50,12,47,35,92,33,91,69,63,59,67,26,16
27,66,36,67,87,98,18,60,37,57,44,88,91,71,76,87,36,90,9,47,28,20,81,17,53,49,10,39,2,13,94,94,49,32,5,61,41,34,22,79,44,29,77,15,73,19,5,98,86,25,43,39,29,20,57,19,40,60,39,26,60,63,7,99,95,29,44,39,71,27,22,10,35,97,53,63,4,56,35,17,60,8,32,25,40,7,29,54,84,45,95,21,49,81,46,33,91,77,1,10
84,73,96,75,26,92,48,42,36,20,97,29,8,4,30,66,24,65,6,34,11,19,35,16,85,99,43,6,79,58,32,38,24,76,81,15,89,46,39,98,48,89,42,12,17,25,4,61,38,46,88,20,63,43,81,94,86,65,78,25,66,54,30,62,52,96,36,39,44,12,5,55,53,24,99,12,26,22,70,80,41,82,22,11,14,76,96,4,79,30,22,86,39,1,45,67,48,8,71,70
55,73,30,99,34,5,4,79,93,91,49,97,26,93,94,18,27,82,68,14,38,84,92,5,68,46,20,13,7,50,80,92,98,34,26,36,59,72,32,75,77,68,35,72,48,82,30,32,33,98,29,91,55,21,32,43,56,29,8,84,38,29,32,5,49,78,54,22,78,33,1,63,74,71,38,78,80,75,67,26,42,99,36,24,91,39,74,98,19,63,31,99,96,84,75,77,96,37,69,67
40,72,73,87,56,37,30,31,62,78,41,9,33,62,80,17,70,20,25,56,45,27,92,78,42,36,76,52,55,80,59,29,11,17,41,96,86,32,18,75,77,61,51,53,93,46,62,13,3,77,67,84,14,18,87,79,63,2,93,63,15,19,9,24,99,19,60,8,66,55,70,1,33,86,38,79,0,20,52,53,82,86,98,66,37,27,93,31,80,96,32,29,54,20,57,53,24,28,0,29
63,63,86,29,95,54,26,62,25,47,8,12,36,7,39,46,76,50,65,57,72,47,26,93,9,65,77,36,0,34,51,29,85,71,82,93,3,37,99,98,48,63,69,76,13,4,73,61,18,32,39,23,24,11,59,17,37,30,61,37,38,71,6,18,8,51,55,3,16,31,77,43,97,85,28,31,8,17,98,13,43,12,39,82,96,76,58,69,72,22,11,35,64,5,49,55,84,60,52,84
11,64,19,5,31,32,20,41,34,74,12,0,83,27,86,6,79,82,29,79,7,9,49,75,34,17,48,25,73,62,54,95,95,96,62,17,60,48,77,75,98,86,32,85,30,80,55,94,57,28,58,76,59,80,27,89,77,99,78,26,19,51,43,53,25,86,42,1,15,90,75,81,93,7,18,68,49,15,46,39,51,48,65,13,86,62,91,72,57,95,88,68,6,37,5,66,96,20,75,83
84,90,83,19,62,71,89,45,54,57,52,1,93,64,20,89,66,11,87,41,73,25,98,13,35,48,31,41,29,60,69,30,23,14,36,52,78,39,15,20,82,61,24,95,6,14,50,40,21,12,26,7,93,81,96,55,8,15,58,79,83,4,35,94,8,36,90,93,36,32,10,65,9,12,54,54,78,64,74,70,45,5,56,7,62,19,1,73,66,74,93,28,19,2,6,35,84,96,1,9
25,52,91,73,47,5,50,21,98,79,77,39,29,61,10,25,80,22,91,71,97,46,92,12,81,95,14,37,93,29,58,69,0,12,66,47,72,60,69,45,10,96,2,4,92,4,91,49,86,48,44,62,25,30,63,54,75,59,59,17,48,47,4,21,46,60,42,59,1,26,50,54,61,33,91,55,72,66,35,26,93,11,89,68,47,83,75,2,88,78,68,74,45,67,23,45,75,28,20,89
12,70,57,12,52,79,34,22,96,80,18,29,28,52,21,71,81,60,99,34,78,56,6,15,8,40,8,88,26,55,44,57,14,37,15,18,18,53,76,8,27,34,41,73,24,24,78,34,72,81,91,44,65,13,21,50,45,7,26,39,7,75,2,11,56,78,55,49,96,85,33,5,47,42,51,75,32,29,82,17,13,31,15,0,2,89,49,90,53,31,97,13,67,79,22,12,92,69,73,20
93,86,5,29,47,79,52,63,61,20,42,64,94,9,68,20,81,55,86,16,54,96,45,47,82,42,31,55,28,11,17,52,94,27,59,93,67,82,41,12,98,57,70,91,69,27,73,81,21,53,31,22,97,67,23,45,55,26,42,96,26,32,4,61,39,18,5,47,90,29,85,55,24,11,5,43,52,18,38,2,63,17,13,6,59,91,6,26,43,45,19,15,96,86,17,47,74,29,41,53
34,64,76,36,79,96,65,38,1,10,88,37,62,9,56,83,66,53,58,39,41,52,62,48,88,91,80,9,30,26,39,90,58,61,38,70,34,83,88,2,38,38,42,19,67,11,44,76,96,56,32,72,82,11,22,27,28,51,9,3,9,95,57,70,94,91,96,34,33,91,55,78,41,22,40,52,33,32,80,52,59,20,15,72,25,54,45,61,50,49,45,91,19,77,89,5,62,47,37,0
17,82,17,22,36,14,50,91,17,36,37,76,88,74,31,68,75,45,69,72,68,53,63,55,13,48,89,35,10,19,21,76,66,98,92,46,5,31,17,93,18,63,7,53,96,69,28,12,63,44,35,58,9,84,4,88,3,52,22,89,30,95,53,69,43,77,62,62,39,37,60,2,93,49,34,4,90,14,27,47,50,91,82,38,68,73,46,73,16,85,19,17,94,6,52,63,48,9,48,55
9,71,47,85,21,66,54,19,13,64,99,70,83,61,0,88,83,68,47,95,97,27,39,69,86,76,54,72,66,11,78,96,53,41,83,19,91,21,18,92,39,60,12,13,99,52,31,96,37,54,74,62,53,81,17,24,39,94,55,98,81,51,43,13,42,36,55,87,34,20,19,38,82,8,3,3,57,70,24,83,61,83,36,9,77,61,14,18,7,99,20,69,32,85,49,2,40,67,11,50
91,94,57,53,32,3,11,25,74,1,87,43,93,14,84,69,64,73,10,91,67,79,48,98,44,97,26,43,47,66,83,48,62,46,36,34,36,6,4,79,46,43,83,78,16,7,2,46,42,11,28,64,51,99,59,93,40,46,67,36,58,90,44,25,90,49,35,39,6,12,54,52,20,69,93,55,50,98,6,99,93,89,86,31,91,30,18,50,81,78,76,37,83,10,69,16,51,20,48,58
1,6,46,49,48,91,10,98,39,56,93,53,71,40,78,14,4,1,43,12,86,35,8,3,69,51,18,30,95,97,21,50,87,86,15,74,92,21,95,91,35,21,2,96,72,0,53,40,44,75,8,96,80,27,4,5,80,32,88,94,59,85,91,35,59,59,37,6,65,67,35,51,74,43,61,71,53,57,39,57,88,25,61,78,39,8,16,87,0,9,13,17,33,16,21,25,89,94,64,10
73,85,93,32,48,93,66,87,1,87,55,73,1,46,88,9,78,63,0,93,65,55,11,43,1,74,61,80,57,70,61,69,84,19,0,36,77,56,26,0,89,6,38,60,65,66,19,50,9,53,72,51,35,46,10,11,70,70,77,80,43,76,79,5,61,88,85,14,65,30,48,37,97,61,16,19,94,42,50,60,9,4,83,14,98,40,68,14,37,58,50,66,31,78,47,68,61,18,4,14
24,83,44,47,28,26,53,80,82,97,71,21,66,33,98,4,2,7,7,0,41,28,96,77,77,31,23,22,7,67,56,80,62,17,19,61,54,52,29,17,11,3,52,62,3,87,37,39,28,59,87,73,99,98,98,25,49,97,45,56,24,44,38,92,99,7,40,64,96,62,55,53,99,5,48,74,4,92,88,22,82,15,22,8,42,94,13,22,11,60,76,10,35,34,95,98,51,82,19,72
66,57,13,44,24,87,51,19,42,3,83,53,97,87,18,49,55,6,49,28,59,12,85,64,93,39,76,63,27,76,52,25,79,58,33,27,64,75,10,74,57,64,61,80,29,88,82,14,46,56,58,11,17,26,95,69,6,52,44,34,69,41,4,54,60,11,43,52,77,80,60,38,92,34,39,71,74,13,10,41,10,73,40,72,57,98,62,50,53,1,74,75,78,12,98,36,48,37,17,61
50,51,53,57,40,50,1,3,45,91,31,54,15,45,86,77,83,18,14,42,98,86,61,90,98,45,14,30,48,44,81,48,78,94,13,60,36,21,78,26,88,57,16,99,90,68,22,84,63,37,24,14,42,78,78,91,86,0,85,74,27,16,20,55,19,96,81,34,65,5,80,34,32,15,61,10,34,66,22,36,54,40,38,10,65,47,81,62,32,98,49,29,30,36,62,41,20,94,44,93
14,75,45,98,74,42,26,91,77,78,14,21,58,17,47,81,62,44,9,76,26,31,1,50,8,74,87,18,33,79,94,74,36,47,90,46,92,53,48,40,8,62,16,7,24,44,60,0,81,68,4,48,10,34,6,11,30,61,22,47,93,40,76,64,10,17,47,75,96,0,58,23,61,89,26,67,85,71,23,91,35,92,0,46,50,15,54,1,71,32,17,62,86,4,77,20,73,9,31,87
52,24,92,88,64,30,9,52,39,5,79,62,24,73,94,30,68,3,32,15,12,97,2,73,79,19,29,86,92,19,4,24,10,65,19,12,52,94,69,45,67,99,80,0,83,57,42,16,2,49,36,30,32,42,81,51,44,26,24,49,36,78,68,72,36,98,42,95,78,22,22,64,30,63,51,5,97,81,75,8,38,81,46,66,0,0,96,36,97,21,83,82,81,12,4,17,60,47,13,5
5,56,52,92,78,93,86,3,21,29,2,87,66,96,43,86,56,51,77,76,6,58,45,13,30,23,43,6,20,8,9,81,46,65,86,21,77,91,68,40,84,5,63,55,36,26,2,40,15,95,33,27,59,51,54,25,27,9,79,76,26,62,80,16,16,41,77,52,89,68,46,56,53,93,46,62,62,41,3,17,98,64,16,22,12,12,63,23,90,8,62,41,29,53,8,74,44,48,13,15
76,53,2,93,57,17,91,83,31,7,39,40,68,78,54,7,57,71,43,31,36,85,89,74,88,80,85,10,57,97,49,16,64,68,31,25,95,80,37,50,26,44,29,27,61,77,99,20,30,19,54,28,75,92,28,72,61,79,53,81,16,22,51,22,79,93,45,28,44,28,1,15,97,51,81,54,82,72,66,36,83,41,28,87,83,69,75,6,95,15,70,78,61,30,61,93,80,35,96,32
48,71,71,75,67,56,72,3,19,73,40,43,96,7,58,52,19,16,5,40,18,55,23,82,14,4,76,1,74,70,29,39,14,35,67,28,32,88,0,96,95,2,37,53,42,85,43,62,8,9,59,14,5,7,80,93,74,34,15,34,91,19,47,33,34,26,53,44,28,62,39,57,27,21,60,23,15,98,3,10,9,40,73,80,94,36,82,27,67,46,28,1,14,81,3,80,69,69,44,6
62,67,93,80,70,92,87,27,48,54,47,8,7,40,31,91,96,49,32,59,14,57,41,17,34,28,67,82,7,16,17,78,20,70,92,15,85,4,84,83,37,6,93,27,1,91,72,62,91,63,66,14,22,79,19,81,65,61,61,43,67,71,68,96,93,83,70,50,67,1,52,70,63,25,19,52,4,63,73,72,59,77,21,95,7,60,42,99,70,84,68,88,9,78,69,17,13,75,70,87
69,43,58,72,28,3,97,11,79,82,82,3,80,91,36,91,14,4,2,38,13,31,5,29,23,57,39,99,92,69,13,28,79,94,48,49,21,41,9,63,11,90,15,6,38,78,59,2,63,47,26,79,2,12,91,58,58,15,87,12,86,22,70,89,28,42,84,25,15,99,13,61,48,28,80,46,37,82,78,31,33,1,3,4,29,35,50,70,9,26,37,47,63,45,33,59,76,71,67,29
32,15,61,80,33,8,88,45,65,53,58,24,89,54,45,23,46,99,30,18,25,81,81,12,87,98,98,82,20,96,49,24,94,84,43,65,6,2,8,45,82,41,46,2,42,97,60,50,65,96,0,41,89,3,39,3,55,86,97,42,20,91,62,65,43,63,81,48,44,42,56,68,52,58,50,0,37,0,43,51,26,55,11,93,50,53,22,84,25,24,71,66,3,10,37,78,45,34,26,77
75,72,8,0,92,39,78,56,89,61,36,57,81,39,39,67,87,16,95,43,2,97,23,47,89,83,59,66,10,36,86,19,26,95,40,8,16,84,35,86,51,9,13,88,78,21,36,46,42,98,34,21,50,60,46,52,96,28,88,62,8,70,34,39,98,17,3,48,9,78,60,84,59,40,79,97,73,72,79,40,51,12,87,65,21,53,79,23,53,2,32,68,34,63,53,68,18,36,82,1
39,72,38,40,80,35,81,26,54,44,95,86,71,62,37,39,8,33,42,22,70,25,31,74,79,48,79,83,35,10,57,49,87,39,27,86,82,76,9,29,25,78,72,11,41,12,70,31,69,3,47,41,35,13,84,58,9,16,92,64,24,13,88,26,75,22,61,20,2,95,89,53,59,85,27,32,98,61,20,53,61,16,46,77,71,18,16,50,71,35,93,43,90,2,94,7,20,69,95,92
36,18,62,98,6,21,43,85,22,59,3,29,17,31,48,70,55,64,47,37,36,30,65,63,88,65,16,40,31,33,38,34,23,36,88,32,83,71,4,90,32,61,61,8,63,25,64,87,62,30,81,40,14,80,8,61,87,27,74,93,10,49,40,48,71,21,42,15,6,75,66,34,73,38,32,29,32,84,91,54,21,50,37,17,92,38,35,8,90,17,52,46,87,89,7,76,9,88,62,12
56,36,30,50,92,71,18,28,93,27,55,96,68,78,0,98,54,15,57,33,66,6,34,72,28,22,7,34,81,79,38,81,99,42,71,13,61,53,80,5,80,19,58,4,50,64,22,97,24,71,62,44,30,69,11,93,79,68,26,96,70,0,43,80,64,37,46,32,37,14,77,68,23,14,35,0,63,58,75,92,34,43,70,44,83,38,96,67,50,66,58,63,17,88,60,80,60,55,13,55
24,67,56,89,25,44,39,13,68,81,71,50,32,66,78,38,53,96,1,73,71,8,34,54,69,75,55,97,21,37,42,65,57,36,76,41,21,80,65,34,72,1,21,63,98,77,73,82,87,29,82,7,48,58,55,19,67,25,34,43,53,85,32,63,61,69,22,58,57,38,41,60,81,38,82,20,48,87,7,27,61,35,90,97,71,37,39,79,70,78,10,79,58,82,99,57,20,10,14,50
35,71,63,23,88,4,66,55,66,96,93,54,36,95,42,55,99,29,96,42,59,70,99,7,18,57,4,70,52,18,32,60,81,82,88,2,31,43,53,26,0,61,18,59,16,50,46,14,27,17,6,35,85,97,21,97,32,9,78,35,88,19,59,28,34,96,71,38,58,95,18,59,6,2,26,69,12,30,46,49,49,85,63,79,5,15,83,56,87,82,89,64,70,52,20,82,54,91,20,63
44,76,51,40,48,33,9,65,73,92,82,71,72,46,5,9,91,75,22,92,29,53,26,56,54,72,31,3,56,42,43,80,62,89,98,12,82,12,40,35,2,24,45,38,52,47,79,55,38,11,30,61,0,5,92,24,65,96,20,45,54,23,57,86,75,72,44,72,32,11,42,30,48,93,72,46,88,84,94,58,98,45,19,3,2,79,95,20,19,33,82,10,83,14,85,61,24,39,20,18
7,89,95,59,34,13,27,61,6,54,36,49,72,51,96,83,94,58,35,67,15,5,15,53,43,87,28,60,12,51,48,12,89,50,16,30,49,3,66,36,77,72,39,66,0,39,71,47,0,19,29,50,49,93,9,38,58,75,20,48,84,0,6,20,7,51,83,78,48,22,52,4,17,67,83,30,73,46,6,97,83,80,52,56,82,93,89,5,8,30,55,45,7,78,87,40,69,35,98,92
0,52,35,16,14,38,6,12,59,0,65,28,77,68,0,83,94,85,2,59,85,58,48,90,62,21,38,43,52,34,21,31,44,83,45,48,56,49,22,13,39,29,14,24,37,5,33,29,84,41,62,30,57,62,16,64,8,21,17,5,26,77,94,45,53,64,6,56,71,37,70,65,89,61,39,89,3,51,24,22,61,80,39,0,24,87,97,27,18,82,50,55,53,75,11,12,39,59,0,8
7,46,66,24,92,8,98,68,83,94,44,75,76,24,50,16,26,75,45,62,4,72,54,55,15,21,52,56,89,4,93,53,56,82,83,17,9,37,17,51,41,99,70,60,2,75,3,54,19,54,96,86,37,94,5,19,61,50,67,22,75,83,91,57,94,43,76,76,95,38,88,32,53,5,96,41,50,71,85,22,99,46,20,70,85,86,75,34,0,23,90,18,50,48,96,14,17,69,1,47
99,21,5,90,83,85,48,53,25,62,10,68,10,78,7,28,13,82,59,84,38,27,92,88,62,11,12,35,50,19,79,60,4,12,86,29,19,2,85,89,90,85,0,32,0,67,52,98,25,84,78,37,33,34,1,91,18,24,53,72,47,65,80,95,47,13,60,41,13,25,56,56,50,41,92,39,86,99,20,60,64,6,68,17,84,85,34,0,11,38,61,93,73,24,78,98,76,45,23,19
5,45,96,15,96,12,65,92,86,38,81,55,51,61,97,44,86,91,90,26,28,99,85,50,16,79,25,95,54,32,63,9,51,42,29,46,37,71,53,67,33,63,17,59,81,5,17,15,81,93,41,2,97,17,93,92,77,67,67,11,81,2,47,49,60,77,7,45,69,41,58,40,51,62,40,80,55,18,43,45,4,90,99,88,60,38,5,89,6,7,66,21,18,19,0,98,2,45,11,15
87,0,29,79,1,40,36,61,32,8,16,58,46,94,81,52,22,8,44,15,64,63,45,34,41,51,66,12,34,87,27,69,99,63,22,64,57,20,43,95,97,91,48,86,5,94,38,97,82,76,39,41,12,32,85,90,25,82,73,95,28,58,90,70,74,93,21,16,84,34,56,5,21,98,99,5,0,25,34,87,97,70,2,35,92,97,57,76,74,7,49,63,81,78,21,11,84,24,57,66
11,39,11,36,25,55,24,39,71,28,62,68,26,54,13,26,98,7,1,41,85,16,53,24,11,28,42,60,32,94,75,22,4,82,45,4,80,44,84,65,50,62,81,14,91,80,60,8,96,88,93,56,98,27,46,59,7,47,20,0,43,69,7,84,69,36,85,8,71,35,35,13,16,75,43,90,88,3,6,91,32,63,90,19,16,82,56,3,6,88,79,88,68,19,89,52,72,32,67,10
98,46,61,69,71,64,68,43,70,57,56,13,60,98,46,76,52,19,27,92,54,30,80,56,56,73,28,86,39,70,32,23,36,82,82,44,46,80,25,42,97,21,2,56,18,77,40,15,5,43,82,74,29,81,29,75,54,91,26,51,53,19,51,58,81,95,29,74,77,12,33,7,36,58,56,27,20,52,49,45,28,14,11,49,73,6,9,30,7,5,97,21,5,55,76,85,58,66,91,44
68,83,56,33,79,66,21,95,96,53,83,30,96,16,16,41,40,44,65,89,38,75,86,26,85,20,75,60,67,80,40,92,23,9,31,17,43,67,14,34,13,25,37,22,70,53,85,35,16,28,99,79,92,84,96,33,16,89,37,9,35,8,88,0,10,39,77,59,52,14,99,37,10,58,95,96,1,97,36,18,43,17,94,85,96,74,1,98,33,51,65,74,58,29,78,91,46,44,86,14
97,67,84,69,1,51,22,69,70,23,67,1,59,35,90,79,39,24,19,85,70,44,35,72,6,15,8,65,61,85,22,3,71,94,41,45,73,89,96,52,5,77,43,90,58,99,67,68,68,89,83,11,30,51,99,18,56,53,76,30,44,33,58,42,53,19,13,65,2,63,88,59,1,34,84,89,7,69,66,5,48,58,64,54,93,13,2,61,98,37,78,74,63,81,49,30,92,90,73,93
63,33,15,55,98,93,90,44,85,31,54,46,99,92,88,96,50,1,83,69,20,93,64,97,50,43,99,72,95,42,5,65,74,96,15,15,85,71,21,84,82,11,92,98,32,9,61,76,43,36,6,49,97,66,80,0,81,46,49,8,91,73,77,98,70,47,75,77,54,21,44,2,57,73,10,66,31,14,88,14,87,37,76,54,34,0,64,70,29,11,5,13,11,74,60,47,43,95,79,42
56,97,20,49,74,20,50,6,21,39,53,18,54,64,52,24,55,80,86,14,24,33,1,68,12,72,20,39,57,7,83,29,43,0,85,21,32,64,91,13,30,96,72,92,40,90,42,14,83,8,10,14,71,49,1,96,29,76,11,4,96,88,36,79,97,82,10,78,37,46,38,12,97,53,40,45,33,58,18,73,34,4,50,6,75,89,19,67,3,31,50,65,40,56,37,48,35,54,41,8
60,37,90,99,59,89,83,88,21,73,57,80,93,30,32,88,82,32,5,22,85,19,76,99,81,26,39,72,71,26,28,72,25,37,79,81,11,66,91,73,60,34,30,53,55,41,29,65,42,99,75,12,36,1,59,32,19,75,88,94,85,89,16,48,60,83,69,43,66,94,36,3,66,1,33,9,93,17,81,2,81,33,7,15,36,65,77,26,94,78,62,38,4,78,61,18,61,43,53,92
95,71,56,5,23,39,91,47,55,5,88,34,25,23,11,52,32,31,7,39,86,16,32,98,9,39,98,85,60,99,90,89,35,31,5,76,20,51,43,33,24,19,45,9,76,28,38,95,81,22,72,29,32,51,39,76,24,10,9,81,85,86,36,6,5,59,4,57,47,62,57,52,61,21,1,63,32,24,56,23,42,80,10,83,78,90,90,97,95,81,68,26,96,37,47,59,6,47,93,69
21,59,21,72,17,24,56,76,35,64,86,9,23,4,95,41,17,50,9,44,69,82,0,16,21,34,40,39,10,88,20,31,34,90,8,16,72,36,82,89,71,63,3,64,49,77,80,36,9,74,68,62,20,74,20,4,81,12,90,99,52,23,1,83,7,92,77,5,92,1,79,12,87,85,39,21,8,17,5,34,79,79,24,47,60,29,74,24,38,12,37,46,56,79,55,1,34,0,48,98
62,51,10,59,42,15,94,0,31,70,46,9,57,32,28,94,6,35,60,2,69,37,34,97,11,51,75,69,28,91,6,64,52,50,84,9,74,29,69,80,51,81,62,32,44,81,36,96,86,4,19,57,34,88,84,72,29,79,1,23,10,24,34,39,86,50,33,38,6,42,43,66,35,98,66,63,13,39,60,33,83,55,91,93,65,4,39,66,1,18,48,24,82,4,76,27,12,27,17,90
66,22,64,82,12,1,50,22,42,53,17,16,81,50,35,83,35,9,96,57,51,62,78,43,73,33,72,83,8,52,71,13,49,69,69,76,62,30,74,45,88,80,38,30,21,4,84,85,10,32,65,30,72,49,21,23,48,54,79,84,13,71,8,88,89,56,73,3,48,21,22,60,28,67,19,82,11,96,99,17,99,80,68,60,12,73,14,70,81,20,16,81,77,26,40,18,73,43,12,19
18,50,17,72,0,54,9,82,58,63,6,93,95,38,65,85,46,80,12,40,86,58,83,55,76,98,43,7,73,57,62,94,5,93,52,4,62,62,83,44,11,26,93,75,92,49,74,49,47,63,73,27,1,5,77,38,31,16,37,63,1,34,40,46,76,73,75,0,49,86,73,72,9,67,42,2,52,10,61,6,94,66,75,4,16,3,4,37,54,10,65,30,5,83,49,92,96,84,2,32
0,87,11,3,41,39,3,67,61,23,45,98,80,97,55,44,18,99,6,89,64,73,36,88,25,63,37,59,97,8,28,20,29,20,54,41,70,58,65,68,77,43,30,85,48,80,21,50,86,54,39,98,37,61,70,53,41,74,25,32,82,58,58,12,59,21,53,2,69,92,72,23,94,35,61,89,91,62,93,22,38,31,37,71,78,61,47,22,37,81,80,51,20,50,97,65,77,43,52,45
13,40,31,54,38,89,89,72,64,53,14,92,17,7,14,33,99,91,22,78,93,23,10,39,58,8,58,94,25,85,4,19,35,40,68,75,12,77,42,98,28,63,41,16,70,89,29,76,43,18,84,97,65,77,7,85,12,64,32,22,62,12,92,96,47,75,65,57,47,26,61,73,95,90,62,7,95,53,43,4,75,13,85,7,69,2,12,65,60,70,9,51,88,39,24,99,12,4,15,0
49,40,25,19,48,0,33,19,95,72,87,0,30,26,9,44,22,78,76,58,27,54,34,73,62,2,92,5,94,57,42,25,21,76,34,72,35,43,94,30,10,25,89,8,17,79,60,68,26,98,43,49,40,12,51,2,42,26,97,17,46,84,89,74,82,25,76,18,9,29,4,67,80,52,37,62,67,53,13,32,10,77,38,93,80,24,76,19,71,50,94,0,84,74,85,41,82,95,52,7
70,87,20,62,9,82,64,91,21,89,41,39,82,28,59,40,42,45,81,17,33,87,35,74,47,43,70,45,32,11,37,43,33,29,70,47,17,7,69,34,30,9,40,29,7,62,92,44,40,60,33,55,4,92,57,34,43,71,88,37,56,84,3,15,46,35,34,42,52,26,8,5,95,78,74,38,63,92,65,73,90,78,49,73,80,78,58,50,94,66,63,64,58,39,22,95,15,76,75,84
74,51,29,89,59,88,51,30,36,21,80,52,69,89,29,71,33,71,60,79,25,80,26,43,37,87,31,83,89,34,10,72,11,66,9,82,51,6,90,25,24,17,51,17,52,46,16,89,11,18,23,68,58,5,26,19,91,53,81,66,74,0,47,73,43,48,51,55,19,66,8,32,28,97,98,32,92,21,60,47,62,0,78,67,69,57,3,69,63,72,49,17,6,45,62,77,86,57,71,21
18,71,97,25,69,36,95,36,5,54,63,46,50,76,84,73,37,55,73,16,65,8,25,79,41,67,23,84,24,68,14,76,0,28,25,38,77,66,88,98,18,77,54,29,39,47,48,49,47,33,48,87,9,70,27,70,73,32,25,48,33,89,91,87,46,67,27,98,62,92,72,49,11,22,73,52,77,43,43,68,95,41,11,64,55,89,18,16,9,69,21,22,53,16,98,3,0,66,20,17
62,14,67,23,78,17,11,99,57,27,23,74,15,88,75,95,79,33,79,29,15,2,95,27,52,58,63,23,97,22,56,35,59,14,66,21,68,53,25,34,97,44,79,22,18,18,32,38,90,99,17,66,71,35,99,58,47,27,75,80,50,91,43,21,36,87,36,50,71,92,55,33,86,57,71,5,74,76,62,63,30,35,76,35,70,72,24,27,96,26,33,30,74,45,76,9,44,90,77,60
59,56,53,41,72,91,76,31,87,68,72,4,24,40,48,83,91,37,95,18,68,59,29,9,70,16,57,21,21,9,97,20,83,94,39,32,16,73,49,91,46,54,83,15,96,50,66,76,39,90,88,35,32,51,16,96,41,20,44,44,98,4,41,9,24,39,48,92,60,67,94,98,63,84,19,83,14,85,72,23,6,35,67,82,46,65,84,0,76,37,86,58,75,93,28,60,1,85,18,24
42,10,23,4,61,57,16,20,23,98,49,35,35,71,64,16,67,97,88,96,70,87,78,35,43,95,10,37,87,57,3,12,76,93,1,24,24,97,14,14,73,85,78,6,30,96,58,56,60,68,85,25,0,77,70,4,56,35,28,28,61,67,39,1,39,45,75,15,13,91,96,90,77,37,25,77,97,44,14,41,47,33,21,11,37,69,24,55,1,75,17,52,52,79,44,13,12,5,22,53
80,77,19,46,72,10,81,87,33,28,4,85,30,1,63,42,78,17,41,22,74,55,13,85,40,40,40,2,81,5,92,89,16,73,95,92,4,32,50,45,12,17,44,60,55,7,51,97,55,59,85,88,11,49,64,9,8,12,92,42,8,86,99,96,86,40,48,19,62,36,85,95,14,69,30,56,88,56,89,60,3,97,59,13,16,56,95,18,64,6,4,39,36,31,46,69,41,26,53,19
3,26,8,92,22,97,9,6,75,22,94,73,26,36,9,9,97,21,57,60,45,89,76,44,16,73,30,10,78,19,63,32,57,61,58,81,5,41,78,91,46,56,53,10,69,24,53,12,82,10,98,77,47,82,35,85,50,15,17,88,36,15,38,91,78,33,92,94,54,24,97,46,24,48,26,68,68,81,44,63,79,79,39,27,89,26,11,87,80,1,77,26,16,50,74,6,29,15,76,26
