39,33,17,71,8,13,72,85,56,27,93,23,10,40,48,94,79,52,43,84,83,49,73,37,62,71,35,42,94,28,52,35,31,40,3,97,92,85,12,37,78,2,20,12,67,54,90,57,27,20,58,40,27,46,22,33,60,42,48,29,56,33,50,36,4,83,33,89,13,20,57,26,85,3,64,97,90,56,38,17,75,43,72,57,43,87,88,68,74,37,68,21,2,76,1,97,11,87,4,23
12,70,43,80,46,93,49,34,29,65,39,87,93,65,24,66,18,34,58,86,75,83,79,3,1,41,19,74,70,47,58,61,1,54,50,60,21,68,67,58,33,43,87,20,19,65,94,45,41,18,47,15,41,45,94,42,29,80,68,16,15,52,89,97,83,90,65,36,95,45,11,86,96,72,48,11,95,55,27,15,19,98,70,36,39,42,24,83,96,25,66,49,36,81,21,19,87,4,13,30
70,59,80,93,10,61,11,4,47,64,86,59,57,39,72,56,57,62,81,2,33,80,71,71,95,26,84,61,52,54,42,4,84,7,66,64,42,75,8,7,69,19,99,71,31,62,61,87,39,58,53,90,74,96,64,12,90,32,88,56,30,54,44,40,79,48,54,39,85,28,70,33,87,88,67,8,64,25,40,61,69,6,77,40,99,91,69,42,27,62,16,39,11,29,34,69,88,18,91,33
6,49,58,92,87,40,65,21,92,33,11,34,55,24,84,20,37,23,98,48,52,89,85,4,72,15,57,64,56,82,93,27,82,22,96,98,23,54,1,15,40,14,72,42,25,22,38,41,60,30,50,63,51,0,25,96,88,88,6,51,85,55,56,13,40,82,72,89,34,51,79,18,40,28,76,9,67,96,4,64,47,78,39,1,83,39,74,23,61,52,50,96,33,66,49,90,77,3,66,27
35,26,20,53,95,51,98,64,13,16,9,17,35,48,7,67,95,55,28,0,91,27,72,41,55,30,23,19,80,28,93,75,92,92,71,37,49,91,52,2,95,53,25,79,3,8,86,54,41,95,69,56,79,81,62,8,62,83,6,36,82,44,46,66,96,48,84,30,52,11,24,11,33,0,92,87,75,18,86,65,96,88,7,22,24,37,89,76,0,2,99,64,71,61,29,42,62,30,91,47
17,1,99,27,35,83,87,1,13,58,29,84,84,85,81,91,51,33,57,21,88,51,61,88,70,17,6,61,24,55,89,97,42,63,65,26,1,58,1,48,78,52,56,63,81,50,36,15,20,55,38,60,17,56,56,76,47,53,29,17,9,94,5,4,67,23,41,32,20,68,34,33,45,12,3,14,94,92,2,46,30,24,76,27,81,19,32,23,23,54,37,60,17,32,51,23,75,19,49,58
66,13,46,60,63,17,74,14,29,90,57,87,61,9,14,0,91,40,66,26,54,10,95,45,52,67,4,95,67,72,59,79,24,42,54,80,27,37,33,54,45,77,36,95,42,36,29,98,87,42,17,44,91,54,31,41,78,42,47,20,3,22,20,71,22,10,21,50,55,66,19,69,74,72,76,13,5,34,1,4,36,61,89,27,94,14,33,34,99,55,64,1,62,1,64,86,9,53,68,21
19,10,57,65,12,96,4,34,41,67,77,77,24,14,22,45,69,77,80,70,11,70,51,83,52,17,54,60,51,72,65,79,36,87,95,97,87,0,64,78,75,55,39,6,26,56,89,26,17,93,93,7,58,95,1,74,6,38,64,81,54,47,86,14,89,30,96,78,67,36,44,44,82,85,53,60,22,7,41,95,16,77,76,51,36,15,21,53,35,72,12,98,20,4,14,58,3,55,94,14
4,73,77,58,47,19,16,24,8,12,43,80,2,88,49,89,41,46,36,21,28,98,18,61,67,58,98,40,66,70,63,39,54,66,50,9,49,64,8,17,84,31,69,97,22,0,96,77,9,71,8,81,49,62,12,24,93,66,45,0,53,11,8,67,38,19,87,48,89,59,64,10,94,6,77,81,65,43,4,19,4,82,39,59,85,98,33,34,0,6,39,86,24,66,45,92,66,49,96,21
2,93,70,93,42,8,98,33,47,18,62,92,54,36,4,61,97,79,8,51,54,9,52,57,52,82,77,5,31,95,26,68,5,51,72,50,64,6,13,0,70,45,94,14,80,4,15,15,4,94,22,91,25,20,93,66,81,93,45,66,45,22,92,15,33,3,58,59,68,90,20,47,1,48,60,71,16,14,97,66,34,37,50,95,43,22,69,96,54,42,82,88,36,33,31,56,55,94,62,66
34,83,21,90,58,47,87,18,35,59,69,18,65,61,94,29,34,68,60,28,96,80,85,17,21,17,41,52,39,52,23,93,91,22,32,29,29,42,29,55,61,62,23,67,58,46,76,59,49,93,62,66,46,4,1,7,54,9,76,58,32,53,28,2,29,38,43,51,39,33,92,70,83,68,20,20,7,64,37,56,39,85,68,46,45,63,24,97,64,25,67,31,98,9,70,88,21,36,8,13
4,96,92,4,55,60,11,42,68,2,49,24,34,77,81,91,84,55,44,99,28,26,95,94,86,7,25,63,63,39,70,10,39,50,39,43,63,82,92,52,97,70,20,15,37,96,65,5,96,65,35,65,24,99,99,45,20,33,88,79,12,23,2,79,88,17,83,65,49,79,99,51,40,39,73,62,92,43,33,22,72,73,73,31,14,61,23,74,95,22,96,1,62,21,39,68,73,71,61,89
30,82,53,87,56,80,14,39,43,69,60,76,5,86,0,41,12,35,63,65,48,73,6,11,58,16,89,44,51,1,93,47,71,80,13,99,11,31,17,60,98,2,94,44,67,34,14,28,96,57,99,28,66,19,91,95,57,1,84,44,60,44,63,91,19,60,79,65,49,22,14,92,84,99,39,5,17,60,12,43,28,0,12,25,33,25,70,96,13,35,24,80,4,78,79,53,37,11,8,18
31,86,91,3,39,91,76,60,35,67,10,2,86,11,49,12,11,77,46,18,72,54,18,51,30,12,60,42,35,88,18,73,97,3,82,89,50,43,32,33,90,97,96,45,4,39,31,78,61,8,2,61,80,91,29,18,51,10,83,49,75,23,11,4,14,61,45,70,1,22,3,75,82,24,93,40,64,79,45,15,42,22,43,70,59,50,54,69,58,63,76,25,59,25,83,3,30,40,53,75
16,32,54,7,22,46,83,63,9,83,31,59,4,39,37,75,99,13,67,11,36,65,14,4,14,49,4,88,70,32,33,46,15,82,4,1,86,57,28,67,94,44,9,21,63,3,23,38,54,98,46,41,97,67,67,53,71,19,36,65,82,77,40,69,11,88,93,64,48,42,49,31,21,69,99,70,20,93,55,22,14,17,7,7,80,92,93,41,12,84,23,79,85,38,33,91,62,28,57,61
97,21,53,2,1,3,22,5,94,67,99,3,85,77,64,76,85,38,85,86,64,40,55,97,68,37,73,60,25,88,85,28,35,98,33,54,6,89,57,0,26,47,56,45,86,62,23,73,49,19,15,62,43,9,26,76,22,24,72,80,12,92,72,28,98,28,90,99,3,95,81,20,84,95,5,68,4,41,87,10,7,12,30,43,49,45,3,72,96,25,85,76,51,27,14,62,65,81,42,67
14,74,40,8,31,17,8,61,77,1,81,66,60,98,56,51,93,28,26,80,25,62,34,94,39,9,59,54,85,68,73,83,18,77,36,62,11,66,91,90,72,70,7,94,28,31,83,45,41,89,4,77,82,48,13,68,62,3,72,95,53,24,81,64,31,65,77,59,81,30,95,77,49,53,19,66,38,28,24,50,16,68,16,78,2,11,67,33,45,52,68,26,94,43,32,9,21,17,33,86
77,57,84,41,64,17,64,81,71,84,46,48,46,74,54,97,30,95,16,41,85,40,36,2,48,31,99,74,4,86,86,20,14,75,42,14,64,35,3,20,86,89,87,60,63,6,38,84,98,28,47,84,44,68,46,25,62,5,38,23,24,3,63,45,73,36,16,9,27,74,99,78,40,34,37,15,71,29,65,67,20,34,49,62,91,27,40,40,32,62,45,68,65,76,52,41,77,68,95,60
20,3,84,69,64,75,93,16,54,26,82,0,55,41,70,64,7,10,53,6,23,80,15,97,7,2,86,87,51,95,7,81,19,89,34,71,6,23,7,23,28,85,89,28,13,8,62,33,10,88,38,73,47,12,25,23,34,44,36,63,14,64,16,22,12,60,82,96,44,0,82,4,42,79,71,74,10,33,49,60,30,90,42,38,99,61,67,77,74,50,62,55,67,49,18,73,35,13,43,93
68,68,20,7,70,23,59,64,20,70,38,55,37,7,49,21,11,73,45,83,16,77,61,81,9,96,28,97,48,31,13,34,66,72,23,1,53,70,57,43,28,49,11,89,57,19,43,49,80,75,54,21,14,45,35,18,85,58,59,46,63,50,48,23,7,12,36,48,31,39,73,23,80,48,78,79,16,27,49,10,82,42,92,7,25,16,23,21,38,24,99,49,93,35,49,47,2,68,54,86
28,39,4,67,84,56,35,27,60,10,26,42,16,48,53,33,73,92,98,99,77,60,24,0,52,62,35,91,24,24,63,38,29,56,61,28,51,49,4,59,88,41,26,59,39,95,90,64,63,89,90,28,46,87,13,13,93,41,26,6,53,24,45,88,40,61,20,37,54,11,27,81,39,83,9,26,94,81,10,90,97,78,5,75,16,97,11,59,84,7,11,37,24,84,25,40,26,11,54,79
12,10,25,63,31,80,64,34,70,84,23,93,64,63,82,25,75,85,70,90,65,61,21,96,77,91,67,35,8,20,82,98,38,62,66,48,39,41,94,48,46,57,15,72,77,57,50,86,0,25,42,6,65,65,92,50,69,59,83,87,72,0,64,46,31,18,74,5,95,13,15,24,95,28,59,75,58,59,7,69,59,8,30,19,82,35,88,64,16,7,72,14,31,86,12,22,20,84,64,24
19,1,52,94,48,41,83,35,13,30,64,99,11,89,8,90,77,49,50,2,93,10,27,11,22,94,35,31,96,94,74,82,70,68,8,21,6,36,42,26,76,17,57,91,81,74,98,69,35,50,13,12,57,17,36,10,43,37,48,8,12,50,94,60,34,90,79,9,13,57,65,66,93,64,71,55,76,33,49,26,90,7,9,5,83,92,27,59,8,46,91,90,56,82,72,89,30,4,97,12
75,31,53,37,90,40,77,21,93,55,41,68,55,38,23,5,67,24,23,78,68,89,40,29,99,51,62,25,94,17,11,20,55,4,95,13,21,48,99,1,43,4,45,35,39,63,30,78,11,43,94,68,2,83,24,76,69,57,26,64,42,10,96,46,31,34,10,41,4,93,25,56,95,89,86,15,96,41,58,46,92,85,2,64,88,35,94,64,95,88,13,22,14,30,56,65,12,31,21,37
81,86,64,58,68,0,68,17,68,88,23,25,93,52,59,37,84,58,59,33,25,44,59,40,30,9,4,86,69,73,71,38,67,7,75,59,87,13,31,55,77,64,70,17,60,43,27,97,84,43,49,18,22,21,88,25,94,60,31,13,86,61,37,58,85,73,62,94,15,86,31,11,77,59,10,84,5,70,13,31,43,95,62,8,27,47,72,64,2,66,57,9,64,91,7,23,29,67,50,56
21,62,59,0,39,26,11,62,9,84,84,92,29,77,85,63,95,74,42,27,2,16,66,59,87,87,28,28,10,18,82,48,28,24,72,58,82,79,22,61,3,15,53,38,77,65,43,83,22,49,71,21,3,73,83,47,70,77,62,93,36,81,46,4,69,30,62,85,24,89,58,19,64,49,47,67,97,12,35,3,14,70,83,99,79,46,23,12,98,37,43,2,74,0,6,86,96,6,49,21
52,89,19,72,72,99,0,37,8,25,29,99,64,59,61,31,51,89,34,79,82,47,24,55,10,92,99,62,60,94,0,63,97,74,73,22,42,29,58,2,38,97,61,88,79,61,15,62,87,57,20,31,51,86,4,41,51,5,56,1,93,20,69,73,37,64,21,59,18,12,26,29,59,59,92,18,32,84,51,41,76,43,58,78,24,8,1,2,69,89,73,43,16,85,42,29,51,72,62,99
97,86,88,63,63,79,52,45,10,36,50,71,44,58,79,22,58,95,1,16,68,10,26,47,85,53,68,54,35,14,8,75,95,63,88,42,98,86,56,32,99,17,7,8,32,3,8,63,37,9,9,42,88,72,12,59,23,56,94,4,5,88,51,63,7,25,53,11,84,91,13,68,83,23,72,16,9,44,71,2,19,52,33,64,89,54,46,8,39,74,30,27,85,92,16,55,70,59,85,27
37,31,93,29,83,22,95,60,1,52,94,71,39,77,89,55,79,96,45,81,36,19,26,76,82,22,70,86,47,0,14,9,81,61,91,78,82,70,85,70,21,16,88,82,23,28,24,33,2,87,91,8,99,78,23,53,10,29,70,69,75,10,12,89,4,13,99,40,41,90,14,48,42,27,62,94,91,1,51,99,90,74,62,82,71,33,64,4,40,85,18,43,85,3,41,59,70,68,42,87
4,32,46,81,74,6,23,48,32,4,94,14,67,61,65,6,73,82,95,88,52,59,4,58,46,21,3,11,63,33,82,34,54,14,96,45,7,32,19,63,74,33,33,41,58,73,5,57,44,31,2,45,67,70,51,35,49,90,3,78,39,29,78,38,80,22,77,84,28,1,2,65,12,47,43,0,25,78,49,31,89,46,98,15,23,31,8,21,51,43,1,58,63,43,95,30,29,14,77,66
24,90,41,19,87,8,66,79,29,58,65,47,83,68,11,26,37,21,85,54,92,12,65,13,45,31,15,35,65,19,48,67,53,46,99,40,82,62,8,3,34,31,41,6,3,97,1,31,65,68,40,27,10,85,75,30,30,54,61,73,18,37,70,84,41,33,24,66,54,59,46,6,89,61,90,36,45,29,31,45,83,41,61,19,20,50,34,97,70,87,45,8,37,48,94,68,22,8,44,98
82,89,7,82,96,31,43,48,28,72,83,51,31,91,90,20,88,31,19,30,50,31,75,71,49,56,61,47,27,47,16,23,31,17,41,14,8,93,56,39,40,58,55,23,77,43,61,75,2,75,42,30,0,97,0,79,99,61,71,9,28,97,3,74,92,87,26,90,62,88,73,81,66,75,75,57,30,8,61,11,91,28,94,3,77,33,59,91,10,42,56,42,36,6,89,99,2,11,23,66
44,47,15,37,46,26,37,27,32,22,11,2,19,12,69,63,54,32,1,40,64,41,15,62,49,42,23,57,16,53,52,26,92,51,25,48,75,81,87,94,12,70,70,5,41,89,1,85,89,73,36,74,13,49,97,6,98,10,0,70,63,25,68,82,16,27,87,86,94,98,66,47,51,31,66,39,86,73,43,9,28,13,58,53,74,21,10,20,47,54,32,7,38,79,17,99,30,11,58,2
58,23,70,37,51,22,43,73,45,45,46,95,37,39,3,12,2,94,98,62,0,53,91,75,74,79,93,0,32,32,17,73,0,78,91,96,50,86,33,71,39,45,96,95,62,76,33,95,62,92,25,35,1,19,54,84,31,0,61,17,96,25,24,98,63,32,56,8,6,43,97,0,91,77,43,22,54,75,46,80,42,36,22,47,46,13,16,26,36,16,40,66,84,7,55,99,44,33,15,57
45,6,94,25,78,97,84,55,8,28,17,37,9,8,62,7,31,34,93,35,81,69,56,15,34,41,43,57,54,89,10,75,73,74,65,30,43,1,47,49,94,32,22,35,91,20,41,81,72,14,22,29,67,60,95,24,5,3,43,71,18,32,53,15,96,4,92,30,27,49,20,46,19,26,26,17,13,22,59,3,61,38,18,36,22,42,38,30,72,94,51,35,19,86,90,43,24,23,37,98
65,57,42,57,62,70,64,32,31,25,55,68,78,81,1,10,97,73,85,52,85,53,8,50,74,91,51,29,11,51,36,90,54,96,18,31,81,65,40,88,72,61,15,67,63,56,71,25,41,18,11,49,95,61,49,52,86,58,22,20,35,73,27,85,90,28,84,70,27,39,23,0,9,53,13,87,72,30,97,9,65,77,78,95,58,5,30,68,52,77,17,24,70,76,4,72,60,3,4,56
44,38,31,73,93,87,78,25,53,63,26,8,78,97,4,50,41,73,23,47,92,30,40,46,99,69,78,91,68,66,30,39,79,97,2,23,37,29,53,18,67,52,30,0,3,8,6,48,38,22,13,8,65,38,5,56,6,31,30,97,15,61,25,65,78,89,32,81,40,96,32,59,52,4,29,57,69,57,44,90,44,8,27,28,27,6,30,72,74,95,10,7,57,68,2,65,68,20,87,92
63,81,17,18,57,68,76,44,99,55,85,9,83,1,69,39,28,32,88,81,1,96,36,12,25,51,97,60,13,1,25,40,61,66,69,29,7,83,82,13,62,28,86,16,99,19,72,4,81,93,99,67,82,74,99,58,3,86,26,52,81,9,89,68,47,8,95,59,40,98,72,88,57,26,19,35,56,86,19,73,32,25,63,70,97,22,36,3,49,81,40,70,36,31,52,85,25,7,97,48
29,4,92,48,33,90,80,74,38,53,30,7,9,80,91,30,22,43,94,11,4,72,40,7,6,48,56,55,54,34,73,85,67,85,20,94,38,28,45,21,17,60,57,77,7,45,84,79,57,17,93,31,38,14,86,2,51,7,71,21,22,7,32,4,92,86,99,82,87,36,5,40,65,4,57,45,59,74,86,66,50,65,81,91,7,69,6,71,39,56,41,36,58,65,10,71,38,42,14,59
32,2,49,28,50,44,69,4,48,70,13,82,9,67,47,39,26,87,56,34,98,0,36,91,14,3,95,73,95,33,44,86,38,34,65,76,8,8,17,61,3,56,88,67,62,29,18,54,60,34,31,91,77,66,82,79,9,95,2,62,77,0,65,22,49,28,5,48,92,57,21,29,23,89,65,57,85,33,10,97,37,68,80,87,90,55,90,0,15,83,16,62,34,75,65,72,92,64,13,12
28,31,30,4,49,98,94,72,2,43,75,83,19,94,11,76,34,46,9,90,5,0,33,57,12,33,13,60,48,85,8,36,29,96,63,5,17,21,84,4,33,58,2,41,9,40,56,92,9,68,9,12,27,6,61,0,33,6,0,66,52,65,47,80,3,62,76,57,45,83,14,74,74,94,98,47,93,50,78,98,71,63,88,43,0,25,20,61,7,70,74,77,44,34,30,21,95,13,34,76
60,56,74,0,33,40,79,49,83,96,94,90,65,46,74,54,85,21,61,2,5,98,51,70,22,34,80,45,55,8,60,45,8,56,66,44,18,87,66,10,60,58,72,60,49,70,9,67,37,94,33,58,79,62,20,4,91,99,39,58,52,71,34,57,53,39,35,1,78,4,50,91,40,35,52,77,21,21,91,43,65,56,12,81,48,28,68,20,38,10,61,87,55,91,89,36,12,68,65,75
99,70,87,59,94,9,54,91,47,51,51,89,80,75,70,79,58,55,59,82,41,19,31,4,58,51,71,21,21,97,31,7,78,9,65,87,62,38,49,68,20,31,90,3,11,62,82,4,32,56,30,65,0,46,49,9,86,20,74,5,91,53,95,23,8,38,81,59,10,76,6,79,77,73,86,6,90,11,5,5,22,85,88,82,4,71,10,55,28,81,46,4,59,43,47,97,11,44,66,86
11,93,25,28,44,98,69,17,67,88,87,13,24,30,13,1,24,53,24,60,66,26,81,89,52,36,28,79,24,4,44,37,51,82,30,87,11,21,90,53,5,18,72,7,82,85,93,14,93,34,61,46,22,20,77,17,11,29,21,31,96,61,4,48,98,83,97,8,60,94,10,30,78,94,68,5,47,37,93,84,55,21,98,12,43,94,97,59,43,0,60,40,49,59,61,18,31,68,57,16
69,18,64,39,14,42,58,79,93,43,88,63,1,93,98,54,76,57,14,29,49,18,99,91,73,31,11,88,95,1,19,2,1,49,8,70,98,43,39,43,79,29,78,21,35,19,75,0,75,84,58,1,4,15,67,46,42,28,42,42,25,26,27,1,83,29,6,52,6,13,99,94,18,43,80,84,70,24,55,87,26,71,31,99,13,71,76,59,2,75,87,44,30,11,76,99,45,72,11,20
61,3,6,45,88,68,5,72,50,50,3,77,71,75,97,16,7,17,61,80,15,7,69,57,50,59,76,39,42,14,22,68,8,47,55,67,58,36,77,15,98,14,75,0,13,59,22,40,27,43,76,99,19,85,4,41,19,20,21,26,21,58,19,28,70,8,76,28,8,56,84,19,67,76,11,87,44,76,48,27,80,32,19,87,57,35,41,29,76,76,92,66,96,4,74,70,24,25,79,44
50,19,3,80,84,48,62,66,19,69,14,24,59,91,23,52,8,24,11,89,43,37,85,73,54,21,0,44,45,76,40,23,48,57,73,32,6,90,69,37,56,90,9,0,20,18,64,87,54,61,58,5,28,29,19,57,71,32,56,46,37,7,57,21,58,79,6,92,96,29,52,20,66,52,35,10,14,99,93,86,30,28,74,64,44,65,4,8,3,70,14,50,26,8,36,91,45,16,54,11
11,27,23,96,21,43,30,75,93,15,75,75,80,41,40,39,87,37,46,81,46,78,23,82,30,45,71,32,59,41,54,83,58,47,41,87,9,21,61,43,67,58,14,68,23,83,47,86,92,69,34,29,76,32,66,34,5,79,40,64,85,97,69,93,86,0,63,99,10,76,45,74,25,12,38,15,97,82,79,92,96,97,83,26,45,77,91,20,12,14,51,23,56,41,84,73,90,79,21,27
68,24,9,99,25,61,91,47,57,99,36,78,90,13,67,97,1,48,35,46,6,6,98,33,50,72,29,62,39,53,91,11,35,8,41,90,75,29,76,53,79,61,47,72,99,85,72,75,92,94,40,44,56,14,15,66,28,46,46,69,65,76,97,67,3,88,93,97,2,24,78,51,3,9,3,61,26,40,23,27,66,66,56,79,82,68,55,19,11,92,78,65,7,1,62,56,28,93,10,86
55,2,89,47,69,41,9,70,71,80,44,13,19,56,95,3,15,67,50,26,33,5,98,28,69,44,87,28,14,6,59,38,41,90,77,35,73,72,99,42,56,91,26,37,47,61,95,68,79,98,4,33,32,1,73,72,16,17,72,17,1,59,92,92,65,82,98,93,87,24,3,22,79,55,99,63,58,92,94,73,19,39,68,31,82,93,19,73,44,51,69,94,81,61,61,85,18,80,95,8
3,49,44,38,72,58,89,60,44,10,83,47,59,28,43,28,53,77,24,52,80,4,86,83,47,48,63,93,5,17,9,45,73,35,95,10,40,73,93,42,69,50,47,9,78,18,73,24,4,39,73,73,20,91,10,40,57,94,73,19,94,82,60,10,77,79,30,37,62,24,50,75,30,84,20,49,77,53,54,68,26,25,45,60,90,99,86,74,72,66,36,96,76,61,40,52,51,49,76,64
3,47,46,54,45,65,36,81,99,18,90,10,53,91,8,88,31,2,74,43,28,85,82,8,31,3,48,4,31,23,94,86,55,50,91,47,51,52,90,65,89,14,20,20,56,40,26,41,33,22,90,57,34,13,85,94,12,28,5,9,58,60,33,24,85,13,38,70,85,38,95,94,58,20,93,65,2,16,84,33,24,16,93,35,68,65,76,75,34,59,35,43,98,29,22,42,57,31,99,72
13,38,42,16,55,19,45,53,65,76,9,42,12,52,8,9,88,50,24,59,23,82,18,78,80,64,88,79,76,14,9,7,64,36,79,6,11,3,32,32,72,59,57,89,91,6,39,27,44,67,80,49,36,40,50,26,96,41,60,85,74,60,2,1,99,5,18,18,67,55,89,87,71,90,73,93,84,6,2,5,1,1,96,70,83,68,98,92,59,74,33,1,54,3,28,77,80,57,72,25
18,17,69,92,45,92,28,87,17,96,73,51,28,7,44,10,12,72,87,38,39,34,51,78,64,65,16,59,81,46,72,94,81,51,60,21,68,21,98,27,62,88,7,42,27,53,76,48,6,82,49,70,2,22,34,2,14,51,2,39,0,34,46,47,91,31,34,37,75,10,91,64,80,93,45,5,92,60,17,57,46,15,96,39,62,12,98,17,37,93,97,85,67,25,15,65,65,47,83,20
26,26,76,59,70,41,63,20,98,27,54,5,15,55,99,93,56,36,16,45,0,23,46,82,36,38,17,27,95,40,90,66,77,62,76,0,73,75,13,11,84,27,64,83,6,91,15,24,89,64,47,28,40,69,14,41,37,57,58,26,8,78,8,59,0,77,83,26,29,26,30,78,64,11,42,92,82,20,44,89,59,27,80,83,16,59,94,89,65,3,98,94,65,29,53,80,55,12,14,54
85,87,15,45,4,23,4,19,56,17,90,42,96,82,66,9,78,61,85,16,11,27,99,78,49,89,57,83,10,13,88,32,78,94,68,61,66,92,38,81,79,65,65,33,75,47,52,43,90,74,5,53,65,5,27,3,32,9,55,62,25,95,49,95,39,63,29,68,53,77,56,38,44,48,80,73,11,90,53,81,65,60,68,61,14,74,14,65,3,31,8,80,69,31,81,12,84,90,98,24
9,75,15,46,43,17,96,62,18,50,90,86,98,21,0,66,86,74,42,63,22,58,12,89,12,7,37,35,99,47,54,28,81,49,6,12,35,46,45,28,31,43,97,95,34,23,13,26,12,59,81,82,64,45,23,17,87,47,16,15,9,6,98,68,43,88,2,53,92,33,19,47,81,54,5,67,53,64,81,59,46,72,34,78,54,73,77,41,98,42,26,49,41,87,46,69,70,82,77,96
35,40,89,52,58,34,47,56,10,29,98,7,63,62,9,46,15,95,89,79,29,68,71,85,64,1,42,89,22,74,49,82,84,53,13,85,65,51,85,72,61,58,13,65,75,95,43,83,56,1,32,29,1,90,36,90,37,26,33,54,43,77,18,19,38,65,13,92,98,6,9,63,83,91,94,22,26,75,71,73,53,72,90,94,40,75,44,13,18,40,17,67,9,25,86,35,45,60,10,48
88,90,2,46,84,60,1,32,92,84,53,23,96,4,11,42,39,15,8,22,83,77,24,56,36,46,95,81,38,62,87,85,13,48,93,93,19,89,17,68,69,29,57,74,16,53,67,37,83,79,58,56,85,79,90,1,56,43,68,78,97,63,22,43,4,51,9,68,21,74,56,19,17,91,92,66,75,67,21,95,42,23,64,8,75,95,89,50,29,20,69,21,93,35,77,91,45,24,22,34
5,14,92,84,84,4,93,62,41,29,6,29,78,21,29,57,86,77,55,75,91,6,43,31,27,89,29,91,64,14,8,48,40,87,89,23,38,64,12,95,75,45,42,49,33,7,82,33,58,69,50,33,34,80,49,48,54,19,94,57,49,37,16,30,33,67,61,36,43,37,14,64,65,37,37,77,77,97,90,37,30,23,64,59,14,94,35,35,31,31,87,60,20,2,89,67,89,95,58,59
79,42,18,3,86,83,18,88,64,54,73,4,22,63,97,89,55,81,46,77,69,19,93,92,81,4,71,96,19,32,77,89,51,12,4,58,2,65,90,34,80,98,83,96,44,57,3,11,66,89,37,70,57,17,21,69,68,24,70,16,52,12,42,60,53,13,60,13,23,52,81,4,43,6,89,2,33,96,32,73,61,72,12,29,35,54,48,80,21,24,15,84,19,48,85,26,74,33,99,9
86,13,19,28,67,1,18,73,23,26,5,43,97,77,63,79,78,86,17,3,20,99,5,48,89,20,53,78,54,95,52,42,25,90,27,8,15,92,70,59,46,1,78,26,58,29,51,4,62,21,26,92,30,87,68,83,10,64,48,52,18,87,51,40,0,16,31,82,54,38,77,25,49,30,95,52,9,14,66,83,8,31,5,30,69,76,53,51,13,51,40,8,84,97,29,98,58,50,5,96
78,19,80,78,69,82,35,67,44,59,51,1,16,60,40,37,34,70,23,45,42,75,98,27,85,6,5,29,56,82,90,29,2,52,10,68,5,55,27,18,56,9,27,78,97,52,99,49,89,66,2,16,46,67,65,23,70,42,43,20,77,83,65,73,97,24,83,48,46,50,23,77,54,59,64,17,59,90,92,22,27,16,70,66,93,58,82,94,65,96,39,4,50,49,68,9,37,52,8,69
68,47,55,96,0,18,33,51,27,60,73,80,82,59,32,92,94,58,58,71,64,52,50,97,11,59,33,43,85,95,92,24,53,46,67,88,88,93,54,84,1,8,3,48,71,3,67,45,46,41,3,54,81,71,67,86,15,30,25,41,41,45,71,73,56,6,46,99,44,44,40,79,36,28,78,37,91,64,51,78,56,60,45,23,38,36,70,93,2,67,36,66,89,39,81,75,43,9,45,19
34,72,62,53,29,2,90,99,76,51,37,27,9,91,70,50,1,11,99,39,5,12,85,70,97,8,63,63,94,53,28,15,16,60,40,66,27,11,83,94,80,60,28,51,28,70,80,56,8,13,63,27,7,10,34,77,5,37,52,93,22,32,19,51,72,61,78,9,79,59,4,86,69,74,48,95,78,81,84,71,6,30,73,87,58,65,37,47,97,49,48,16,83,92,73,3,21,38,45,99
68,58,14,79,21,13,65,87,6,88,62,29,6,64,6,27,67,41,83,5,85,40,28,9,36,39,55,40,70,39,32,63,39,68,49,38,2,46,52,42,33,51,6,21,74,85,92,53,24,22,96,53,77,51,31,88,33,95,77,56,97,89,71,79,95,73,32,22,94,92,52,1,86,57,27,79,21,37,89,95,37,76,47,21,73,85,93,76,44,21,63,65,9,15,31,60,1,97,33,67
51,39,37,28,18,80,54,36,82,95,28,98,97,14,17,16,37,63,2,90,30,97,57,6,98,22,51,45,13,99,50,13,55,68,64,10,13,86,95,34,55,15,82,73,73,2,22,38,45,76,55,14,45,47,58,11,63,25,83,88,86,21,16,16,97,14,84,76,14,41,22,83,63,62,34,21,12,66,38,39,58,69,19,55,25,51,15,64,30,13,99,30,32,5,66,92,60,54,37,94
1,11,91,73,90,11,92,42,87,72,85,32,18,25,70,66,33,16,24,45,42,76,16,6,64,28,38,69,42,27,51,15,99,1,33,10,28,59,20,39,1,74,70,59,90,96,68,83,74,56,61,7,95,77,89,10,58,91,70,16,54,82,91,76,48,91,65,73,9,1,55,57,71,85,34,62,6,55,70,25,84,93,45,32,97,9,62,91,17,68,87,68,72,1,0,97,95,29,35,2
44,49,47,55,80,49,9,0,51,13,71,85,17,85,98,82,64,22,47,80,77,44,1,81,24,59,86,61,44,47,34,42,43,88,35,71,65,54,67,69,67,14,24,55,92,38,90,20,96,72,9,31,79,31,16,91,57,57,9,13,40,41,40,19,45,69,80,11,13,48,56,89,43,23,23,6,83,21,66,78,93,94,15,93,43,81,75,62,61,82,18,96,55,83,31,35,26,25,68,51
53,11,99,73,76,11,78,95,82,27,25,96,43,4,14,97,68,77,11,3,67,55,28,27,36,80,80,81,79,43,42,41,85,79,1,59,8,75,20,89,46,38,13,55,10,7,8,92,79,81,72,8,43,54,48,82,4,46,23,73,54,95,2,26,72,55,58,45,45,50,46,9,75,31,80,37,82,42,71,18,55,44,6,55,17,10,4,85,74,79,35,67,84,38,53,85,34,49,73,25
93,77,39,31,56,42,3,32,75,5,99,38,85,85,32,71,61,36,70,55,83,76,78,23,13,59,61,72,68,31,88,77,82,87,35,67,13,82,69,47,1,25,2,21,24,33,16,60,95,47,25,61,55,66,6,78,21,47,13,76,98,66,97,9,14,48,66,12,15,77,68,94,85,78,58,15,77,73,20,2,87,36,74,26,60,47,64,46,80,61,10,85,87,95,9,87,27,45,93,59
18,86,46,25,97,70,58,83,68,15,21,17,89,98,63,44,13,60,12,25,27,73,6,26,88,96,12,0,52,49,63,75,41,12,40,17,46,96,10,22,4,76,2,78,74,25,35,40,12,25,49,54,64,56,96,0,56,22,1,1,36,41,20,57,77,36,98,32,64,61,71,0,13,76,97,64,92,38,91,9,37,98,52,57,68,89,64,42,88,81,10,5,45,56,76,49,17,43,80,32
20,91,60,68,76,31,28,6,88,72,40,33,13,46,5,34,79,33,78,81,91,57,93,91,42,86,92,19,74,63,65,92,76,45,89,7,97,97,96,74,42,40,59,77,36,51,24,62,10,95,43,33,14,45,79,26,98,20,19,30,19,21,78,35,65,28,6,81,47,25,89,35,7,17,23,72,33,8,45,75,71,71,58,22,16,31,11,43,71,25,45,98,17,85,71,68,60,47,52,77
66,41,66,34,21,3,77,71,24,32,3,95,12,46,16,47,90,78,15,83,64,14,59,93,59,31,64,80,59,11,46,72,23,68,69,85,49,31,4,42,58,49,7,69,3,96,79,97,87,49,49,91,69,18,20,89,26,67,65,48,44,91,4,66,86,41,16,22,4,76,76,36,63,81,37,37,62,51,73,67,32,54,90,37,74,25,28,95,26,93,33,49,13,67,27,38,18,9,24,24
12,75,41,46,66,29,57,15,19,41,78,2,89,75,46,35,51,52,23,58,2,52,73,42,8,84,42,85,56,17,40,46,82,3,7,28,32,5,10,47,92,62,80,6,41,57,92,64,32,62,78,11,98,58,73,87,67,85,65,83,35,91,78,31,83,84,15,78,64,97,98,42,99,45,13,34,84,92,70,96,45,52,4,18,75,49,73,48,64,23,92,19,92,44,16,12,49,35,28,63
79,85,59,10,6,98,68,87,19,64,66,16,38,29,69,62,77,39,28,85,34,37,24,50,2,92,7,2,34,91,95,51,44,17,54,93,44,90,93,33,86,77,81,50,71,69,30,80,55,82,60,70,20,3,52,27,70,35,15,34,96,97,35,20,32,41,2,50,48,68,61,67,44,3,22,64,48,69,58,28,9,39,39,96,68,66,8,24,75,48,64,78,25,44,43,88,47,80,53,69
12,9,23,58,73,18,87,68,61,0,93,1,8,6,53,9,45,85,85,38,38,41,61,64,16,68,66,75,63,60,37,7,67,11,83,82,95,1,14,84,70,95,47,48,48,95,84,43,39,53,18,28,47,77,43,75,64,50,13,19,87,7,79,34,77,13,62,51,55,22,76,15,7,73,17,17,24,82,38,9,49,45,83,16,33,59,22,47,23,26,14,77,29,87,51,76,65,53,74,56
7,79,13,42,8,66,58,7,9,43,52,55,61,78,16,15,76,25,26,1,84,74,28,12,97,26,88,43,41,15,49,77,51,10,13,71,65,79,74,55,30,18,94,70,86,58,38,41,57,5,42,67,94,52,0,2,12,89,87,65,72,59,67,7,86,21,67,28,23,0,53,21,0,74,4,56,8,44,60,77,80,56,80,47,35,52,56,40,78,4,81,17,6,86,30,74,21,93,24,55
72,87,76,8,66,69,66,15,47,25,82,95,88,42,58,20,6,65,10,58,34,63,27,47,31,32,68,94,20,30,48,74,5,62,78,37,97,81,15,22,63,35,93,65,73,87,12,34,83,11,53,31,13,46,44,96,31,7,56,18,94,0,31,24,71,45,72,55,89,0,52,85,36,34,36,21,65,87,60,93,42,27,2,64,22,13,91,2,46,26,75,55,67,47,28,33,16,63,76,96
57,52,69,96,46,9,99,76,45,98,52,77,79,76,80,13,93,59,55,87,68,46,92,93,52,75,21,66,9,24,56,18,65,14,25,87,5,4,66,81,23,12,78,62,69,10,63,29,44,2,37,42,89,21,75,51,12,16,68,49,31,13,31,61,18,14,70,70,9,20,74,45,23,81,92,65,74,90,55,89,12,25,85,99,37,79,84,74,44,73,86,24,44,49,34,62,99,92,34,50
90,84,62,88,24,68,70,97,69,96,33,56,8,51,34,70,20,26,35,2,72,28,6,18,50,57,24,5,30,24,18,30,76,0,50,9,23,43,22,42,26,62,4,63,70,33,37,11,2,53,1,90,91,43,26,15,3,12,73,70,60,42,34,49,19,61,74,45,48,20,82,80,81,43,0,46,14,8,51,47,32,57,33,7,10,68,20,31,77,46,1,12,91,81,93,53,64,47,91,28
89,72,7,7,35,8,37,81,77,78,78,28,64,28,72,72,76,97,65,34,23,76,29,16,75,63,36,98,89,36,56,46,93,96,13,87,58,19,44,79,34,68,42,60,31,82,16,86,29,27,53,68,96,41,36,89,47,90,99,34,99,87,49,58,62,58,8,37,15,23,20,85,94,26,37,38,57,62,95,37,27,62,31,94,78,13,26,68,32,20,58,39,82,9,87,44,12,39,3,79
42,97,5,90,41,32,57,74,63,64,5,97,79,78,88,15,32,21,3,45,45,7,33,7,63,36,81,14,56,95,7,99,67,48,84,83,14,33,83,24,75,37,16,17,27,79,45,7,49,45,64,99,3,40,91,60,76,83,83,74,82,85,64,68,46,61,4,24,97,99,67,17,70,36,82,38,43,13,7,66,3,64,92,28,25,64,98,45,38,31,78,68,49,71,30,94,24,67,13,20
19,37,80,59,37,1,2,63,31,27,69,92,89,42,63,97,68,9,28,18,86,19,44,49,97,0,1,21,47,30,79,97,80,86,40,60,90,73,77,93,29,43,86,85,95,15,10,21,35,95,97,59,70,28,3,73,71,95,84,10,48,47,31,84,43,39,49,39,87,39,89,12,80,55,81,86,41,96,4,98,15,28,55,73,96,17,47,60,39,66,16,60,44,81,48,60,88,61,36,36
90,28,64,64,54,61,79,30,50,53,81,65,99,47,28,22,94,50,62,45,88,19,53,78,45,65,66,43,97,94,97,7,1,79,49,0,19,19,40,84,44,93,41,37,40,4,5,40,30,40,6,89,31,51,47,86,81,2,6,93,31,27,71,80,82,96,85,32,28,66,43,26,14,80,9,83,22,70,94,90,74,10,2,68,11,30,69,55,90,20,67,24,13,0,95,4,35,40,99,58
77,90,38,15,76,2,80,55,72,27,83,92,0,85,51,89,29,25,13,1,78,40,61,54,80,89,81,81,98,15,71,80,33,99,43,80,46,16,62,8,6,45,27,50,51,44,55,85,36,1,21,5,71,30,84,88,99,62,5,21,73,67,41,59,44,33,99,7,36,46,48,59,42,81,84,97,62,19,12,72,65,41,65,73,23,32,13,81,64,59,55,3,67,51,82,58,27,48,49,74
94,67,61,48,1,72,24,79,99,91,74,41,3,60,63,51,84,76,63,22,91,23,58,31,55,92,57,74,54,24,91,44,56,43,5,22,37,0,39,90,37,23,67,17,3,94,53,10,88,74,18,19,53,88,32,46,19,84,58,95,96,1,71,1,31,79,80,42,94,54,39,5,15,12,89,51,9,62,92,90,5,77,51,91,97,84,14,54,38,10,65,8,14,46,6,5,9,54,51,8
99,50,26,32,39,17,3,76,8,18,68,15,45,77,89,11,84,17,59,49,36,15,87,90,39,81,84,84,51,0,73,39,25,59,10,83,96,55,26,52,72,40,85,17,55,95,72,10,78,73,22,25,5,6,39,81,20,4,5,38,1,66,90,40,47,59,72,70,70,69,96,63,78,14,19,37,95,66,72,86,66,21,6,40,37,80,81,92,88,76,80,40,79,95,34,78,14,49,7,2
85,27,39,64,82,98,41,14,4,46,98,17,96,77,96,29,95,4,50,20,16,37,6,41,98,0,78,23,9,32,50,1,25,89,34,32,95,29,52,35,68,4,45,27,25,81,56,48,93,18,13,21,71,95,71,76,52,40,9,57,89,98,44,73,98,97,98,54,45,27,52,46,10,35,1,18,89,1,10,42,50,27,2,90,74,98,75,87,50,24,8,16,53,5,6,25,16,80,82,35
70,12,12,22,82,20,50,91,87,61,45,77,50,74,22,16,5,74,65,70,49,15,33,77,42,94,60,9,83,96,46,79,99,40,78,28,40,78,61,41,44,20,90,95,57,64,95,43,94,3,23,3,87,29,74,84,12,25,73,73,43,96,30,93,22,11,80,50,60,54,29,42,11,52,69,99,59,92,75,90,40,9,51,51,86,63,6,29,42,54,79,2,24,89,67,26,39,8,27,46
94,71,27,51,33,55,82,93,73,54,46,30,45,31,22,59,20,80,2,7,80,37,32,90,2,10,28,14,5,5,7,14,62,69,29,56,25,27,57,57,25,35,46,98,21,79,39,50,35,16,65,83,3,78,49,59,73,96,69,73,5,64,59,4,44,81,5,84,72,62,29,39,0,38,21,35,38,47,92,20,13,56,15,88,15,37,46,92,77,73,63,90,11,83,25,31,88,66,98,72
45,57,99,24,70,56,54,17,61,65,79,1,44,24,32,80,27,46,58,65,78,96,20,61,85,16,51,63,38,48,53,31,33,21,59,50,75,60,30,88,4,79,25,13,54,82,5,56,16,84,47,58,17,31,62,92,14,92,22,13,22,12,89,74,43,44,49,87,95,46,15,95,71,46,74,25,21,61,61,59,1,57,95,47,0,78,61,77,76,27,61,59,60,98,30,97,68,7,88,42
75,91,87,47,89,18,57,7,8,94,72,35,31,83,94,81,68,13,55,96,51,49,6,63,20,97,68,20,80,1,74,79,81,26,61,43,63,35,63,57,86,27,54,69,57,88,58,3,54,53,66,99,8,54,83,28,62,13,27,70,10,8,77,66,26,64,82,81,52,65,64,54,17,40,56,24,80,62,90,28,64,90,93,48,95,6,21,38,27,22,88,91,98,23,77,36,15,76,9,18
13,56,32,42,80,79,53,69,95,62,73,94,3,46,25,3,39,9,76,45,49,77,38,41,5,65,16,83,46,15,10,13,33,63,7,85,63,23,21,4,35,32,8,61,80,23,97,14,8,90,79,53,29,90,86,6,39,44,84,9,17,95,57,48,73,56,56,52,89,53,9,73,27,32,83,59,81,81,41,47,48,7,44,23,80,27,11,59,51,62,63,17,66,95,71,96,36,10,5,89
56,83,56,75,56,54,85,73,56,95,37,30,96,98,49,81,16,19,21,39,6,17,79,43,3,56,31,20,19,56,24,2,27,77,2,62,21,77,47,60,7,85,30,36,2,17,47,21,34,55,48,71,59,95,84,3,2,45,73,21,70,71,10,30,18,61,23,96,7,55,30,91,32,48,62,17,70,58,25,82,91,97,96,7,3,61,68,61,77,95,6,47,40,35,34,85,41,70,52,67
62,15,47,38,81,59,36,33,87,30,49,80,93,45,82,50,97,43,33,70,6,72,12,21,93,21,93,43,96,97,40,48,17,24,29,37,28,79,17,51,42,97,73,19,14,90,81,65,30,61,4,76,59,87,26,77,98,59,76,72,67,68,47,50,76,56,15,88,80,59,23,60,34,27,62,0,64,56,6,68,93,3,65,9,55,97,93,56,91,69,9,80,22,83,66,6,56,61,92,43
64,51,73,68,8,24,40,69,37,3,0,78,35,36,8,40,25,69,99,73,59,85,96,68,5,61,36,12,25,4,65,19,70,40,3,22,32,40,54,48,99,25,63,88,55,34,80,37,31,16,86,82,3,90,43,51,96,26,89,7,94,45,78,50,77,18,37,3,60,87,66,64,72,67,31,26,98,20,22,85,0,77,45,63,18,28,76,37,3,87,77,48,40,44,46,74,80,55,0,42
83,28,38,65,99,79,4,23,88,29,74,86,87,68,81,74,56,14,56,10,78,87,45,14,90,5,59,98,89,65,59,12,7,69,71,27,55,84,19,0,51,2,64,58,62,50,64,97,3,30,3,38,10,90,64,31,53,96,95,6,51,80,19,53,32,20,41,94,42,7,67,45,38,28,55,87,52,74,5,64,32,86,16,86,45,57,86,9,68,61,87,39,70,55,51,53,55,18,47,79
79,35,9,1,83,81,49,67,73,92,60,1,86,91,25,68,32,55,95,48,52,43,18,71,66,90,66,67,60,68,14,20,26,56,91,17,3,6,16,97,13,73,10,94,22,90,4,10,51,25,68,18,48,24,18,60,83,33,79,12,50,32,62,15,42,43,15,97,49,87,17,5,56,13,30,23,47,37,58,71,59,26,16,49,33,6,73,89,77,50,3,79,18,59,99,67,61,80,80,44
85,24,71,96,6,91,68,14,59,61,79,51,66,35,96,45,34,62,56,26,0,66,8,21,39,97,81,80,6,61,47,43,32,53,84,68,47,47,72,21,22,65,6,18,97,66,26,11,88,45,63,47,32,79,93,18,61,98,39,6,97,40,91,61,74,41,66,47,19,1,27,72,13,3,0,72,13,66,80,59,75,33,10,64,45,12,23,65,86,57,38,62,10,17,48,28,38,62,50,52
