[92,41,50,1,20,19,14,44,17,92,29,2,6,28,70,91,48,90,7,95,16,57,43,50,22,28,49,95,40,3,98,0,49,96,89,77,9,16,39,7,29,9,93,71,49,37,47,99,38,37,17,9,83,40,16,52,57,78,71,64,54,13,7,2,22,19,65,69,16,54,25,8,40,9,51,74,83,37,2,88,40,5,40,25,15,94,65,23,28,54,9,86,29,15,97,59,50,5,58,83]
[20,99,44,19,14,38,86,10,12,96,52,63,21,16,32,40,23,85,40,54,20,20,84,1,14,96,21,26,89,93,80,29,80,91,90,61,43,14,37,31,63,0,77,56,73,43,21,96,46,30,9,80,80,72,15,75,45,52,22,29,64,19,18,28,22,83,87,65,11,92,82,60,27,57,94,83,8,2,21,9,64,54,54,22,85,16,75,71,89,15,83,34,73,71,45,60,14,2,21,35]
[22,72,45,29,5,23,97,58,64,48,48,56,32,79,30,53,64,1,42,23,31,25,45,56,17,44,90,83,89,98,17,27,57,39,7,75,28,50,15,48,36,25,23,64,83,46,19,40,75,59,63,77,75,22,48,15,78,31,16,30,43,50,99,14,22,64,3,22,37,66,44,93,63,82,49,66,84,91,63,31,43,52,55,85,4,5,76,99,25,3,95,48,7,65,35,86,11,51,73,5]
[20,0,59,2,71,30,1,96,98,92,89,46,59,96,81,62,65,26,11,32,70,31,38,93,51,76,64,99,78,66,83,34,52,75,47,8,96,54,13,56,11,71,86,52,42,55,76,55,95,0,34,79,62,10,52,32,15,69,41,85,69,46,64,47,48,9,63,56,0,25,30,34,43,80,9,79,9,25,53,77,88,48,44,26,66,93,69,58,91,10,62,4,64,91,54,96,62,8,87,43]
[86,94,40,84,92,94,54,0,81,38,1,70,44,89,61,42,68,77,61,43,6,34,41,97,92,45,70,47,16,9,44,70,96,94,9,21,91,12,48,41,9,86,77,81,57,65,16,72,76,7,66,87,96,14,49,35,91,86,64,23,45,57,50,27,59,63,87,9,33,26,52,25,76,37,21,8,2,54,26,61,69,4,35,89,78,87,1,45,35,7,1,34,59,4,24,41,61,66,46,93]
[70,88,88,52,61,87,20,65,78,12,61,0,9,51,35,78,53,57,67,73,31,57,39,29,29,79,29,73,51,54,77,14,33,67,59,42,72,60,84,21,75,71,38,70,42,46,74,1,74,85,19,42,84,83,53,57,1,48,59,3,87,15,19,90,82,28,76,30,10,11,46,5,72,69,74,45,0,19,13,80,32,33,2,85,12,19,32,10,51,95,10,81,79,68,36,17,6,44,59,70]
[46,75,83,4,55,17,6,77,51,52,75,36,72,6,29,41,72,46,0,85,41,12,38,80,21,14,38,72,69,52,32,68,95,34,75,0,55,35,55,37,98,18,36,88,55,93,61,80,88,4,89,41,65,1,71,25,44,70,85,87,96,4,71,59,47,12,15,33,80,16,73,80,55,85,45,55,28,58,45,96,38,8,4,5,32,38,42,17,91,56,73,39,35,49,81,77,0,74,82,68]
[74,4,90,20,59,36,28,54,85,88,59,61,76,6,27,68,13,56,16,8,94,18,63,0,17,26,84,85,79,86,12,90,59,86,33,42,89,87,25,67,79,84,72,61,15,3,66,25,76,76,44,51,15,91,12,45,3,47,68,46,92,60,16,29,29,9,56,36,58,67,88,56,73,0,43,32,28,31,39,86,75,41,23,82,36,47,57,71,61,71,51,95,39,11,68,51,45,84,24,44]
[40,73,16,36,56,55,60,97,73,65,91,77,85,95,5,48,85,71,53,50,92,44,66,13,63,9,16,11,71,6,40,36,69,44,89,36,83,19,70,28,33,90,93,40,39,57,45,8,71,26,80,8,63,7,37,14,28,77,85,2,2,31,29,62,79,89,55,72,72,30,98,74,44,5,97,40,60,93,61,8,76,21,70,79,74,40,51,72,37,88,82,99,22,74,8,69,88,54,66,79]
[94,6,49,6,14,37,38,9,15,58,31,37,61,87,9,79,86,34,36,98,52,66,7,60,79,59,46,35,43,48,68,98,81,66,77,46,22,18,27,36,73,94,12,1,30,80,70,25,85,24,67,55,89,45,58,70,37,20,35,42,28,18,16,34,21,76,32,63,40,8,8,65,24,65,78,9,45,27,45,79,74,14,36,51,40,3,31,20,23,19,99,24,26,35,67,47,9,47,87,59]
[42,38,69,37,21,79,44,19,43,88,13,61,90,44,26,13,14,7,37,95,36,54,66,38,80,52,85,39,30,37,82,99,25,28,87,76,31,40,36,93,30,61,6,7,5,42,78,81,27,81,23,78,49,90,7,67,37,4,66,19,63,84,61,84,49,87,77,9,39,40,80,17,27,85,53,28,70,52,37,23,32,82,70,30,45,82,7,31,7,39,55,62,37,5,63,73,71,51,55,13]
[52,23,36,57,15,26,58,66,63,60,59,66,37,55,35,50,22,91,47,8,25,45,86,34,39,84,87,87,66,55,49,61,20,66,85,96,33,91,41,99,7,97,70,5,71,88,57,61,68,59,80,43,98,64,52,99,45,34,46,9,80,25,14,8,61,97,95,27,53,41,2,50,5,60,79,41,8,7,22,36,46,35,80,91,43,12,97,65,29,11,66,89,54,9,67,28,80,66,3,98]
[0,10,69,35,15,54,43,26,37,86,82,30,32,58,76,73,40,87,50,3,97,34,90,59,34,48,42,1,14,1,12,64,29,71,29,19,64,66,9,47,70,62,40,11,62,61,75,65,58,47,98,85,95,12,47,32,64,18,37,15,13,36,58,30,25,48,51,68,23,24,57,9,98,87,25,80,80,19,33,94,13,10,15,75,13,31,11,24,64,99,13,63,31,50,61,92,19,92,95,32]
[58,37,75,24,42,61,17,11,22,40,95,21,68,78,55,6,29,11,16,39,80,15,58,43,42,20,90,81,36,37,20,34,0,12,12,11,29,48,0,50,68,69,72,78,99,64,51,96,66,90,38,84,35,30,68,81,48,60,96,78,39,62,8,50,72,17,11,75,43,48,49,88,74,41,60,76,68,24,95,35,99,79,87,60,63,60,6,0,76,26,23,11,57,38,77,84,68,77,16,72]
[98,63,94,21,58,28,49,88,3,86,26,75,35,27,31,46,36,69,85,7,69,44,65,27,95,33,98,95,4,67,54,11,95,60,95,70,79,86,32,40,57,95,36,3,9,70,20,32,5,83,88,31,74,43,8,59,38,38,49,66,67,58,60,3,97,69,40,78,81,31,63,16,29,37,62,48,53,90,22,36,17,36,40,4,43,3,22,34,88,55,36,93,66,3,80,20,44,15,29,8]
[38,93,94,75,4,54,18,82,0,43,13,16,96,6,88,5,95,15,28,45,51,26,38,28,3,57,85,84,7,77,86,73,56,70,99,97,77,37,50,57,91,80,29,12,50,86,64,87,29,16,11,57,5,92,18,30,11,36,63,52,11,7,62,65,88,1,69,16,24,84,3,62,70,92,40,41,84,11,62,45,64,1,69,63,75,36,50,16,80,12,94,66,88,52,43,86,46,93,28,58]
[98,47,70,61,79,29,0,86,57,33,23,30,31,46,3,3,30,10,9,29,99,77,97,95,54,64,29,20,22,46,21,96,15,50,7,23,56,53,59,60,82,79,99,86,98,89,28,60,45,3,60,91,74,65,21,83,86,50,64,63,81,93,52,81,78,84,98,58,75,84,24,62,42,51,82,89,28,1,68,83,25,97,67,33,55,79,29,9,48,16,60,23,1,82,11,70,99,39,78,32]
[8,58,9,91,7,73,66,86,96,20,94,82,0,43,84,86,10,82,48,27,80,86,87,61,15,15,22,73,9,93,84,50,54,73,82,27,11,58,84,30,14,46,38,91,18,63,73,96,40,80,88,61,96,41,59,19,66,26,11,18,72,9,44,77,60,98,86,43,0,28,27,56,34,6,75,41,67,64,48,97,24,77,9,92,83,67,38,46,64,81,93,22,63,76,51,89,15,0,58,27]
[62,59,35,69,36,70,85,24,6,59,20,93,34,74,77,18,5,43,27,82,90,18,67,81,3,47,33,87,30,25,30,8,37,46,35,72,43,4,72,5,11,59,6,21,79,20,42,82,14,54,46,62,91,59,63,80,86,17,95,55,54,92,46,12,45,41,27,74,87,1,71,86,17,65,88,41,27,17,5,12,26,66,52,87,76,41,47,22,13,59,35,72,58,60,29,37,33,89,27,91]
[32,60,5,55,51,75,88,95,27,69,91,71,15,61,83,51,16,24,7,74,65,53,20,20,54,94,88,87,11,29,74,98,26,71,79,85,46,88,75,76,95,36,51,22,71,95,40,13,79,56,74,17,27,48,82,27,12,45,94,34,56,14,14,72,92,27,8,54,46,13,97,30,99,9,75,65,95,16,16,90,24,80,26,50,38,0,1,54,12,21,1,90,80,1,4,0,69,71,67,42]
[14,37,98,53,0,56,99,28,8,79,53,29,23,55,94,83,99,1,33,32,55,5,19,1,84,15,76,68,70,41,2,74,98,13,31,19,33,53,59,23,71,9,34,39,19,36,95,17,99,96,11,29,0,56,70,34,50,7,79,9,90,27,75,32,14,96,23,62,83,28,39,83,26,92,71,40,72,77,94,81,24,84,42,35,59,63,91,61,64,42,20,38,18,71,91,14,6,15,50,19]
[48,32,1,7,85,84,50,34,64,32,42,28,76,84,62,17,75,81,0,24,11,1,89,47,62,31,1,46,49,45,15,22,41,12,17,79,45,23,41,93,32,17,69,88,56,29,65,43,93,11,67,77,0,78,57,35,68,52,95,65,6,50,52,80,81,18,79,24,20,39,3,92,9,64,28,7,12,88,77,58,57,86,1,40,47,93,94,21,44,3,15,4,14,16,95,80,96,66,23,42]
[90,83,18,31,87,68,56,64,93,96,75,72,16,47,14,71,83,60,20,80,35,17,81,86,3,89,4,17,45,45,95,39,63,13,60,51,42,10,1,64,8,15,86,79,21,49,3,11,55,13,77,61,62,64,4,21,58,17,3,88,94,31,7,8,31,1,85,86,87,97,18,83,20,73,14,63,59,97,50,47,69,5,64,29,60,18,40,45,65,22,5,14,75,85,22,92,13,67,87,18]
[72,84,11,49,82,22,91,96,39,42,83,50,86,46,37,98,10,87,31,85,4,23,61,40,44,78,64,64,7,11,4,70,46,99,9,1,58,17,12,43,73,32,80,5,26,58,11,58,94,94,69,7,65,86,69,4,49,27,34,71,81,21,84,7,26,82,99,4,43,24,87,6,38,72,67,76,44,39,75,52,94,95,73,72,19,97,27,43,45,67,71,51,72,37,85,39,46,98,61,38]
[86,41,58,83,80,37,55,50,41,83,89,4,48,91,90,75,88,54,16,74,22,90,79,49,35,83,45,84,64,79,32,2,74,42,94,84,60,32,24,16,84,71,57,90,34,61,27,70,60,95,12,92,35,61,74,72,55,3,73,0,14,83,71,53,75,73,87,23,79,24,11,26,34,43,63,54,82,93,9,74,12,89,82,65,80,95,29,45,0,88,49,9,30,33,54,15,3,67,92,11]
[54,15,82,33,39,91,42,11,79,95,13,24,52,90,97,82,79,21,27,91,99,70,49,99,95,65,54,47,66,1,87,1,64,79,85,76,83,0,36,26,97,54,65,5,25,98,84,67,26,61,77,60,7,73,62,82,86,9,83,57,0,22,45,1,37,50,41,93,93,47,12,58,10,86,72,21,18,20,46,42,6,2,96,58,13,28,67,16,38,97,25,8,49,48,36,48,16,78,91,89]
[66,25,33,80,15,81,81,66,14,77,48,27,42,83,45,4,75,13,62,92,28,73,3,62,51,50,61,52,89,94,43,22,9,66,10,28,73,61,11,82,88,23,50,78,81,77,51,63,3,23,68,32,62,54,37,0,96,29,96,38,61,31,69,2,51,19,26,87,74,64,89,31,75,8,31,0,41,55,34,41,21,72,50,6,23,32,84,29,18,88,0,55,25,43,29,38,37,57,17,77]
[4,8,86,41,47,59,59,37,35,33,2,94,87,12,58,75,30,99,97,50,32,98,25,18,76,58,20,61,53,34,37,52,93,78,10,77,69,99,23,32,60,56,8,45,14,97,48,14,93,1,54,53,51,94,84,25,95,28,12,90,6,14,83,11,47,46,14,44,47,4,31,77,7,15,36,18,31,80,71,97,51,16,6,6,57,44,90,62,71,92,76,91,56,93,36,83,14,52,86,48]
[14,61,43,13,87,84,84,12,46,32,87,92,71,70,23,54,46,65,74,3,65,76,94,28,18,79,16,54,73,8,45,4,38,2,24,4,85,41,21,60,43,21,36,15,14,56,18,87,38,92,69,48,7,13,63,3,23,65,56,61,48,45,16,96,19,20,17,21,80,76,11,32,26,72,15,9,84,38,86,91,54,37,82,86,45,63,67,9,89,14,75,51,33,13,52,69,74,50,82,37]
[40,54,85,66,17,3,54,96,7,80,99,99,17,46,83,60,49,71,39,4,62,84,24,36,47,6,14,16,16,59,15,22,94,39,72,27,45,23,5,63,85,85,69,66,67,78,64,42,93,37,24,89,25,54,87,81,88,55,99,47,42,10,49,1,18,0,33,74,39,66,94,24,59,39,66,89,41,86,76,95,90,50,57,43,64,15,27,61,51,88,17,15,65,75,25,99,41,73,67,51]
[92,46,77,32,33,47,43,49,31,80,64,28,73,27,1,11,81,26,79,78,27,18,60,67,89,9,39,98,85,98,63,38,63,84,87,63,11,52,48,94,35,54,36,18,18,3,59,49,11,20,69,24,25,42,6,0,72,81,54,14,26,7,10,62,74,12,89,92,65,56,28,64,3,78,0,81,91,75,12,28,83,6,99,31,88,67,33,28,98,94,40,0,82,99,67,95,8,13,73,73]
[40,44,51,34,89,11,78,51,47,25,72,47,63,19,82,93,61,26,87,74,22,67,65,84,59,37,91,90,15,99,62,76,26,99,75,59,61,64,51,27,50,53,93,53,45,75,9,72,61,73,67,68,0,35,67,38,29,24,44,23,76,81,0,36,1,91,95,31,79,92,24,0,60,27,20,91,21,39,22,94,92,11,12,10,98,39,9,40,44,78,5,46,49,96,41,32,25,28,43,5]
[30,43,98,59,8,79,52,72,17,10,1,2,22,67,80,38,31,25,97,76,10,44,66,83,7,25,75,57,86,88,84,74,11,53,89,78,18,92,6,93,2,74,62,24,67,5,75,5,44,68,80,64,65,25,93,93,78,28,36,61,69,93,57,58,25,73,81,91,82,90,4,85,43,9,97,48,75,66,7,94,65,27,97,43,99,98,0,77,5,45,5,86,16,15,62,40,57,57,57,57]
[56,70,4,74,21,5,61,18,22,98,14,99,5,16,90,25,22,90,90,34,52,95,90,91,8,37,12,69,26,15,35,24,80,71,89,89,35,56,79,82,89,15,19,29,49,57,77,50,84,61,47,5,21,8,42,36,1,79,37,93,45,72,81,56,90,74,92,93,99,71,71,97,94,59,19,8,4,47,19,42,51,12,44,66,73,35,23,93,63,34,59,55,49,16,96,42,14,98,64,96]
[58,30,75,19,18,98,8,12,90,59,84,72,17,61,45,90,15,45,5,64,81,32,10,64,42,58,31,65,75,72,73,48,62,63,44,6,35,35,82,71,60,88,34,26,77,57,39,32,44,3,84,3,4,24,8,68,82,70,10,9,34,18,99,9,95,82,93,30,72,24,88,34,51,8,4,25,56,38,62,86,57,4,80,44,61,99,7,9,34,2,89,80,77,31,76,25,8,59,66,97]
[32,28,31,83,27,32,78,75,8,54,51,22,23,85,6,96,32,78,66,82,5,78,5,79,29,39,55,54,68,50,56,93,35,23,85,23,99,68,80,63,61,91,93,22,92,52,93,77,49,84,59,17,93,85,71,94,49,21,82,70,20,81,8,95,35,60,56,33,98,86,82,47,96,88,72,84,39,29,27,29,70,54,54,15,36,34,43,71,90,70,34,99,81,69,64,3,45,52,28,84]
[80,56,54,82,25,85,96,68,21,16,23,5,61,11,23,93,40,63,2,15,99,12,24,97,61,10,84,7,46,54,35,9,40,32,50,71,24,70,29,44,75,14,16,74,69,34,9,15,79,45,52,52,21,25,73,51,59,80,56,15,33,0,65,55,59,37,4,58,95,41,20,9,61,26,75,71,20,0,65,42,67,1,18,62,92,55,27,60,2,46,77,81,86,52,69,45,56,77,51,23]
[72,51,30,79,39,38,18,47,60,81,77,59,91,55,44,75,85,90,1,71,43,14,11,48,81,24,86,42,92,97,37,66,16,91,90,37,72,60,80,50,91,46,20,61,7,63,50,13,86,33,20,81,93,34,81,64,86,50,40,27,62,10,76,19,43,6,40,92,4,46,0,8,99,79,62,29,72,57,55,43,32,56,43,98,69,28,48,93,90,50,11,87,71,30,81,95,21,51,92,31]
[88,9,47,69,83,11,72,55,54,8,49,73,67,28,34,22,91,61,84,39,51,47,80,35,50,90,84,81,86,30,75,59,0,98,56,38,30,30,49,95,24,30,86,32,39,8,81,60,97,9,37,51,2,1,46,19,20,70,68,49,35,32,4,68,27,55,81,69,6,52,89,84,39,49,75,70,29,73,89,56,26,56,50,20,79,41,5,31,45,98,78,35,34,24,39,2,22,5,28,68]
[82,54,88,35,82,82,15,9,51,14,77,4,92,26,64,9,58,46,78,46,76,21,62,79,48,23,13,4,44,67,30,22,29,84,83,71,62,74,52,12,6,51,65,66,91,67,19,44,3,97,28,89,97,97,76,69,90,0,77,3,50,79,95,75,45,68,21,29,54,27,32,59,11,73,45,46,60,15,99,72,87,1,71,79,49,97,28,58,38,31,3,82,91,80,31,55,1,69,10,73]
[92,99,21,33,59,20,66,79,6,83,32,25,85,65,54,84,86,23,64,53,73,56,49,26,32,68,46,44,54,72,10,97,76,57,33,36,78,73,52,44,76,41,38,74,85,85,21,63,30,52,53,26,28,80,34,7,20,7,53,33,4,66,24,90,38,39,79,85,84,92,84,77,63,67,12,53,61,28,92,88,83,76,34,75,85,64,95,46,25,82,14,16,35,56,28,3,14,93,36,48]
[80,59,33,87,28,51,52,22,8,61,61,14,7,10,42,23,11,25,97,76,53,69,42,6,36,99,9,91,32,42,7,75,49,65,6,0,77,17,95,93,34,73,1,19,1,72,72,95,59,15,11,18,10,18,52,98,65,73,82,74,34,24,81,15,21,67,82,12,10,74,98,32,84,57,44,14,40,24,35,88,37,74,66,0,33,12,69,68,21,68,49,86,80,19,7,22,18,41,77,29]
[56,9,89,75,27,9,44,51,77,28,15,70,37,26,67,74,35,17,98,97,69,90,6,59,53,96,43,29,22,17,24,88,23,2,71,26,35,94,24,24,36,82,48,25,51,76,73,83,56,46,18,68,59,19,94,80,58,65,13,82,11,30,6,56,90,16,33,69,76,11,0,55,52,11,42,82,71,72,48,0,7,59,84,41,28,30,12,90,22,71,51,83,52,9,83,11,42,0,95,53]
