[64,94,76,49,38,14,77,17,44,4,56,33,11,17,44,50,75,47,85,15,32,61,84,99,68,42,86,33,4,55,77,32,18,52,19,30,78,45,13,81,17,30,69,90,79,64,13,90,6,87,43,94,48,29,42,66,37,93,70,42,65,10,96,77,41,15,30,28,94,60,34,20,8,31,54,48,78,4,64,81,70,2,91,83,30,52,70,29,67,41,73,86,26,33,31,72,69,12,44,58]
[20,96,91,45,53,94,24,7,87,10,7,53,14,98,49,19,20,26,88,10,11,29,8,33,36,99,45,29,37,39,55,8,71,88,8,77,39,37,7,99,69,13,64,20,40,89,17,88,97,45,61,51,31,47,52,63,41,64,62,23,26,31,33,58,43,77,21,16,78,26,55,24,34,78,46,78,88,0,78,92,97,8,32,0,83,37,8,29,14,53,30,71,67,50,15,72,32,9,91,50]
[78,26,52,37,43,71,29,92,76,93,81,38,9,78,70,84,85,48,91,51,90,73,3,3,96,38,38,24,37,2,13,79,3,90,28,30,66,23,71,28,18,36,41,20,20,70,81,76,81,50,44,5,91,38,1,26,29,8,91,51,28,80,20,37,99,65,67,23,76,32,80,44,91,38,60,32,56,99,45,52,2,43,81,7,3,25,62,83,0,63,90,93,57,42,36,45,87,35,3,2]
[86,87,32,28,76,13,20,87,26,74,48,39,92,55,54,12,9,21,6,34,28,45,89,9,14,44,57,53,7,56,19,67,36,57,80,20,42,76,10,76,76,62,78,65,75,84,52,98,46,59,51,95,62,23,23,24,20,94,33,70,35,51,64,42,13,24,83,89,9,85,24,9,75,6,1,67,95,9,2,61,58,2,29,87,43,28,6,17,30,58,55,85,33,34,89,19,19,41,54,53]
[44,76,74,42,56,71,68,91,61,17,25,10,39,15,21,6,70,66,3,87,42,8,0,3,80,95,20,55,97,86,3,14,4,25,43,39,85,32,35,77,9,23,58,7,50,97,58,54,75,19,2,48,50,45,79,19,98,76,38,31,91,7,69,33,16,39,97,85,0,65,59,90,74,0,66,18,0,41,24,1,64,64,15,60,96,92,52,59,51,10,71,70,57,95,25,41,9,88,34,23]
[22,47,70,29,30,29,54,98,22,4,0,46,65,52,24,78,52,69,42,65,45,52,40,39,43,14,12,19,60,58,9,61,79,15,47,89,13,68,95,47,35,65,41,0,22,91,89,25,31,40,49,16,63,49,44,64,38,24,4,70,97,42,82,38,53,78,0,3,91,80,97,36,2,86,41,40,43,89,63,21,22,95,54,41,53,37,0,98,78,20,32,53,14,38,96,30,29,11,95,58]
[74,66,92,13,60,54,94,78,23,65,81,34,60,4,78,14,83,13,56,2,3,30,7,11,5,63,18,32,11,36,22,90,76,48,61,73,0,15,89,15,78,99,80,91,66,41,89,98,17,36,99,12,36,78,79,10,41,76,16,1,94,99,86,99,24,53,74,25,31,99,18,89,95,16,74,1,39,92,71,42,35,50,13,7,14,76,50,78,30,38,62,17,38,94,26,77,37,58,85,69]
[82,7,2,65,4,3,6,69,33,90,50,84,80,51,3,10,21,84,33,70,38,78,19,44,90,22,24,63,27,13,86,33,40,32,78,65,46,93,74,73,19,11,63,52,93,80,28,76,61,50,24,81,52,7,92,85,36,58,60,45,24,63,16,21,13,79,37,57,33,42,82,67,73,98,40,85,15,13,21,47,60,6,48,50,48,37,99,46,12,21,63,70,48,76,5,93,5,78,22,72]
[18,52,36,9,36,82,44,76,50,86,15,38,4,48,44,3,65,47,12,1,90,3,89,49,96,96,91,73,47,32,37,64,30,4,17,38,22,67,8,5,6,69,93,1,18,80,34,59,40,61,52,79,77,45,0,19,61,58,17,96,61,82,98,23,22,60,78,45,30,11,2,49,69,3,57,75,18,73,42,7,43,15,19,15,44,74,14,83,58,30,0,67,53,88,42,66,44,70,80,5]
[2,89,9,13,63,41,26,45,5,36,33,35,75,70,58,73,54,44,46,16,82,48,27,91,67,91,33,12,13,14,24,5,55,45,23,47,14,51,39,74,48,40,41,48,21,45,62,73,26,34,73,63,69,94,99,32,81,35,70,65,75,19,0,39,59,73,44,89,96,70,11,68,91,48,1,75,87,41,55,89,95,0,84,86,65,10,24,23,54,16,73,54,47,57,26,22,10,95,99,36]
[92,47,64,54,73,84,38,50,12,20,96,33,64,37,76,11,5,35,29,19,12,77,55,94,3,42,16,14,27,76,17,80,7,36,56,57,58,31,81,35,30,56,60,16,28,8,60,59,8,60,58,74,80,58,54,28,77,87,51,97,27,96,86,0,7,36,68,57,87,43,16,88,81,13,13,62,81,94,14,56,41,89,21,21,59,3,94,73,98,4,67,60,18,9,33,36,18,92,22,11]
[72,65,59,88,51,61,46,36,96,42,83,53,66,72,70,31,5,29,48,30,19,19,85,61,34,86,41,21,6,71,37,87,65,94,55,58,13,46,59,84,8,66,10,39,7,52,13,27,80,33,10,51,50,94,37,81,12,40,22,68,98,80,37,81,60,14,60,46,88,40,93,36,74,54,10,55,32,82,54,84,44,78,58,34,78,61,42,50,98,87,67,82,40,32,12,18,76,41,41,10]
[2,54,1,64,64,86,40,77,7,2,51,68,61,44,28,34,41,31,47,41,92,95,60,15,94,55,9,76,31,33,39,16,24,85,32,62,28,86,20,48,27,2,2,8,54,57,99,12,14,78,77,98,8,86,5,94,86,10,35,34,31,7,75,89,53,9,10,23,88,65,28,29,92,93,4,56,28,62,10,5,41,44,35,41,41,63,16,34,53,25,26,46,47,85,58,66,54,90,14,40]
[0,4,66,4,42,61,30,85,78,84,41,28,90,17,99,76,93,53,4,9,71,91,40,52,18,68,83,92,95,44,30,20,64,87,73,64,16,19,28,50,14,38,9,2,92,81,15,21,67,56,37,99,6,94,27,64,4,74,2,15,55,62,52,3,13,44,26,98,7,95,90,34,43,77,8,78,19,55,57,3,86,73,76,30,41,40,76,47,76,14,84,90,19,18,77,5,97,65,51,58]
[78,1,83,71,9,48,40,86,60,49,98,38,68,79,87,44,14,95,79,59,36,37,39,90,34,78,17,94,13,26,87,75,74,89,48,5,4,80,89,15,58,29,17,79,60,87,44,1,33,89,15,70,87,18,25,35,1,20,32,42,9,78,66,70,58,34,89,30,15,43,26,48,58,92,13,48,57,44,27,15,7,7,74,47,97,82,34,32,31,94,85,46,57,21,4,50,27,66,10,71]
[52,84,19,99,32,15,73,35,57,7,11,12,40,85,38,66,18,68,8,18,77,89,25,93,62,68,38,61,52,51,34,41,62,72,72,45,79,8,58,62,55,35,63,32,99,79,4,91,30,12,29,33,94,97,52,83,90,98,43,65,14,39,6,35,73,82,13,13,88,36,44,43,39,80,86,44,85,5,19,26,61,91,40,32,15,34,18,0,30,63,92,26,52,72,39,57,73,39,71,8]
[6,3,86,45,1,39,93,64,97,3,57,84,67,16,98,28,60,8,98,44,27,68,83,89,3,88,38,91,22,5,81,50,65,45,10,69,9,47,54,80,87,9,88,88,40,64,42,89,60,39,70,47,95,56,74,86,66,93,38,77,44,3,12,55,83,97,14,45,11,40,68,19,1,10,21,81,40,74,8,46,55,23,32,22,8,36,80,57,42,32,89,63,59,58,42,58,57,13,43,47]
[60,5,29,76,82,77,59,13,43,35,27,56,39,67,60,3,9,29,40,90,74,22,87,92,17,22,42,64,77,95,0,11,82,83,6,21,46,74,29,50,81,19,24,24,77,14,98,99,45,61,93,44,88,32,73,43,77,10,4,92,5,57,38,32,96,30,42,18,3,3,19,48,12,73,69,88,57,74,96,94,2,68,0,64,32,52,43,34,23,11,16,41,28,91,85,30,74,45,4,45]
[68,3,84,65,11,89,42,25,69,94,74,48,40,77,15,64,99,9,15,84,23,43,82,1,7,50,83,69,54,6,33,16,69,14,64,86,30,51,46,65,11,82,77,64,12,89,15,26,71,48,33,90,67,79,42,60,25,53,59,92,43,83,61,22,78,81,23,86,2,70,2,26,85,3,36,79,10,97,43,77,62,8,71,28,40,67,11,24,93,13,18,87,39,45,99,67,83,31,54,31]
[2,76,82,91,73,24,19,20,17,31,49,49,18,41,51,45,45,91,51,86,73,48,43,40,94,36,73,39,36,69,72,13,7,3,86,96,9,62,26,85,30,64,19,82,1,4,28,78,7,55,64,87,27,25,46,65,81,64,77,86,17,34,93,2,77,13,45,33,67,20,66,7,40,24,6,21,17,76,15,3,73,35,66,66,81,97,31,79,8,45,60,97,30,18,6,8,23,92,28,11]
[2,38,90,33,20,23,2,44,68,58,98,15,12,79,79,67,58,15,47,17,18,83,53,78,35,78,9,23,90,29,75,68,41,21,90,29,22,9,94,41,76,9,67,87,47,22,2,98,41,32,53,28,68,22,18,43,40,77,5,25,41,36,14,54,10,85,71,16,97,9,40,75,99,93,18,67,28,26,6,11,4,95,85,0,73,81,33,51,33,68,59,44,4,81,89,56,32,72,84,74]
[54,65,35,30,17,55,64,98,61,42,73,89,69,25,54,30,50,21,57,0,68,44,29,13,45,95,18,86,42,44,70,17,62,77,96,72,30,54,85,34,39,17,28,56,76,73,35,30,59,92,60,27,83,83,46,31,56,92,40,33,46,22,40,82,69,66,42,17,42,37,80,16,56,7,94,92,94,42,79,61,53,12,30,40,86,11,16,82,24,63,55,66,40,99,91,20,66,52,13,47]
[14,60,40,97,87,56,7,72,10,6,71,33,26,60,99,91,66,59,15,23,45,89,14,31,58,15,99,48,61,71,77,71,90,58,34,80,3,37,80,66,8,46,14,90,92,66,43,38,11,59,3,42,55,36,65,63,73,69,8,16,80,69,91,87,65,1,89,35,82,4,61,76,61,46,4,49,62,34,63,94,45,68,48,75,18,67,17,8,18,15,27,59,30,47,34,44,80,72,63,75]
[84,42,7,1,71,5,84,55,24,98,67,11,44,82,27,43,46,72,36,96,2,36,21,67,63,73,37,15,45,98,42,53,73,98,70,88,12,42,11,87,24,76,85,42,90,83,82,86,57,74,97,46,69,66,34,83,24,7,63,46,70,38,79,5,23,10,15,17,1,5,94,12,64,39,35,11,62,35,38,70,79,61,64,39,10,91,64,13,0,56,10,55,82,95,11,37,9,42,44,59]
[88,91,17,11,58,39,87,8,72,84,51,8,27,17,78,95,28,22,91,58,2,91,44,76,4,61,4,69,43,50,52,21,89,24,16,22,77,46,95,42,43,98,16,27,65,83,69,48,59,67,6,37,8,25,94,68,10,2,77,12,8,65,41,31,72,49,8,15,75,67,60,5,84,94,54,94,73,4,77,32,38,18,83,29,57,47,50,27,72,74,81,40,1,2,38,13,31,15,8,99]
[10,11,40,27,11,8,66,18,62,22,91,64,83,45,41,82,0,31,52,31,14,31,0,33,40,78,46,57,99,37,80,12,54,73,29,52,60,93,88,96,68,82,24,0,42,40,88,48,10,0,20,87,65,74,64,96,0,22,95,98,54,36,30,18,31,89,99,65,75,65,35,80,41,47,50,48,44,64,14,54,52,12,33,74,6,50,60,70,18,15,29,2,98,54,88,53,51,51,2,10]
[18,49,13,98,38,16,19,89,36,19,90,95,71,41,77,47,3,60,42,80,41,94,17,71,18,83,60,37,62,99,67,73,46,79,55,38,10,80,35,6,23,97,98,2,2,87,72,70,38,6,97,57,80,14,80,48,48,79,42,12,69,91,69,50,69,59,8,22,18,13,73,83,41,37,58,34,94,58,78,74,30,1,52,93,13,21,99,6,63,37,16,59,62,39,17,5,91,17,95,14]
[74,48,14,19,95,93,9,24,53,64,33,66,27,32,12,96,92,83,15,25,77,60,85,93,45,67,63,66,72,30,28,0,68,34,66,14,62,57,72,4,30,15,23,78,5,31,20,97,92,92,71,81,9,41,14,7,51,19,62,14,44,77,75,53,87,38,32,68,32,56,41,49,95,4,9,82,0,99,28,96,26,16,73,54,19,31,13,65,56,94,63,36,59,79,49,84,93,47,61,62]
[34,6,74,4,36,79,70,58,68,27,72,7,77,75,91,81,23,7,93,34,35,18,2,59,49,63,13,67,50,29,33,50,93,40,54,56,10,25,20,74,17,16,81,96,94,76,10,20,57,40,42,35,69,58,91,49,62,81,95,71,51,40,56,18,51,89,58,51,29,24,9,71,83,85,78,84,32,69,22,49,1,74,33,99,29,97,58,77,18,46,4,64,36,87,26,64,78,45,29,55]
[72,84,78,20,42,3,63,78,36,0,10,67,35,10,81,27,72,32,94,64,37,13,27,57,24,91,30,14,92,81,63,0,99,27,35,61,39,81,68,27,37,95,35,2,99,31,50,47,61,80,40,44,27,47,24,35,67,37,78,24,39,97,56,39,63,24,27,34,16,47,6,47,20,52,5,10,5,97,65,39,41,75,84,47,61,15,75,33,47,3,64,20,98,12,61,24,24,42,51,87]
[66,94,52,77,40,84,92,7,97,89,92,62,48,66,2,4,1,29,77,37,53,6,0,79,24,50,96,98,33,11,43,24,21,97,43,6,6,7,96,98,35,47,65,81,13,45,93,75,24,62,57,80,43,38,64,78,59,23,76,63,7,17,67,30,22,0,21,78,82,93,56,34,24,30,52,11,72,36,90,52,30,49,11,13,25,11,74,8,70,40,38,48,13,46,35,83,75,36,76,60]
[4,58,87,46,93,99,70,79,38,77,63,21,25,98,75,0,41,46,32,74,21,11,97,38,24,69,6,91,77,57,86,90,88,36,95,50,21,70,19,87,33,64,54,1,77,87,37,48,66,95,94,97,10,76,63,52,8,65,15,50,47,2,96,97,27,28,80,14,5,37,43,31,8,30,47,55,33,54,82,27,91,63,45,23,86,32,77,62,87,74,98,76,92,12,25,22,96,43,16,43]
[20,74,47,84,32,73,21,89,36,4,77,38,26,20,3,48,93,89,62,62,57,0,24,93,97,1,37,77,82,23,32,64,9,68,46,41,90,33,73,29,24,35,34,6,84,53,52,55,14,90,56,76,3,42,54,35,77,65,85,1,81,24,48,13,19,85,37,42,65,49,26,71,73,49,84,11,1,82,83,98,37,59,61,17,24,82,54,98,96,74,65,56,81,76,34,43,81,79,68,47]
[44,86,96,29,98,74,58,89,88,6,89,89,67,45,51,27,49,98,1,97,57,4,33,79,90,0,78,47,77,13,81,81,45,55,61,65,81,62,64,3,45,78,96,21,59,69,65,15,73,5,89,20,15,53,19,62,42,4,42,93,92,77,5,1,33,13,75,13,15,70,33,51,17,60,73,14,34,26,2,67,77,84,82,97,34,57,39,96,40,56,29,74,9,12,39,65,10,21,86,12]
[12,20,62,14,28,71,20,21,85,12,53,89,63,78,73,99,10,7,38,9,60,79,33,39,56,81,51,78,29,34,77,30,15,40,62,40,39,56,7,9,37,12,23,35,95,25,98,2,29,8,64,30,99,84,63,43,68,61,78,25,9,68,74,64,99,20,43,28,75,47,30,43,22,81,77,60,25,79,40,31,3,96,53,87,86,39,89,43,52,28,16,82,98,64,90,57,32,44,20,92]
[68,69,98,34,54,24,85,5,21,57,68,54,12,98,55,49,87,14,73,90,24,3,58,72,15,29,35,91,22,53,21,45,39,38,32,37,52,52,29,42,32,51,22,51,88,22,92,27,85,14,84,67,89,41,15,76,57,17,51,17,85,74,90,10,72,62,89,78,52,45,84,18,70,69,66,6,39,73,55,27,86,11,29,76,61,6,16,74,79,42,51,71,93,71,88,73,62,49,12,28]
[6,80,55,38,10,91,51,92,17,78,81,11,42,1,10,45,33,83,51,57,54,29,55,5,70,77,38,99,18,31,87,28,25,4,12,69,57,64,2,0,50,82,53,59,10,80,49,28,10,36,38,58,66,46,99,55,52,71,9,27,39,44,68,92,7,61,26,44,26,26,43,21,42,88,27,25,25,7,63,18,74,55,88,96,70,9,54,53,95,66,75,86,86,32,29,6,95,36,33,75]
[98,51,82,13,89,12,47,62,4,36,16,96,71,2,82,0,62,86,65,60,59,33,98,48,22,10,82,64,49,37,78,10,80,13,23,83,87,15,29,97,11,77,36,49,83,77,19,30,39,9,88,87,76,85,69,28,60,88,69,4,81,82,60,12,5,18,21,44,76,20,30,36,65,84,90,77,20,11,55,98,25,54,47,49,2,93,9,47,91,56,48,65,43,9,35,86,16,7,37,78]
[40,0,85,12,99,55,19,68,92,12,66,67,43,9,13,12,2,65,53,81,80,47,44,51,59,22,48,55,54,84,43,55,47,90,87,65,64,91,19,6,5,85,69,54,58,13,28,56,14,62,29,61,30,42,73,75,26,36,25,57,86,50,23,26,90,86,31,58,92,89,86,4,82,21,86,34,5,4,54,43,7,19,73,36,2,63,59,3,30,51,8,29,65,66,80,82,11,69,49,92]
[80,12,59,17,31,1,96,14,31,55,89,43,25,28,65,37,23,35,17,97,50,85,44,44,22,97,3,90,53,44,30,38,57,33,45,81,17,13,1,86,85,59,63,43,45,56,71,51,53,77,15,88,18,22,2,55,55,8,77,75,94,38,53,31,66,98,75,96,71,39,42,94,60,70,69,34,22,46,97,23,1,81,29,19,84,34,51,13,98,61,4,9,64,82,79,78,51,50,84,0]
[34,43,66,55,89,18,47,68,21,68,60,91,24,46,45,13,97,79,49,33,65,61,42,15,33,70,48,37,92,1,84,46,53,28,26,91,30,71,50,60,73,4,24,89,52,13,39,15,48,27,68,83,70,91,30,74,89,52,24,35,53,4,79,21,93,16,67,80,5,87,41,39,50,43,69,48,90,25,81,21,54,63,62,40,31,63,77,2,25,42,11,28,86,14,30,38,90,90,70,1]
[56,41,51,83,44,25,98,62,68,34,94,66,40,55,43,99,69,81,33,52,40,30,44,24,78,76,58,42,99,70,42,53,11,68,76,90,22,36,46,72,68,18,99,67,28,88,31,21,38,31,54,70,77,31,38,78,10,57,79,41,43,71,62,82,0,92,54,17,83,0,23,16,48,44,38,9,68,18,79,31,80,12,90,30,62,61,80,60,91,6,41,38,32,8,91,93,26,39,37,79]
[86,75,67,10,15,69,44,35,63,82,29,79,33,24,85,84,68,50,97,83,49,43,27,31,42,3,68,28,87,94,22,17,84,14,24,10,85,67,47,90,38,6,15,71,98,68,76,35,42,45,31,81,24,93,45,97,58,49,78,33,98,75,88,7,36,1,67,48,82,65,17,86,76,51,7,34,3,3,38,88,65,5,12,72,92,71,28,91,36,90,29,15,59,57,3,80,50,36,3,96]
[58,89,57,82,74,65,5,8,89,13,16,70,36,71,97,27,81,81,94,27,27,14,40,6,22,37,52,49,87,58,38,87,89,23,80,87,88,28,31,25,74,87,52,79,40,24,70,98,55,4,97,22,76,49,73,10,71,38,45,86,31,29,70,23,83,79,28,97,84,8,87,89,4,24,84,92,1,14,3,17,94,43,65,83,58,83,6,0,66,25,37,2,81,40,20,90,12,70,99,19]
[78,40,33,41,0,45,99,24,76,5,29,91,78,59,15,1,58,41,82,27,71,33,30,51,19,66,26,19,42,60,54,86,55,86,77,11,63,29,98,68,97,46,2,22,48,83,28,16,11,94,47,6,26,11,57,21,51,2,89,4,88,94,27,65,77,96,5,15,74,19,18,20,6,32,99,84,43,54,53,5,18,97,6,4,56,37,42,65,78,83,57,86,2,88,35,76,10,73,39,64]
[22,34,56,31,16,57,65,5,72,69,0,11,98,16,54,68,80,4,39,69,15,85,0,69,43,64,12,19,9,72,38,62,26,72,41,69,40,20,50,1,74,94,23,20,97,97,45,60,54,57,37,49,81,53,37,12,15,59,66,25,63,54,77,19,63,78,41,88,33,3,84,16,34,88,48,11,80,32,6,52,40,4,18,48,74,61,89,24,76,23,43,19,79,59,69,51,90,38,63,24]
[56,87,73,14,0,37,42,11,21,90,49,91,42,94,52,58,37,89,5,79,51,35,71,25,92,80,2,39,59,42,31,62,57,72,42,68,2,12,39,10,64,37,68,65,36,99,76,87,9,91,25,94,72,46,53,67,82,39,71,85,16,30,5,15,88,65,94,12,7,45,98,90,91,85,37,43,7,91,85,5,29,35,73,36,14,63,66,91,70,53,70,11,48,40,8,48,30,97,99,62]
[50,89,31,91,97,29,37,40,65,91,32,41,62,25,12,83,93,15,68,13,59,33,77,63,94,27,37,4,35,86,26,42,13,32,30,20,6,19,16,44,51,6,95,71,91,25,72,66,96,68,2,22,54,49,85,45,73,99,82,76,90,30,11,73,23,68,76,98,48,13,62,3,61,4,21,70,16,95,67,73,9,34,60,66,83,31,65,7,11,69,22,31,51,42,69,14,64,95,84,77]
[40,77,67,34,79,42,98,55,75,71,10,17,79,28,83,57,29,36,35,34,83,36,98,95,63,35,57,57,84,97,82,68,85,33,58,71,46,20,26,77,93,12,49,60,94,74,94,6,92,29,69,55,20,52,8,38,90,91,96,2,91,17,7,24,92,70,40,72,44,84,10,2,25,0,43,60,74,13,93,46,37,76,48,61,36,2,31,24,27,83,31,93,96,71,34,93,16,44,73,80]
[78,24,89,88,9,49,53,96,11,56,13,40,28,54,64,52,54,78,55,54,7,43,49,46,9,76,39,22,83,27,33,75,64,60,52,43,17,69,19,88,33,27,45,65,96,23,9,76,66,14,48,28,49,18,45,66,17,91,34,44,17,27,8,1,99,11,97,56,26,94,25,96,4,19,89,25,98,3,6,65,36,36,35,54,45,82,34,67,72,65,28,2,31,32,61,18,69,73,54,83]
[38,87,0,78,60,27,96,82,68,47,79,29,1,52,36,8,59,83,66,39,58,44,94,59,19,97,71,59,19,13,87,6,94,9,1,56,17,77,45,73,92,12,4,93,75,99,95,12,57,17,19,5,54,21,17,96,78,8,80,31,59,38,76,19,36,83,19,87,88,91,67,61,70,55,43,32,39,18,78,79,18,37,34,20,9,72,3,77,44,11,17,15,19,32,4,89,2,18,41,86]
[72,47,22,42,66,19,34,43,93,97,92,20,67,4,60,59,43,7,40,28,31,93,72,50,28,17,20,58,53,93,64,83,38,54,18,73,96,36,87,70,70,52,92,82,78,92,92,67,78,7,51,15,90,18,96,30,74,55,0,75,57,40,58,86,22,52,54,68,76,59,18,20,1,59,21,76,60,84,26,63,51,96,34,36,56,63,98,64,20,55,23,77,19,16,89,9,31,89,31,69]
[26,39,93,83,47,82,12,11,1,69,23,81,77,54,11,1,19,8,28,51,15,18,31,59,45,29,12,10,53,41,29,75,91,56,26,48,40,45,17,24,94,65,14,46,65,40,31,45,62,60,49,64,14,2,70,29,92,10,72,81,97,67,20,54,77,15,56,94,87,87,15,0,17,88,75,45,78,4,97,5,77,75,21,27,54,32,81,47,85,31,35,44,67,73,72,83,1,76,80,59]
