[64,95,21,94,25,56,3,94,49,43,15,61,15,62,57,58,48,46,78,75,1,88,72,70,99,0,30,99,64,1,83,25,3,7,88,58,2,94,79,45,71,32,17,75,77,86,52,62,41,1,71,35,21,60,26,26,10,22,37,48,10,46,30,97,73,58,71,56,43,58,66,8,75,25,71,28,96,10,80,31,25,49,21,55,44,5,43,41,60,99,15,6,7,37,52,52,31,60,13,47]
[58,13,89,80,5,43,9,61,73,47,30,70,89,67,63,82,11,80,97,31,11,34,57,3,1,12,65,77,65,16,67,76,32,21,61,84,72,26,5,39,88,38,61,3,86,67,48,80,69,72,35,88,83,41,50,80,69,9,3,74,87,7,13,31,56,78,6,96,57,45,11,88,54,24,26,85,93,45,35,25,76,48,96,44,7,70,14,81,86,60,44,17,77,28,43,63,6,16,89,3]
[30,52,51,42,20,0,30,20,47,69,71,52,75,6,92,21,71,12,62,78,67,26,15,31,60,58,93,27,6,17,22,90,5,38,41,15,92,71,98,28,16,19,91,14,90,92,90,97,80,49,29,47,66,96,0,41,19,27,61,4,68,72,54,98,44,71,12,26,95,28,34,77,67,91,44,39,60,21,38,90,7,4,29,30,16,10,32,98,42,87,97,38,18,69,27,50,45,9,59,8]
[74,28,71,57,3,18,80,1,25,21,6,26,70,10,64,54,47,33,52,30,84,36,46,80,87,21,47,48,78,20,30,35,94,75,3,73,65,87,73,77,4,65,46,15,7,9,62,63,51,86,24,49,93,70,49,13,57,30,43,83,22,71,27,19,77,12,52,52,17,8,67,76,90,35,24,58,11,17,51,87,58,7,48,33,70,54,56,98,84,46,36,61,83,45,81,88,58,25,79,31]
[0,17,44,96,99,3,52,57,82,93,66,90,93,38,22,27,8,29,31,47,16,87,81,98,85,30,11,74,41,72,27,5,94,69,70,35,67,97,7,60,13,59,40,40,41,22,76,11,67,1,34,84,17,64,15,97,78,41,90,98,62,41,28,8,90,42,10,64,62,54,8,64,47,30,66,98,56,9,37,1,38,99,36,17,15,42,76,15,91,84,54,42,1,3,2,85,53,86,12,39]
[88,62,19,81,37,62,81,34,56,75,98,44,85,11,98,99,78,24,66,48,35,90,55,4,90,14,90,83,58,15,11,72,25,84,77,67,47,74,52,66,71,16,54,65,77,9,4,69,82,59,88,40,75,62,93,91,41,83,51,88,94,99,81,35,85,12,5,53,52,76,73,29,91,93,41,47,34,93,18,14,51,77,47,26,66,77,7,63,90,33,53,21,96,51,24,21,92,78,99,8]
[36,73,91,76,65,55,97,63,44,92,37,54,63,89,77,66,95,5,78,37,9,51,41,98,56,44,75,8,83,24,51,41,24,80,93,60,24,54,16,72,20,30,33,71,81,44,40,31,76,98,85,79,20,63,27,59,36,54,93,91,26,71,34,77,86,20,7,29,1,17,56,58,37,45,51,36,98,43,64,2,3,34,78,82,75,93,21,43,12,55,3,99,86,35,37,41,28,52,25,50]
[94,46,70,86,45,13,21,95,43,94,14,39,60,47,15,13,65,16,91,29,39,1,36,4,74,59,1,83,77,23,70,70,31,40,29,67,41,16,81,3,78,71,78,44,96,68,79,43,80,16,80,26,22,93,40,82,4,68,20,47,5,55,19,15,86,43,45,85,12,81,23,44,85,52,72,45,57,52,38,78,5,30,49,99,74,17,93,27,68,27,99,64,47,4,65,52,88,33,83,78]
[66,48,51,19,0,15,68,65,90,30,53,26,97,32,56,6,22,94,31,46,10,54,77,18,99,36,48,85,24,6,63,82,84,33,60,61,37,63,18,98,33,59,81,58,50,93,31,61,22,55,23,13,86,5,97,69,16,27,8,97,28,12,88,14,91,63,29,65,28,34,62,21,77,45,14,98,94,6,36,50,97,23,18,4,25,57,44,8,16,13,64,50,65,13,6,73,88,34,30,24]
[58,48,54,43,24,44,14,93,1,26,34,79,98,54,52,48,28,93,60,4,38,69,77,66,88,39,57,82,10,8,13,89,16,9,78,66,80,0,60,89,31,17,4,61,82,78,73,14,89,72,68,90,37,70,14,31,1,87,8,91,74,28,53,42,25,32,35,16,64,45,91,67,29,40,37,9,91,84,33,8,33,75,75,97,9,2,50,8,84,32,59,18,16,11,58,85,51,76,29,18]
[84,55,94,26,78,47,83,48,78,55,27,49,5,12,48,54,39,57,2,4,30,65,38,97,66,37,94,2,13,70,23,17,86,47,46,68,55,96,77,78,72,28,33,25,8,63,73,90,64,5,70,46,39,64,31,17,64,48,57,21,4,22,68,52,15,31,44,43,30,23,66,37,67,42,43,60,40,5,51,3,51,62,92,11,23,43,98,95,25,6,19,52,30,43,32,59,48,6,10,60]
[92,29,7,88,79,64,54,25,79,17,40,15,52,67,24,60,61,68,53,76,94,59,29,49,87,87,22,35,51,66,11,26,24,55,24,2,90,0,54,48,39,55,25,59,45,47,76,73,36,0,63,88,68,5,69,15,30,19,74,91,35,15,52,45,38,11,29,6,15,93,27,14,74,77,60,92,66,26,91,31,2,17,60,7,29,35,29,63,78,77,57,80,61,25,85,62,61,94,27,18]
[94,20,14,96,31,79,25,68,73,20,88,37,56,76,0,49,35,44,80,8,34,68,32,0,63,55,46,74,82,76,13,64,32,53,2,66,3,29,67,14,91,96,42,84,25,67,55,47,33,21,14,60,31,10,19,24,90,5,0,61,80,29,69,90,27,62,71,76,46,39,15,78,20,90,8,23,34,99,72,20,6,5,87,96,24,1,22,9,82,20,82,22,88,21,13,70,76,14,26,1]
[0,75,96,20,0,24,13,82,45,91,6,68,38,21,2,29,10,20,92,30,20,74,90,89,93,20,93,42,60,19,51,79,48,29,12,99,54,12,0,79,79,40,60,49,30,10,59,99,48,13,4,24,55,52,42,34,1,63,78,61,86,0,98,88,76,62,31,38,0,53,94,2,93,28,1,4,7,73,37,48,42,95,63,66,61,62,27,85,86,22,16,12,58,70,87,55,78,57,16,82]
[92,71,95,41,12,15,99,0,8,44,50,52,39,12,48,5,26,76,18,31,14,65,48,19,56,57,26,79,90,5,69,28,54,45,53,79,23,20,64,60,51,47,26,43,59,81,69,88,2,6,68,78,30,25,67,97,70,23,27,6,37,54,4,20,57,63,84,88,78,1,38,96,13,19,0,2,86,1,43,9,29,66,37,94,38,86,26,21,60,19,98,54,97,6,70,39,1,6,75,4]
[42,39,39,61,10,57,65,53,4,92,11,3,61,76,65,2,19,96,21,65,5,24,90,49,2,7,37,15,48,66,43,29,21,94,44,75,14,24,56,6,64,40,67,57,76,99,59,28,86,59,62,94,85,38,80,94,91,57,50,2,44,47,60,77,30,1,22,8,72,70,41,40,51,37,90,22,10,35,28,99,14,31,67,59,70,36,57,94,6,3,44,62,23,98,71,92,50,4,46,26]
[68,51,34,72,94,72,54,98,10,11,19,35,27,45,59,16,25,45,65,7,33,55,43,97,10,27,27,13,84,41,47,18,7,27,84,56,91,38,39,31,21,49,20,49,6,86,31,85,44,71,76,79,17,50,88,21,69,26,42,81,32,86,52,77,12,56,34,20,32,79,81,76,78,77,30,76,60,44,94,4,43,7,2,63,37,14,32,97,76,4,52,51,96,2,73,93,34,24,44,50]
[4,26,84,31,4,54,41,74,88,14,94,81,29,66,77,44,73,15,38,64,75,17,57,10,33,99,18,24,4,22,59,79,1,13,79,75,57,12,41,23,19,67,65,44,25,63,96,62,32,80,87,42,90,50,41,55,51,10,67,8,12,87,37,75,55,31,11,56,23,44,46,29,69,29,33,78,93,58,96,16,51,79,92,35,1,90,17,2,37,27,35,40,33,97,36,61,51,99,72,30]
[0,97,25,74,97,98,94,81,92,20,87,19,33,54,22,31,20,81,96,98,4,77,19,16,39,68,60,6,65,11,38,69,23,64,61,78,39,63,94,11,54,52,56,79,43,99,76,62,88,80,98,20,71,26,39,81,30,39,36,93,96,65,81,90,72,36,27,6,52,69,31,83,39,51,91,7,0,96,80,65,43,38,0,32,23,17,11,37,18,62,92,55,88,42,40,87,74,54,49,94]
[84,70,94,53,91,19,41,40,9,98,60,91,18,52,56,93,55,85,6,10,22,86,60,0,34,22,80,42,95,68,5,22,54,31,27,17,86,3,1,74,61,17,5,64,22,17,16,84,36,72,6,70,68,98,92,92,66,29,49,86,66,97,2,97,3,79,50,24,84,57,79,44,5,5,14,16,33,18,24,33,10,40,37,75,55,86,41,18,75,23,18,87,55,50,69,88,10,36,38,24]
[0,10,97,71,39,22,30,19,68,97,7,53,62,60,27,1,19,40,33,83,35,23,8,20,72,30,98,20,75,2,60,89,33,27,60,59,58,91,42,92,80,50,65,70,18,95,33,64,56,53,14,34,82,36,61,74,35,39,83,19,27,58,64,75,74,44,9,70,34,0,21,23,69,2,82,52,55,34,8,6,82,20,12,26,47,34,91,78,46,47,46,65,42,57,54,50,47,67,81,88]
[64,25,41,27,33,1,27,51,95,97,66,3,73,78,14,75,89,94,17,17,46,28,16,23,55,2,43,38,85,21,28,81,13,20,98,82,48,12,63,12,48,78,54,73,56,2,24,66,85,80,1,85,59,74,47,15,15,62,60,20,70,50,36,4,36,46,31,48,32,49,84,70,68,69,24,74,25,49,87,51,99,84,16,50,95,12,88,85,87,37,20,79,68,53,44,88,7,9,76,93]
[72,9,73,56,95,99,55,79,74,32,38,22,35,44,62,89,73,47,12,87,74,7,52,64,67,76,91,80,72,37,93,33,42,29,64,81,57,48,51,4,44,21,49,45,20,34,6,39,0,70,53,70,94,50,92,84,16,22,97,44,11,67,38,85,93,12,47,60,42,78,72,68,76,78,58,74,35,69,9,26,63,30,8,57,11,96,48,93,48,14,90,75,96,38,71,52,29,50,39,32]
[32,82,3,88,34,82,57,6,37,99,65,74,74,55,82,63,12,98,7,53,26,0,84,79,73,53,76,90,11,75,80,65,76,99,56,67,11,43,42,27,95,12,12,42,61,28,98,85,41,99,97,73,8,8,21,7,63,48,42,74,43,46,93,80,54,25,77,30,83,95,40,11,55,15,18,88,94,91,50,69,50,88,7,44,70,62,29,12,87,75,52,65,92,21,60,95,43,65,96,33]
[6,54,8,24,52,23,50,23,77,41,49,70,8,28,26,56,35,48,98,3,70,31,35,58,47,80,95,18,72,24,55,28,24,24,6,37,33,23,22,27,48,70,44,24,72,79,62,28,80,94,51,96,11,58,36,26,41,20,18,25,36,73,61,23,26,71,70,98,58,39,85,36,71,70,78,57,16,58,79,31,75,42,44,18,61,11,18,2,46,63,94,94,50,48,49,19,23,39,89,54]
[82,56,87,38,54,13,35,35,4,93,81,70,79,61,73,92,50,56,38,3,50,90,42,98,68,55,96,2,63,31,21,20,87,26,14,62,25,41,71,90,11,21,18,43,56,88,56,34,65,86,53,28,47,48,51,51,94,69,8,66,31,59,46,47,61,97,77,53,6,92,56,35,24,38,4,55,84,35,12,3,59,35,78,2,0,44,80,56,11,27,40,92,4,89,26,3,72,36,32,14]
[52,21,89,12,55,89,95,48,18,65,86,74,33,42,25,64,81,57,3,79,52,91,24,0,97,21,59,38,88,92,0,2,72,34,63,31,48,9,59,96,83,24,46,7,25,99,90,95,49,19,5,14,2,67,6,53,18,3,83,34,50,56,24,81,53,5,61,22,91,34,5,67,14,6,35,26,0,83,21,94,56,9,77,39,91,19,72,84,32,7,23,61,12,57,40,34,92,8,77,15]
[68,37,64,10,80,45,51,43,34,89,11,51,76,17,29,96,65,14,65,64,7,49,15,13,79,38,68,86,40,13,37,65,51,37,8,81,56,71,28,79,87,18,19,28,50,89,91,5,3,40,89,67,22,81,14,33,27,95,21,97,50,94,34,69,80,50,33,40,47,93,79,16,23,49,38,25,72,90,92,36,28,62,45,78,81,74,5,53,40,89,62,34,53,53,20,61,87,61,16,30]
[2,57,78,66,80,44,36,80,91,67,76,18,17,92,76,8,12,56,57,86,70,99,36,86,4,83,84,91,88,94,16,1,90,80,12,51,20,94,19,44,77,50,48,10,36,27,7,1,46,28,44,29,5,92,73,76,93,9,61,11,6,72,93,95,4,5,76,72,79,33,12,46,94,80,63,12,86,96,69,26,13,92,30,10,6,77,76,39,1,37,99,87,22,65,93,44,26,13,63,46]
[34,16,49,11,88,34,62,20,54,27,94,87,46,28,61,34,80,17,55,96,42,97,31,51,61,11,6,15,74,28,83,97,20,57,40,52,2,71,72,53,34,20,60,77,59,25,25,61,88,67,15,41,9,24,68,79,67,76,41,36,26,52,30,20,10,86,38,79,44,59,97,99,94,94,33,58,66,35,68,62,41,72,16,52,19,91,54,54,19,77,98,91,48,43,67,5,36,20,31,90]
[30,15,5,8,79,71,42,32,89,28,24,82,8,25,26,48,54,32,50,56,82,30,68,76,22,17,87,53,13,36,70,32,68,10,89,70,32,26,55,42,38,55,60,25,20,28,60,21,84,35,19,79,11,67,12,0,58,37,9,87,57,24,29,5,42,97,20,33,70,30,28,56,40,33,33,74,50,42,72,39,39,3,69,29,83,64,59,57,18,3,1,49,17,25,90,66,8,55,34,47]
[60,92,13,69,92,7,68,24,49,24,82,17,3,39,25,57,11,64,52,40,5,46,22,22,84,33,36,65,68,69,96,77,71,40,67,56,97,0,0,68,55,59,35,38,64,51,8,30,86,47,39,93,42,83,73,98,18,88,91,46,26,93,91,80,91,33,33,49,4,31,75,45,19,11,61,26,63,44,12,24,99,95,73,75,8,30,67,98,41,27,65,14,27,39,75,27,96,51,96,5]
[98,94,57,2,52,64,69,52,13,66,71,46,84,1,50,38,70,7,45,39,92,9,69,69,57,17,4,19,62,84,91,16,36,90,77,4,4,28,91,14,2,71,80,71,7,60,50,61,68,38,24,67,48,80,51,85,87,20,96,48,66,89,40,88,43,46,2,2,10,84,70,33,70,6,0,41,29,60,44,63,46,53,61,20,45,22,29,41,26,24,68,24,36,25,5,13,41,60,17,32]
[54,48,55,11,49,24,21,7,3,68,42,81,93,3,22,11,42,93,74,29,34,13,92,70,71,12,43,16,61,36,13,73,50,47,70,47,51,64,5,71,44,26,78,93,47,29,55,80,36,82,80,98,75,57,97,95,68,58,14,3,95,33,31,38,27,7,51,33,12,6,36,6,37,65,53,5,66,90,66,54,67,21,73,66,50,66,22,39,58,98,22,4,47,11,53,86,52,6,46,29]
[84,63,44,19,78,52,46,0,84,75,97,66,62,18,54,51,37,68,99,69,30,74,2,78,9,51,73,23,86,34,98,51,71,11,59,92,26,73,67,94,91,27,99,99,57,80,79,36,97,2,1,70,95,40,56,77,89,40,46,14,92,97,96,35,22,0,84,70,50,14,34,39,45,78,92,86,58,69,35,73,38,96,50,82,90,25,70,81,75,63,53,70,20,64,8,22,47,8,20,25]
[92,33,10,0,11,23,99,2,13,73,56,75,5,24,58,34,80,63,84,4,12,68,90,62,14,12,8,13,5,98,92,28,47,62,20,15,50,37,23,92,39,94,91,28,75,87,8,0,8,69,4,10,61,42,54,55,38,68,83,23,57,49,67,88,9,22,29,32,57,1,26,54,63,39,75,56,99,26,15,7,98,92,7,68,60,29,13,39,98,7,96,22,14,81,22,71,76,41,73,23]
[82,6,25,17,50,26,38,26,75,59,30,48,79,4,32,30,83,3,96,14,43,72,89,10,49,85,0,36,64,97,31,40,5,39,64,43,56,42,51,85,37,31,15,47,74,99,34,60,2,92,20,15,49,83,69,18,40,36,2,8,68,61,85,72,94,24,38,11,65,81,18,98,38,81,96,58,86,54,48,91,38,86,3,71,13,26,41,44,28,97,53,86,27,3,75,76,13,69,61,77]
[52,2,92,98,91,15,99,20,5,39,76,40,23,87,51,40,6,34,53,96,22,25,77,1,72,42,95,87,3,38,62,29,31,85,48,76,7,22,33,52,20,0,52,67,83,93,86,24,84,18,65,60,90,4,50,9,83,98,64,3,12,71,76,12,37,39,38,34,99,34,94,76,84,49,64,88,25,74,29,73,27,70,58,18,19,70,24,58,28,76,95,50,83,0,49,56,42,23,98,81]
[58,26,30,85,83,25,59,25,56,42,54,72,50,31,71,64,15,13,8,15,15,74,93,29,27,91,29,16,75,63,28,90,28,83,26,9,21,83,13,54,91,75,39,75,81,70,91,36,41,56,98,17,29,56,39,27,54,81,52,52,83,63,61,1,63,36,98,87,76,56,88,9,88,86,61,62,34,98,89,30,39,73,30,28,71,56,0,0,30,73,78,42,83,16,49,96,72,26,66,99]
