[62,27,87,48,24,9,23,8,15,95,92,62,53,49,88,28,32,63,65,75,2,34,24,3,46,5,33,65,21,81,17,70,61,17,31,79,60,69,69,86,94,90,82,22,12,62,25,42,57,63,17,64,39,3,0,93,51,3,11,71,91,21,36,74,29,71,83,56,92,71,67,71,78,40,96,50,69,83,26,49,8,71,42,57,39,15,57,20,80,79,91,93,80,7,81,17,24,56,98,79]
[14,68,43,29,22,24,40,52,37,27,21,35,38,96,90,27,26,62,73,22,66,82,11,26,27,70,78,79,53,55,52,85,91,91,19,17,81,56,63,46,93,98,32,60,58,52,92,55,68,31,45,46,46,34,84,94,28,61,46,58,58,41,93,76,61,18,3,27,75,89,8,33,43,94,78,79,37,85,48,43,96,16,99,33,61,33,13,92,34,30,74,17,36,60,94,70,93,72,68,1]
[42,80,25,54,0,5,17,7,60,10,39,60,1,55,64,72,97,12,73,7,52,41,2,84,52,55,43,38,79,0,15,45,19,72,20,32,80,77,10,22,9,48,0,5,41,78,16,30,93,39,60,71,74,98,1,12,80,58,37,62,58,51,10,5,75,30,85,13,74,8,92,56,6,46,11,95,48,2,99,19,65,97,58,38,73,49,20,72,66,38,95,20,7,10,33,31,20,81,74,97]
[78,70,15,38,69,13,78,61,97,86,93,36,94,34,6,16,23,33,57,14,77,96,80,67,58,71,65,73,95,18,77,66,6,99,53,55,10,77,3,6,73,21,32,43,8,86,17,77,57,27,0,13,57,0,63,74,94,49,89,0,48,5,18,96,13,87,14,81,99,39,74,22,21,91,98,83,94,92,42,14,13,61,8,19,67,4,12,43,48,45,50,58,40,47,45,36,62,9,77,0]
[66,14,51,65,12,96,7,10,50,22,9,49,50,16,69,30,50,13,96,74,9,85,88,11,88,8,17,98,7,85,77,48,90,77,90,37,12,40,68,55,43,38,10,80,40,82,73,45,58,99,64,99,26,55,8,94,17,66,92,91,49,73,21,59,58,56,63,56,18,41,17,69,33,7,99,22,91,3,94,81,4,7,61,35,5,49,58,11,65,67,41,14,54,33,40,61,87,70,12,52]
[36,56,29,59,32,88,53,94,95,71,20,29,40,36,91,75,14,99,46,54,36,30,88,69,79,22,14,2,55,88,29,77,74,74,25,13,20,30,70,26,46,10,11,16,90,87,10,47,27,76,7,84,58,87,57,33,23,16,71,58,96,21,72,32,57,9,53,31,61,7,68,47,61,36,42,3,33,59,91,3,61,62,42,20,19,90,93,94,67,74,90,9,8,45,67,33,96,90,60,49]
[54,83,61,62,87,43,31,50,99,3,3,68,34,19,83,53,96,79,96,54,87,12,11,77,34,53,79,33,82,8,14,75,46,19,32,67,30,0,76,51,48,66,61,50,74,93,56,13,68,62,85,84,95,96,9,9,44,3,36,71,67,28,56,8,76,40,88,15,79,89,95,94,52,51,9,25,62,40,21,81,61,1,77,40,31,90,43,36,56,77,5,35,38,94,3,55,44,14,6,28]
[44,84,77,65,4,45,54,24,36,11,24,96,49,67,19,89,99,49,87,35,85,55,88,34,93,13,89,41,73,24,26,33,11,33,49,51,9,5,12,75,5,31,45,72,36,7,0,21,24,17,98,89,12,45,63,54,48,38,5,83,57,80,8,85,26,41,59,46,82,5,65,42,54,79,1,5,28,40,88,34,13,21,8,85,80,29,35,24,96,56,98,69,44,9,64,96,3,63,15,73]
[18,98,42,33,79,18,87,29,78,71,93,84,60,51,62,55,50,89,12,18,26,56,93,10,96,32,26,88,28,9,80,55,39,71,71,23,57,90,15,79,24,21,5,46,44,54,18,86,73,27,52,18,82,64,21,71,64,50,66,18,10,59,2,4,72,47,11,82,79,35,30,64,80,32,70,86,86,76,3,11,89,42,93,34,5,8,68,74,92,82,32,37,8,85,50,5,13,70,50,12]
[86,62,93,16,46,46,95,9,8,7,35,48,19,1,9,85,50,78,27,63,9,36,23,87,51,29,30,14,43,73,90,52,52,51,36,78,55,73,58,18,31,42,3,20,47,77,65,73,32,32,82,37,55,11,93,46,47,91,67,49,88,24,41,80,47,31,99,37,98,64,63,63,60,72,38,47,10,43,8,18,45,15,24,58,76,53,57,18,83,47,56,28,46,18,4,58,23,42,36,54]
[46,23,73,39,80,36,81,0,62,23,85,70,90,46,25,64,36,88,37,46,68,6,27,88,93,66,5,54,51,44,25,94,80,69,69,32,10,58,74,16,17,35,1,87,28,25,98,72,42,65,93,98,3,31,51,24,86,52,97,12,18,60,65,21,12,91,14,7,32,3,34,57,68,99,91,27,93,20,70,18,33,61,48,2,60,96,76,79,60,8,62,7,11,70,10,67,75,49,5,69]
[32,46,69,71,62,32,12,7,59,21,74,2,81,23,24,54,73,30,61,80,47,51,96,48,2,37,61,30,52,47,65,9,7,95,14,29,35,19,20,45,4,74,45,24,49,22,43,75,95,40,23,20,28,17,71,61,27,81,77,71,84,53,32,3,29,71,97,92,81,94,50,19,42,63,23,27,70,52,61,95,86,15,60,11,94,14,38,36,46,63,42,13,55,83,96,67,43,33,70,99]
[74,59,39,47,90,8,59,84,82,19,16,15,41,71,72,41,27,54,48,72,37,21,47,78,53,99,63,65,16,98,18,76,51,3,92,41,50,2,71,32,1,87,42,43,97,28,47,76,61,19,38,97,18,6,6,39,66,18,14,55,38,65,78,18,8,46,57,79,34,48,91,78,29,18,84,64,26,46,88,26,75,28,7,64,35,14,48,93,83,22,25,44,0,4,85,17,30,50,10,89]
[56,23,92,40,31,44,80,62,30,98,86,77,2,41,73,90,23,28,92,35,3,99,34,48,78,62,7,43,93,93,3,63,91,98,17,4,22,1,44,93,87,67,9,10,77,37,20,26,65,21,38,21,46,73,82,0,0,80,89,42,56,65,31,61,30,33,58,42,47,41,45,10,7,78,90,92,78,42,90,88,83,60,75,57,45,84,32,78,90,60,94,10,95,71,15,0,83,37,87,95]
[42,56,22,52,8,14,88,89,73,71,69,96,96,30,54,25,40,56,30,20,65,13,50,73,43,39,91,59,45,85,4,91,53,65,12,51,92,43,71,13,11,99,83,94,59,18,59,97,50,20,98,81,19,4,25,45,88,29,10,5,16,30,98,26,23,66,0,67,10,58,84,57,83,88,26,27,66,52,82,51,44,46,49,65,89,39,32,94,73,13,74,60,31,79,40,27,18,54,16,4]
[94,33,75,86,92,97,3,55,90,77,57,77,82,18,75,9,67,12,1,2,45,7,88,10,37,21,71,24,8,78,58,30,35,57,15,29,65,52,98,39,29,35,82,13,72,38,38,47,55,65,39,86,10,10,59,81,12,95,43,23,34,77,14,0,83,33,41,50,62,17,67,81,64,2,66,32,83,69,33,63,72,85,1,94,72,82,7,6,52,16,12,7,62,42,40,54,65,12,0,2]
[46,12,19,83,39,82,84,38,73,68,42,64,61,62,7,42,95,18,83,66,77,3,1,36,32,56,78,96,2,16,42,96,1,65,88,5,41,35,26,80,79,11,15,99,98,41,37,74,67,94,43,48,77,74,99,63,64,91,2,25,73,48,53,35,12,33,60,28,70,64,22,0,82,16,72,40,8,42,70,10,92,95,88,73,81,88,50,14,10,20,80,2,3,75,49,17,21,16,63,36]
[28,41,49,22,33,77,85,18,31,25,93,12,20,4,30,24,70,46,30,98,19,4,46,59,39,65,63,99,58,59,92,78,94,48,34,79,6,60,98,63,81,16,75,30,20,4,61,49,98,42,94,61,90,91,8,60,56,20,72,50,21,94,33,9,1,70,38,70,99,81,70,84,36,87,70,19,70,95,52,12,72,79,71,28,22,86,87,7,19,5,36,50,19,30,88,56,20,76,1,26]
[70,78,64,42,60,0,54,18,76,56,18,3,35,38,92,7,29,36,99,42,35,58,79,1,55,65,23,92,31,11,79,43,64,76,34,42,2,45,25,30,81,90,19,84,26,58,90,52,12,7,65,70,58,91,52,74,21,47,97,39,56,50,55,36,32,78,64,99,15,7,58,17,9,21,43,22,65,89,99,86,70,47,69,77,89,35,53,21,84,70,83,22,57,17,37,52,5,74,64,9]
[80,66,54,84,86,54,11,79,59,52,10,9,76,5,22,3,89,59,65,23,89,96,62,47,11,30,80,71,22,86,7,46,38,23,53,23,25,45,54,15,58,92,93,57,51,95,74,95,31,45,16,72,66,36,88,63,42,40,8,99,4,59,91,88,60,7,2,39,90,42,16,46,41,59,67,31,22,44,90,31,18,32,24,35,97,34,86,23,91,45,70,24,61,44,44,44,45,10,77,51]
[84,31,80,33,48,69,61,99,50,11,29,88,74,19,16,81,14,67,29,5,2,2,8,84,61,98,31,58,41,23,3,4,73,49,51,54,60,87,81,72,50,19,41,4,91,39,88,90,56,79,69,0,74,73,64,91,67,51,44,54,80,70,3,70,57,96,81,79,83,4,61,87,35,94,44,77,93,39,0,10,52,98,14,64,85,49,62,94,83,79,99,8,86,40,89,20,33,96,50,31]
[46,48,65,36,92,58,83,38,36,64,81,48,53,12,4,73,14,47,28,77,31,68,79,77,7,80,85,3,96,53,45,62,90,52,59,82,34,92,82,95,88,77,50,89,79,61,22,51,41,6,92,44,72,21,93,80,19,55,72,31,63,23,60,69,53,47,97,66,89,36,85,36,41,50,8,76,52,85,18,98,6,35,81,74,24,70,61,64,30,12,57,47,66,74,41,66,28,58,99,15]
[52,67,27,42,55,76,33,34,33,52,93,15,33,9,71,64,67,18,71,27,96,59,32,24,60,97,89,23,48,32,55,39,99,15,53,95,42,6,63,95,89,29,22,45,22,92,27,6,96,42,71,81,53,53,50,1,93,82,75,35,95,74,83,71,39,52,11,29,78,96,25,62,13,38,76,84,45,33,92,31,4,79,16,8,29,45,90,72,38,27,5,6,39,95,94,98,40,36,53,35]
[44,93,46,59,57,34,96,8,45,91,71,91,72,54,80,83,6,74,74,9,81,1,67,41,7,14,82,28,6,47,53,15,48,68,3,79,19,49,7,3,85,27,41,9,8,3,91,93,85,76,25,24,53,67,86,67,47,16,70,67,25,60,53,86,78,9,45,25,50,3,4,43,68,95,1,9,26,69,53,75,79,27,63,34,69,56,41,60,82,79,43,94,40,81,49,80,26,62,60,92]
[66,45,91,63,34,76,34,66,15,95,8,89,84,76,49,18,87,83,26,34,28,83,16,55,75,55,28,20,52,50,50,9,49,64,96,58,7,63,59,75,23,11,64,15,20,62,24,35,77,32,70,74,24,34,58,58,43,22,35,32,36,63,95,98,35,75,11,52,56,84,54,90,22,31,47,3,56,32,46,1,72,90,5,82,22,62,44,36,51,20,59,66,89,86,64,67,28,34,3,91]
[68,56,99,88,80,86,36,24,37,64,57,24,55,41,74,0,4,11,59,42,52,74,93,79,77,63,62,10,21,82,49,32,0,53,52,28,27,0,34,69,67,95,89,55,36,71,24,83,26,37,11,4,73,96,24,51,37,10,42,86,40,62,25,85,0,61,12,9,43,44,79,42,54,78,53,21,74,59,23,84,21,57,20,26,12,98,44,90,16,7,32,11,83,48,39,41,77,85,79,48]
[12,68,66,31,56,74,38,12,24,50,17,37,8,58,28,18,41,8,39,40,97,38,30,39,70,87,17,85,17,35,81,79,12,42,43,66,54,77,96,46,94,20,37,97,12,20,70,56,95,93,68,64,26,24,54,11,50,0,97,48,20,43,65,25,65,80,10,0,2,15,52,54,66,92,17,16,95,78,61,88,32,56,8,8,2,71,29,6,55,60,71,21,56,8,45,23,15,78,16,16]
[54,3,17,3,83,96,4,60,43,91,6,45,45,39,86,55,29,44,88,81,7,56,5,22,85,67,8,68,59,28,80,31,44,50,24,57,74,29,72,38,43,15,57,81,38,11,60,86,25,37,87,82,29,66,84,57,44,75,60,86,52,3,29,90,36,3,1,30,84,82,50,43,10,85,50,78,96,55,40,76,42,46,30,53,7,19,14,20,37,28,44,30,94,5,81,49,78,41,95,0]
[64,43,29,58,60,65,86,39,44,92,10,98,10,14,48,49,87,33,88,15,46,85,20,37,94,78,55,5,27,24,98,0,7,72,79,43,6,72,92,13,60,62,20,22,75,49,25,39,42,66,58,87,76,35,73,87,92,46,94,79,81,17,22,17,5,41,98,14,22,57,68,75,16,89,44,18,28,48,37,87,3,8,56,54,12,13,66,11,95,65,77,74,73,43,76,89,9,26,19,11]
[74,86,73,69,99,54,80,35,57,20,8,62,83,9,32,55,86,98,41,77,90,54,95,6,14,96,13,5,57,99,56,50,40,93,88,8,68,26,21,63,40,32,0,19,56,49,43,81,76,47,81,69,8,83,23,88,7,80,91,49,4,3,26,92,57,58,85,11,53,78,17,65,7,46,77,63,61,93,9,37,41,88,72,79,9,22,28,26,26,28,71,4,17,13,2,3,41,23,24,53]
[82,49,64,68,23,2,33,72,56,70,72,56,54,91,17,90,7,86,99,80,87,88,64,44,78,98,60,91,81,81,23,54,74,67,23,45,99,3,29,9,63,91,55,54,62,49,35,2,68,39,46,66,52,36,67,50,25,61,97,91,24,20,64,22,39,52,89,20,68,83,12,90,12,41,51,34,62,58,81,71,78,6,72,59,66,68,24,31,8,6,64,76,20,49,28,57,36,61,2,92]
[2,32,20,11,58,23,62,89,65,58,36,70,39,70,2,7,92,28,27,54,94,50,90,10,2,97,11,0,38,74,31,34,36,47,87,33,44,1,74,34,0,89,12,1,17,48,46,96,68,52,36,35,10,64,25,76,32,99,9,41,87,30,47,98,3,12,82,66,76,88,11,59,2,59,36,90,2,43,27,24,18,32,74,2,58,44,19,4,26,38,62,34,60,97,34,95,14,8,69,36]
[66,90,4,35,92,44,45,7,69,77,49,35,59,61,1,24,92,54,76,8,98,69,99,81,3,69,39,95,29,77,39,92,56,92,21,63,27,40,80,56,10,4,34,56,90,87,97,24,3,43,56,33,30,54,95,99,58,5,39,34,85,59,72,19,49,41,54,36,42,48,19,64,8,91,94,62,5,7,13,0,47,1,81,3,68,19,52,6,95,3,52,45,20,45,83,33,30,44,28,13]
[36,73,20,60,22,96,90,82,16,28,12,64,13,94,22,97,23,58,94,11,11,54,91,83,26,7,20,21,41,74,77,27,62,3,51,22,35,98,69,27,64,28,71,1,15,52,96,53,36,32,96,64,32,42,83,53,33,49,66,63,51,73,92,18,23,38,98,48,9,98,47,6,45,93,50,73,38,19,77,31,11,73,12,27,79,88,12,94,24,63,23,71,8,12,17,62,88,78,75,92]
[54,68,4,4,99,21,14,34,58,32,38,51,4,85,6,32,23,75,62,17,32,43,26,10,75,81,78,51,58,13,5,27,78,18,36,88,93,82,87,70,29,45,61,26,63,22,77,33,64,0,73,69,37,91,26,84,65,5,78,57,99,32,78,45,38,52,12,83,22,81,30,91,15,47,62,80,48,75,85,92,29,68,79,31,97,47,68,37,15,71,33,1,41,40,95,23,44,31,5,20]
[40,64,13,9,2,35,23,31,95,21,83,17,10,69,66,17,54,61,61,97,80,24,80,43,67,75,22,73,60,69,71,46,21,36,47,38,43,90,3,50,80,48,91,76,0,7,83,78,37,12,48,37,50,2,6,82,1,4,95,36,91,60,35,86,73,68,8,65,2,28,26,9,72,60,47,25,50,12,92,25,11,78,87,20,33,49,65,31,60,64,14,45,49,25,9,81,96,60,90,54]
[20,43,62,44,26,22,62,16,84,74,23,95,19,47,68,7,8,36,61,19,13,28,22,21,93,23,63,35,17,75,82,98,9,34,94,21,13,40,33,15,84,38,98,80,91,11,72,78,11,23,90,12,65,86,87,60,75,18,64,74,16,1,86,65,62,26,86,34,12,7,75,28,38,46,46,59,89,97,73,77,8,50,2,19,97,83,71,0,93,62,0,57,55,87,17,37,28,81,46,24]
[92,43,73,11,94,36,22,95,45,51,39,76,55,33,79,56,91,82,26,40,91,71,58,39,41,52,71,79,2,41,70,53,17,39,56,6,15,60,23,71,63,27,59,26,21,28,54,43,40,24,98,14,52,53,79,15,28,52,69,18,93,83,37,23,60,79,60,43,33,96,25,73,0,21,39,75,62,22,79,76,29,44,1,95,21,8,91,15,59,4,54,83,48,27,80,73,99,72,67,66]
[88,90,7,14,0,40,1,23,62,73,12,88,3,2,45,10,6,85,69,95,0,77,35,90,40,63,98,59,91,20,77,33,49,76,82,61,65,83,58,50,99,7,86,54,14,57,28,84,2,45,94,82,67,21,13,35,77,29,75,3,85,31,49,4,20,58,11,90,12,49,17,29,63,82,55,38,53,20,47,64,42,78,79,6,36,93,27,3,91,38,72,85,54,66,63,2,78,44,41,81]
[32,32,96,76,8,88,66,20,89,59,85,0,95,12,94,27,68,96,21,85,9,54,36,62,34,58,9,19,84,59,40,53,34,94,79,73,36,57,35,33,64,60,24,86,70,95,86,73,90,89,68,79,85,37,83,73,17,92,91,94,48,87,17,5,92,86,45,2,81,82,37,56,80,8,55,53,79,40,35,64,30,41,52,88,16,26,60,37,60,94,28,19,79,97,39,15,31,92,68,76]
[24,48,92,3,51,8,28,45,72,31,42,53,74,82,31,49,77,86,4,25,85,14,4,66,48,19,67,31,65,43,48,41,56,34,71,48,34,51,55,81,41,83,70,9,49,99,83,77,49,85,59,90,17,26,74,51,58,11,20,65,33,94,91,29,49,55,3,94,79,4,80,30,84,23,81,43,2,3,66,53,53,90,93,10,89,73,83,63,60,33,13,76,45,42,2,15,40,23,47,78]
[78,3,98,45,30,19,70,82,50,92,27,62,32,55,74,78,44,64,79,36,75,12,42,90,6,7,30,95,45,86,93,70,35,47,70,17,75,99,44,57,9,45,94,63,79,65,5,61,76,14,54,11,50,17,19,77,72,84,10,39,43,28,83,32,19,56,22,72,42,54,96,57,88,87,76,25,97,39,47,19,44,59,81,95,86,73,27,99,72,13,22,29,34,85,98,23,0,42,44,31]
[96,65,80,92,23,0,20,37,87,40,12,32,44,18,43,89,18,80,9,68,45,12,65,89,5,57,56,60,40,7,18,2,94,83,16,95,7,17,5,58,75,91,71,76,92,75,61,44,74,32,70,92,3,18,33,13,18,20,0,92,97,80,44,70,40,22,55,18,27,13,33,2,27,35,5,4,52,60,80,46,35,55,12,98,50,77,43,88,11,79,70,62,78,22,85,95,66,34,97,23]
[74,78,91,70,15,33,0,12,4,43,48,68,60,4,9,43,99,73,59,14,44,23,24,66,44,16,50,96,31,59,29,47,59,87,0,29,92,48,32,35,28,93,24,1,12,14,13,26,96,71,18,16,21,98,17,33,4,43,79,66,72,40,14,17,13,95,85,51,79,77,93,90,57,85,13,50,75,52,3,51,72,27,55,95,23,34,11,86,56,57,89,82,42,92,38,79,96,4,39,15]
[36,73,15,55,73,55,87,34,73,70,3,42,75,98,70,30,68,31,29,87,61,34,45,4,1,81,42,9,87,54,0,46,30,44,58,5,91,85,63,86,41,44,28,4,1,63,19,14,52,57,54,0,21,63,29,99,19,68,22,23,49,96,79,76,58,65,33,45,47,74,35,2,96,45,15,67,78,51,55,99,36,60,1,63,41,39,47,12,7,82,65,17,11,46,9,1,3,26,69,93]
[44,51,50,24,5,85,37,40,43,60,18,72,3,31,0,92,74,21,42,67,13,71,45,81,83,62,26,34,65,95,50,58,83,21,70,2,53,53,68,32,5,19,3,35,28,88,35,89,16,88,84,14,64,88,93,63,96,74,34,12,89,44,35,40,21,74,72,67,32,79,73,60,94,52,55,17,77,61,98,48,47,96,10,42,28,40,29,35,50,28,31,4,39,38,77,45,77,7,40,94]
[82,83,73,33,82,81,42,99,5,73,8,37,46,19,41,57,30,10,81,82,86,33,1,20,39,45,4,46,8,60,9,46,28,54,23,75,67,99,31,55,74,45,89,75,78,95,46,32,56,27,30,24,24,85,59,50,9,86,40,82,22,77,52,22,16,43,35,90,66,10,80,75,67,52,57,67,22,62,96,60,11,21,23,84,35,52,34,41,38,16,10,94,22,25,10,99,23,39,46,17]
[86,90,11,42,99,78,89,72,95,38,61,68,24,51,56,79,11,18,46,37,12,40,96,58,20,50,16,26,46,89,95,29,44,90,73,8,96,96,24,23,80,28,99,12,21,38,66,33,69,46,35,2,16,97,81,22,97,31,33,12,95,41,58,45,51,96,25,93,13,1,98,36,22,20,20,52,12,5,87,61,37,90,85,28,43,71,42,57,13,27,87,99,23,84,23,62,25,23,9,98]
[94,33,72,14,8,2,48,56,11,49,77,36,82,41,23,0,23,51,97,67,99,31,35,61,15,62,35,48,14,98,43,69,19,46,37,94,19,82,25,57,91,73,12,13,69,74,46,24,13,44,49,86,0,88,13,61,53,81,77,30,75,87,16,20,55,1,49,32,86,0,33,61,85,65,90,62,53,54,54,74,50,35,6,44,3,44,61,83,47,3,21,74,23,36,92,90,4,80,64,96]
[86,83,29,78,92,70,1,73,71,74,11,5,20,67,89,98,69,64,99,48,47,72,15,97,23,58,59,75,69,58,43,73,11,13,49,99,95,55,24,42,58,84,20,21,97,8,36,95,89,64,70,30,63,67,44,14,27,13,56,91,94,44,45,67,80,44,5,36,44,89,72,42,99,97,14,82,31,43,54,56,0,12,63,15,10,12,23,79,14,57,28,14,39,49,62,80,61,38,20,81]
