[24,41,29,69,86,59,90,90,37,41,55,44,14,89,22,5,41,75,53,71,50,56,39,76,91,24,17,37,50,78,76,77,3,99,8,67,4,75,79,39,3,36,12,23,50,83,66,37,11,97,84,18,62,39,58,95,71,22,63,95,48,46,2,9,76,50,48,95,40,70,80,13,7,81,75,37,41,10,83,28,48,25,34,65,98,50,51,89,43,91,56,67,96,80,19,46,54,21,64,2]
[16,60,79,9,94,7,72,63,22,40,80,0,9,58,88,51,89,95,35,90,75,26,5,3,46,59,9,15,37,58,49,67,71,30,86,1,47,75,64,79,6,27,67,95,53,2,55,96,60,24,14,28,33,56,56,87,51,4,38,59,7,4,19,59,52,8,3,15,67,45,82,77,2,83,57,14,94,86,5,6,12,67,22,86,0,95,94,26,50,47,7,17,11,7,26,89,92,89,26,66]
[46,69,22,11,1,16,26,31,94,9,87,15,57,72,37,21,53,54,9,16,2,78,36,52,85,99,55,64,78,14,43,45,52,92,40,89,11,21,50,0,23,68,40,64,26,63,28,44,94,73,80,60,8,43,39,83,25,49,41,90,11,48,85,57,81,93,21,44,25,75,80,76,95,38,92,20,83,28,3,3,56,93,88,24,48,24,58,76,51,20,32,20,95,89,41,3,54,17,24,64]
[66,40,65,3,27,90,27,92,63,1,29,34,28,2,15,16,75,15,98,8,77,73,8,95,25,19,32,78,29,97,2,63,10,10,29,2,75,52,1,87,26,55,81,31,11,33,66,19,56,1,51,64,5,78,45,76,20,91,90,94,60,5,21,14,99,45,41,28,44,24,39,27,23,25,91,70,24,83,2,23,34,53,42,36,80,22,67,11,50,49,15,53,39,82,39,28,52,51,60,71]
[18,83,82,28,21,43,26,6,67,77,98,0,39,36,89,43,74,93,53,95,9,74,30,16,63,28,49,80,56,62,70,53,80,55,49,4,1,12,34,88,31,8,16,22,70,68,48,1,0,83,49,30,10,7,50,22,12,35,24,43,96,18,15,25,66,68,40,11,99,99,59,43,94,72,42,31,92,77,50,37,36,44,56,70,14,93,61,95,93,25,95,12,8,7,46,54,50,33,55,17]
[42,57,0,75,22,69,30,53,0,53,1,99,20,47,9,26,73,45,78,79,70,31,73,55,37,11,34,71,19,43,62,1,83,94,62,84,37,32,95,70,7,80,6,76,30,8,96,19,52,97,74,2,31,28,42,67,99,40,86,1,72,49,98,96,37,26,93,31,41,16,10,86,76,92,5,39,28,52,45,85,15,26,53,17,52,0,47,17,69,99,41,42,51,51,22,98,57,69,37,34]
[24,78,61,47,84,72,94,56,73,98,53,56,57,3,95,22,97,96,58,5,39,9,8,59,7,2,58,94,6,67,22,87,24,89,78,59,31,12,28,83,93,42,71,87,94,70,79,63,90,19,45,38,30,68,51,45,83,21,15,21,45,16,91,29,63,49,89,70,47,55,84,24,3,21,55,14,48,2,98,39,27,34,56,37,62,61,29,63,61,45,68,94,38,19,89,84,32,67,0,10]
[80,32,80,86,92,63,39,82,27,4,79,27,98,47,90,66,34,27,34,28,8,32,80,52,18,33,0,62,61,58,38,31,90,96,55,51,2,81,15,82,13,0,59,90,43,83,61,41,33,93,91,91,36,50,17,88,53,52,63,14,57,80,11,40,35,12,13,22,56,45,51,21,63,4,96,60,50,93,8,50,90,11,34,99,94,9,29,65,79,39,13,86,68,72,14,69,65,18,14,63]
[6,51,83,17,2,1,96,0,31,30,96,4,1,19,15,93,30,99,6,64,40,31,33,75,63,0,40,61,83,73,86,5,77,7,66,21,6,91,9,58,32,99,42,55,94,81,36,32,57,57,53,42,12,98,16,80,9,37,5,97,12,35,29,37,49,4,66,77,15,28,14,96,72,50,99,72,97,80,59,94,34,91,45,42,36,64,64,47,74,91,5,3,18,92,64,34,57,36,53,58]
[50,35,79,20,5,4,86,5,94,16,87,56,46,17,4,0,14,67,87,53,96,42,11,53,63,88,11,13,90,29,20,82,93,37,49,78,55,17,66,4,82,46,4,81,21,83,36,4,35,74,60,93,76,26,93,73,1,28,8,58,39,37,14,87,65,16,75,80,27,69,14,8,51,73,11,98,78,37,70,42,11,94,60,25,61,63,25,57,75,88,5,17,57,30,21,92,87,47,81,84]
[0,68,86,11,63,59,88,80,87,97,49,40,45,88,13,24,66,99,44,43,89,30,92,72,74,69,16,62,18,48,51,20,19,42,95,23,92,40,67,49,67,62,84,56,15,33,71,4,96,28,78,66,25,48,94,66,45,50,32,59,27,53,91,99,17,46,37,86,45,29,80,9,41,97,13,28,0,83,88,95,74,40,78,58,34,81,27,56,24,64,52,99,82,6,49,7,20,23,33,57]
[14,57,89,95,97,2,95,2,38,57,37,60,64,83,29,24,25,91,58,10,80,36,40,38,58,25,96,32,52,46,82,45,3,80,74,18,28,37,22,69,56,70,25,85,71,37,57,27,22,95,15,19,46,47,33,76,36,69,50,41,35,43,98,89,36,2,40,34,31,92,51,70,86,18,21,35,79,85,37,94,71,87,93,59,90,24,96,79,7,35,97,94,97,83,63,15,76,26,34,71]
[32,79,30,93,75,54,16,47,68,62,84,29,40,44,81,40,55,40,92,83,27,79,80,30,13,15,23,24,8,49,60,40,50,53,83,84,19,79,29,95,17,9,67,81,39,94,26,61,70,65,19,40,13,11,77,21,25,11,64,41,61,44,2,55,21,98,69,36,17,37,56,34,17,48,82,28,8,42,49,60,61,3,37,76,56,29,58,98,6,6,52,46,83,62,4,34,5,23,72,49]
[78,24,76,68,79,62,86,73,77,41,45,37,79,46,57,5,2,3,67,8,18,77,11,94,34,92,91,54,74,23,63,11,30,10,73,45,83,22,25,15,34,36,81,41,45,46,42,43,37,11,70,18,2,78,39,69,38,31,62,38,20,62,65,92,89,93,75,53,75,48,62,17,70,84,99,56,76,57,70,81,77,85,5,52,30,67,66,4,95,85,5,78,93,83,65,41,15,95,40,19]
[0,83,0,35,74,41,44,19,54,95,84,42,29,2,80,52,24,89,41,23,81,38,52,87,83,7,5,40,12,10,65,79,28,10,39,99,86,78,89,7,59,35,58,90,19,94,62,90,52,68,18,69,11,48,91,38,34,91,98,25,92,38,24,7,91,71,16,97,91,13,62,10,0,48,93,80,7,30,45,68,3,17,69,75,11,73,15,43,95,34,2,2,84,74,87,2,14,33,58,44]
[64,75,87,66,55,93,3,85,51,25,40,44,40,8,74,5,6,71,81,46,92,30,64,76,47,28,44,19,1,97,66,77,66,6,75,14,71,3,54,12,78,43,32,65,58,80,91,50,24,88,9,64,92,42,81,10,49,31,32,29,76,81,62,88,68,34,96,22,32,53,5,71,38,7,29,64,75,41,14,23,20,34,59,11,67,40,12,29,4,70,71,97,95,65,57,60,91,17,60,82]
[70,72,5,19,59,2,83,7,98,52,54,72,58,43,95,77,65,40,81,53,17,30,69,72,46,8,67,46,98,30,76,66,8,70,64,23,70,9,61,83,30,36,95,92,51,88,64,37,17,74,56,1,27,60,29,19,70,22,4,86,46,69,60,15,28,34,92,1,79,70,65,81,81,25,70,44,35,45,15,75,41,79,66,18,39,74,28,44,57,76,1,19,30,1,3,71,81,5,37,90]
[92,17,69,28,42,85,73,29,91,75,27,32,34,84,77,11,46,41,21,84,21,50,43,24,87,0,28,40,25,80,57,38,37,18,3,43,86,81,45,13,50,52,44,85,81,58,2,4,86,63,26,70,84,28,1,45,97,22,42,22,18,2,93,35,88,40,57,53,17,50,7,84,28,16,91,57,91,82,58,1,77,62,71,1,87,80,39,86,8,32,88,98,42,52,89,1,93,47,0,70]
[34,78,91,30,82,37,9,83,0,63,4,17,37,15,95,30,51,10,33,60,37,6,70,70,22,68,71,8,72,84,61,91,62,19,4,81,86,42,73,45,33,20,86,4,80,16,82,60,72,74,95,30,2,85,53,44,45,60,65,52,69,86,44,56,17,39,71,94,1,76,99,56,30,86,42,58,24,80,96,13,33,92,65,44,36,45,11,45,93,66,64,57,52,2,79,37,85,35,36,86]
[54,54,4,88,95,21,81,95,40,43,95,92,10,63,92,26,3,2,3,6,74,37,92,12,88,32,62,67,50,38,12,56,90,82,89,46,49,42,65,82,59,94,48,38,11,17,65,88,62,41,65,60,31,77,71,20,42,0,1,64,90,36,77,3,25,37,45,69,59,77,68,1,94,49,41,98,4,33,47,72,88,25,24,62,51,60,40,67,56,59,1,37,66,43,73,65,25,11,76,45]
[38,1,17,19,46,92,12,2,57,60,69,60,55,48,94,65,40,70,44,77,25,14,89,39,65,91,89,93,16,91,71,33,95,34,20,53,79,83,58,43,89,19,30,71,35,87,80,27,60,64,96,42,10,22,43,16,21,30,53,58,61,22,45,25,33,63,47,22,70,93,4,14,26,28,57,19,78,26,19,11,68,30,35,39,95,47,91,77,45,73,43,69,71,10,71,34,83,1,86,81]
[24,77,7,85,41,9,83,77,0,97,8,38,48,45,91,4,83,46,82,59,46,2,59,42,30,0,43,85,8,34,61,25,37,69,91,42,25,8,59,48,96,25,31,11,95,46,51,14,81,24,13,84,4,74,31,34,96,29,21,84,86,51,42,26,53,99,77,95,96,48,61,83,25,37,21,78,19,29,34,68,48,47,11,27,30,30,76,12,72,60,44,39,21,25,77,10,72,55,61,17]
[10,4,48,14,27,33,82,55,36,45,65,91,4,12,80,29,86,21,62,35,70,61,47,9,27,50,29,28,53,10,73,78,26,70,58,29,58,19,71,71,95,12,4,2,76,74,89,37,46,33,75,60,54,21,73,96,42,62,45,19,42,48,29,67,7,98,63,13,50,94,28,50,68,58,48,58,95,30,4,65,25,86,78,19,68,71,30,48,21,82,54,45,71,22,56,2,8,56,52,37]
[48,24,37,8,98,14,25,95,63,87,72,17,78,75,51,57,82,64,53,56,15,28,51,82,15,67,86,95,18,84,61,53,70,63,35,76,54,6,66,77,21,69,18,68,70,15,25,25,94,30,47,9,1,7,19,31,64,84,48,33,65,50,34,69,50,91,41,71,47,9,17,37,65,69,32,19,24,32,9,10,93,56,78,43,95,86,45,22,61,4,33,98,52,74,67,34,70,35,35,73]
[98,62,39,91,99,90,34,97,93,73,62,50,70,88,63,59,15,97,59,22,19,2,29,13,67,11,94,27,16,18,25,45,33,90,24,59,80,21,5,20,92,76,75,92,13,41,81,38,11,3,5,75,78,63,55,66,47,86,1,73,45,76,59,1,83,87,20,62,18,89,51,21,99,0,65,91,65,16,8,59,61,24,76,57,95,73,82,68,14,41,30,85,61,75,99,37,13,33,75,88]
[14,53,93,68,75,57,58,39,70,5,9,11,59,39,20,96,78,97,44,93,25,97,0,22,77,4,6,4,65,8,99,31,2,91,10,95,21,77,23,46,99,22,30,25,66,69,87,90,46,40,75,19,71,18,89,22,35,58,74,16,48,14,26,47,87,73,19,88,80,81,29,87,78,69,5,91,87,79,52,74,25,98,47,77,77,88,32,36,17,3,40,66,52,26,17,80,89,23,72,40]
[76,2,15,16,41,11,4,87,59,44,17,41,53,18,69,34,84,99,29,66,2,97,57,67,94,83,40,43,72,35,81,72,42,24,54,29,32,4,55,66,97,66,15,1,79,55,54,17,29,38,62,44,29,30,97,12,68,96,73,50,49,19,67,55,70,49,86,97,27,91,24,70,14,56,67,4,49,75,54,45,50,11,55,30,12,40,41,40,70,32,27,90,49,80,39,94,37,22,21,38]
[92,98,6,55,85,88,85,12,19,80,13,86,1,27,99,38,44,74,29,81,91,74,86,81,33,70,33,1,93,15,17,49,19,17,17,37,71,1,69,40,78,19,93,57,97,39,28,15,63,21,39,75,96,38,68,98,60,14,8,61,6,40,59,37,57,85,19,99,33,81,10,47,35,39,85,55,27,60,30,3,51,15,41,2,36,32,39,87,18,99,33,43,74,76,21,37,79,50,23,0]
[32,98,38,60,96,13,83,25,34,3,90,20,3,80,17,38,99,44,0,86,23,64,40,39,19,29,44,67,32,46,71,63,55,88,65,79,43,75,98,14,33,35,5,61,93,4,75,81,30,8,38,43,58,28,89,43,59,46,46,52,86,58,55,15,39,7,23,99,47,42,9,38,86,86,16,67,16,18,5,36,51,16,38,50,36,18,44,63,51,37,15,36,80,70,78,73,62,9,18,67]
[36,93,29,93,53,32,80,18,34,45,94,50,66,48,16,3,81,19,33,69,25,67,67,63,15,14,45,41,3,32,52,27,26,80,17,82,73,41,12,34,66,86,47,88,12,40,51,43,89,98,40,90,8,99,85,9,9,89,94,54,12,73,62,3,53,64,93,53,31,53,42,63,36,80,22,6,77,63,72,97,40,44,46,33,18,4,50,15,87,15,35,93,69,20,59,51,69,16,21,8]
[90,80,24,34,28,24,30,99,52,99,99,60,94,88,50,44,71,6,74,79,14,57,55,65,75,78,45,99,46,9,62,25,83,9,31,93,46,85,71,0,42,51,32,98,39,14,64,0,24,13,61,51,32,62,43,16,94,25,14,84,32,58,23,21,5,46,55,78,54,43,30,32,98,14,3,70,35,99,85,1,37,0,3,89,19,22,10,40,61,9,7,97,75,12,56,79,97,25,79,80]
[64,7,46,16,61,85,99,53,2,94,52,26,1,92,95,99,9,34,28,37,4,8,40,30,0,42,89,56,98,96,72,3,4,56,11,32,38,9,25,81,4,92,77,12,4,66,7,49,12,10,25,52,92,41,72,11,77,68,95,8,45,9,54,7,42,22,82,48,22,32,85,56,26,12,52,22,8,12,49,17,39,57,86,61,65,99,20,4,43,59,65,94,13,61,21,96,22,94,17,35]
[88,29,28,19,94,3,62,97,4,59,24,24,68,65,43,57,39,8,43,50,44,38,95,3,44,21,24,22,84,79,70,90,32,43,25,21,53,77,65,3,41,33,7,7,50,67,68,45,15,11,92,81,64,73,9,16,15,56,40,36,5,28,90,35,23,73,24,17,79,59,83,15,79,5,21,41,93,65,72,55,26,22,94,1,59,81,33,16,56,34,74,13,60,69,76,56,29,44,5,61]
[50,87,48,32,57,10,3,12,34,44,1,36,21,11,45,97,75,31,61,27,28,32,42,19,67,75,60,90,99,96,82,60,5,20,89,75,67,34,13,99,4,87,66,88,7,91,56,28,54,79,79,43,30,90,79,23,61,8,39,64,89,22,61,98,96,43,53,20,94,71,7,26,70,99,0,62,93,18,65,47,42,8,94,14,19,88,42,54,21,79,84,91,38,24,99,36,67,42,32,62]
[38,47,28,25,30,47,49,23,66,88,58,51,17,26,75,4,26,66,51,31,85,93,20,3,94,63,64,0,70,37,11,6,10,84,42,65,71,32,71,2,67,65,76,33,33,66,92,87,16,95,37,30,8,29,85,79,90,70,64,24,49,39,4,52,70,39,63,64,24,16,90,16,23,97,66,59,60,91,39,65,21,1,34,87,25,4,69,4,10,83,15,46,52,76,26,67,31,92,15,4]
[72,77,8,30,98,33,40,33,87,23,33,1,62,94,48,51,52,83,20,65,73,43,79,13,1,24,88,0,36,47,9,51,27,23,99,70,27,89,65,22,68,36,67,21,31,84,51,47,85,36,49,76,80,45,4,21,13,54,28,81,32,34,49,9,55,61,26,48,46,54,64,18,44,21,34,7,47,29,29,4,10,47,92,29,8,87,53,98,73,3,96,5,89,66,38,86,53,45,98,7]
[84,78,64,56,62,39,74,78,34,73,42,36,67,25,99,4,66,58,50,18,18,52,78,34,10,47,61,20,42,59,9,42,84,18,66,28,54,34,6,41,0,30,24,95,67,73,47,74,29,10,22,14,6,90,4,26,28,79,34,44,50,37,42,15,31,95,3,60,30,41,79,58,35,10,40,45,5,89,58,47,30,25,92,50,91,62,67,93,0,10,88,34,10,85,5,9,74,53,30,51]
[50,61,56,66,80,75,0,35,24,20,42,28,23,35,6,1,30,34,32,61,28,28,43,90,44,40,26,19,51,66,47,31,20,76,97,32,76,6,75,33,49,87,44,85,83,94,26,8,69,10,13,4,91,10,89,98,8,73,96,59,71,6,18,63,31,89,24,25,35,79,60,36,97,95,23,33,43,49,48,93,84,44,85,16,1,64,61,78,68,42,81,41,95,33,61,75,58,29,62,92]
[98,15,97,9,50,33,83,9,52,76,41,1,38,48,51,32,39,71,88,56,4,34,53,4,63,77,55,19,31,14,5,54,40,62,7,86,82,96,32,33,57,47,82,47,6,7,15,64,25,35,26,97,36,26,25,69,16,67,50,51,40,48,0,30,51,68,26,20,99,21,35,40,55,21,62,7,30,56,58,38,58,68,95,78,68,8,3,40,54,91,44,32,3,33,35,85,27,73,90,76]
[4,23,46,48,27,84,11,94,45,4,30,92,81,58,40,83,30,63,62,19,4,5,79,65,36,73,52,62,10,9,56,20,32,38,91,27,54,29,61,51,40,17,44,96,57,30,91,70,26,29,31,85,32,9,88,29,80,16,71,36,51,62,30,97,86,60,85,56,80,77,26,4,35,0,78,52,77,77,25,23,71,41,63,98,85,93,65,53,37,94,95,43,51,13,86,46,74,54,45,15]
[20,91,83,85,91,7,34,49,40,70,19,97,75,91,59,33,42,50,99,15,45,90,56,16,56,8,82,18,32,10,29,30,48,26,76,43,84,50,41,84,73,26,2,61,81,37,10,33,30,75,97,85,82,99,90,53,53,1,83,69,42,97,15,26,69,84,84,83,78,39,16,2,59,46,18,96,92,41,65,74,8,74,96,83,77,24,90,31,89,49,50,97,16,76,80,85,61,33,15,12]
[68,6,86,1,99,78,54,14,81,88,61,12,92,71,21,20,19,25,92,92,48,87,40,70,45,12,36,35,6,70,70,27,95,70,69,81,67,7,2,70,67,95,82,4,39,93,90,46,79,99,4,47,39,51,12,67,1,58,55,69,11,2,15,3,74,73,99,48,32,24,70,61,83,44,36,76,39,72,89,98,70,27,9,75,32,42,70,77,98,32,17,45,7,58,33,89,45,85,5,8]
[18,37,91,79,53,24,66,78,69,69,14,51,68,76,21,31,84,60,18,95,29,51,57,85,44,97,1,85,18,7,62,35,42,95,68,15,88,95,69,73,21,31,83,19,48,37,94,20,68,87,88,50,41,66,92,36,65,99,57,55,62,96,44,39,90,34,21,54,44,96,57,17,19,71,34,63,50,98,20,63,86,97,61,74,59,23,86,14,69,65,64,14,40,70,5,99,28,4,18,80]
[78,41,42,46,84,84,30,22,47,90,45,13,87,66,8,51,6,17,67,27,94,30,86,22,86,2,50,43,86,64,40,76,82,53,52,20,78,34,92,69,87,43,19,56,28,41,54,8,87,55,66,24,19,63,20,49,48,48,51,11,37,43,50,71,15,87,94,48,2,86,58,48,9,71,0,22,75,22,41,50,45,55,8,15,16,43,37,57,51,96,75,40,6,91,96,89,6,53,13,56]
[24,10,3,96,29,65,58,56,83,98,90,92,66,64,45,91,86,42,28,91,95,8,1,61,30,67,74,58,41,87,57,31,12,99,37,55,31,15,22,81,92,53,38,93,37,87,0,21,3,10,65,61,74,5,18,31,57,0,57,21,90,66,17,8,79,50,29,87,80,87,10,41,1,68,80,68,17,48,82,71,85,53,74,55,42,17,64,54,13,46,12,28,81,90,71,31,41,31,11,63]
[14,41,34,37,33,31,42,84,70,92,60,60,99,64,1,21,48,95,95,6,1,27,49,39,30,36,84,19,87,31,48,64,19,41,69,76,27,18,0,82,45,14,66,30,19,58,3,98,31,84,45,8,13,22,60,33,11,10,38,23,21,12,36,99,44,4,87,85,46,30,33,29,25,96,5,68,73,95,94,88,40,58,24,93,95,21,88,77,11,50,14,91,67,66,98,77,6,50,25,71]
[16,91,63,79,85,16,13,19,97,8,1,50,28,8,59,11,37,95,99,36,56,21,1,62,0,21,63,67,88,58,81,42,47,12,24,16,99,18,5,68,59,82,51,66,45,48,24,11,55,47,52,81,62,72,63,91,57,56,65,5,80,42,21,70,96,12,27,69,20,28,15,42,95,7,74,6,1,73,40,99,44,10,73,39,95,93,94,91,50,44,67,65,81,53,54,35,88,16,95,90]
[36,66,95,10,46,50,72,79,65,78,67,70,74,77,73,4,82,64,52,20,96,7,41,55,64,47,76,5,49,70,32,82,90,15,89,93,53,67,32,88,24,65,53,36,92,75,20,77,24,21,90,46,68,80,32,16,37,79,70,84,68,50,2,39,82,29,0,53,58,59,10,50,99,41,81,50,78,33,27,17,44,52,84,39,92,4,71,48,3,87,89,64,37,74,58,6,33,26,97,92]
