[96,58,11,9,1,39,25,99,59,94,36,75,4,59,11,20,26,48,69,79,11,47,6,88,85,98,27,98,12,57,38,80,83,65,44,69,19,28,14,5,72,42,91,1,83,59,40,87,69,47,43,47,29,11,46,48,1,4,88,59,55,30,94,76,95,60,0,66,34,16,19,48,13,19,30,1,31,94,25,48,86,86,86,23,29,70,61,90,64,64,39,85,10,52,90,95,11,53,31,16]
[12,93,68,90,17,95,39,74,67,39,72,49,8,17,23,16,80,46,3,21,8,89,95,29,78,31,98,60,87,89,72,35,67,32,17,0,57,69,56,33,38,34,98,7,82,92,91,37,98,70,62,34,44,56,20,40,42,62,94,99,45,12,88,34,90,71,58,29,10,61,34,32,16,54,85,64,89,48,36,0,24,8,99,48,52,71,68,45,93,73,85,40,71,45,75,98,11,94,56,12]
[34,4,5,29,67,36,81,57,3,63,30,5,40,62,26,34,31,79,39,66,97,87,15,70,2,56,34,65,12,90,2,86,78,55,61,79,53,23,71,82,20,54,7,97,20,45,27,32,54,77,36,94,25,48,69,6,58,84,9,81,83,54,60,63,52,60,65,18,0,48,46,94,67,81,17,14,90,27,91,84,77,23,5,89,49,97,6,40,58,67,84,9,43,71,94,90,24,28,95,82]
[50,93,82,54,9,80,21,54,28,47,65,68,47,46,68,72,9,81,86,64,34,95,46,94,67,52,57,72,98,59,57,64,1,33,99,42,33,35,7,11,61,98,46,61,57,6,74,17,93,16,78,5,43,13,24,2,25,69,52,21,96,49,48,26,47,93,42,5,48,61,23,95,4,87,44,6,10,95,98,14,17,87,97,75,49,97,22,42,76,87,87,36,9,98,23,90,38,67,26,88]
[58,72,92,46,11,35,33,80,6,96,54,57,58,29,95,4,99,48,32,71,11,89,79,50,91,37,88,11,4,19,59,99,34,95,55,2,45,1,12,3,66,59,4,20,82,71,52,69,10,96,42,92,80,68,38,10,94,24,5,9,95,60,42,37,80,73,36,64,14,9,66,70,58,90,33,38,94,48,93,65,49,65,27,73,90,83,59,69,75,33,23,32,25,22,26,31,45,83,79,1]
[64,54,89,30,75,54,60,56,47,16,66,7,31,47,98,37,30,36,62,76,36,57,14,36,6,76,12,93,39,35,51,1,2,14,96,88,19,24,37,52,73,32,15,24,10,36,63,73,31,56,36,29,40,10,16,60,84,6,23,72,2,66,27,24,66,55,58,57,63,34,98,98,35,29,47,34,6,26,61,92,77,15,75,19,98,9,71,88,84,76,37,98,28,75,16,16,19,21,22,97]
[96,15,5,61,54,24,22,12,71,92,3,86,33,69,50,66,18,81,40,67,87,97,68,9,5,82,84,16,87,99,10,97,88,43,16,98,38,21,34,71,53,58,98,26,50,50,90,63,96,3,62,95,0,95,81,39,25,96,10,18,54,43,4,7,33,51,50,24,26,16,6,37,88,57,40,81,5,98,51,84,20,2,81,6,92,72,52,39,20,65,66,64,1,96,29,73,5,46,72,69]
[18,93,37,60,96,84,7,11,89,92,9,7,38,82,70,12,18,94,60,49,46,56,85,58,92,5,48,22,14,13,17,66,27,4,84,66,46,47,74,40,55,58,71,11,86,28,96,58,51,55,7,17,11,69,5,89,50,60,59,2,62,18,9,46,61,69,38,33,52,19,2,39,86,74,63,76,52,83,51,4,46,0,3,8,84,48,77,1,51,99,52,21,99,48,52,71,43,80,25,56]
[6,67,73,99,69,81,77,56,25,87,26,17,95,8,74,42,22,77,84,4,89,97,39,88,94,39,62,10,70,28,28,93,24,60,28,89,85,53,37,28,2,92,63,29,48,85,5,27,32,83,72,99,36,93,66,98,66,7,49,14,8,44,63,99,2,16,49,10,87,58,96,58,87,53,4,3,90,13,52,44,75,85,16,17,47,27,90,50,9,93,84,75,20,75,11,88,67,58,21,33]
[12,33,69,58,22,89,44,2,17,89,74,11,84,8,14,96,81,23,58,15,68,0,30,28,79,54,11,0,32,75,62,35,82,64,30,25,9,71,94,41,57,3,85,40,2,68,20,29,13,42,24,14,57,77,60,31,45,43,35,78,74,18,80,56,89,96,76,4,9,41,57,18,51,72,35,62,95,63,35,62,80,81,57,50,25,25,40,60,39,65,98,56,35,61,74,31,48,62,81,19]
[30,20,39,62,46,48,43,25,94,42,68,11,89,3,87,49,68,79,75,69,40,40,91,42,1,87,70,19,8,87,90,90,32,19,55,9,59,79,27,61,55,60,46,24,77,30,76,5,78,16,55,50,5,16,80,14,2,96,74,21,36,41,2,17,27,34,90,90,85,41,9,7,6,46,57,16,51,29,6,88,31,7,18,0,14,36,43,49,55,49,29,60,5,49,71,36,23,78,6,70]
[30,2,98,77,61,50,40,81,18,7,61,68,55,76,91,87,73,10,35,27,39,92,46,48,74,68,23,53,19,65,22,67,55,96,51,64,92,20,42,55,38,46,20,13,65,73,28,34,87,99,39,63,34,62,53,32,43,42,48,31,62,36,48,35,10,7,62,54,46,2,31,2,81,91,88,56,7,36,0,73,93,9,74,68,74,1,0,36,17,12,81,7,7,82,27,73,15,27,54,68]
[14,38,33,36,78,43,35,82,14,80,93,74,77,67,11,72,44,56,65,93,99,71,89,49,49,1,53,27,35,92,75,30,6,75,27,89,37,31,91,99,78,5,75,14,96,83,64,47,58,21,15,31,56,5,19,88,43,16,91,30,96,82,18,29,63,40,74,61,50,85,12,54,67,98,50,34,41,23,3,39,83,56,91,94,41,93,63,6,42,78,88,7,39,86,97,52,32,98,72,96]
[80,26,50,25,35,81,34,61,21,44,79,82,11,38,77,5,57,9,59,48,88,47,84,26,5,83,88,44,63,0,83,49,27,91,68,6,69,46,88,36,0,64,29,83,98,9,38,37,81,22,53,25,94,88,88,58,1,3,35,28,75,63,34,41,56,82,31,36,49,12,75,18,85,64,21,23,72,32,57,90,69,76,82,17,84,36,67,52,65,68,69,83,76,98,22,95,51,20,59,30]
[90,23,3,81,16,72,91,16,69,29,86,71,4,79,86,96,15,15,58,51,49,16,23,23,42,82,94,88,11,69,63,47,42,72,88,19,39,99,30,44,21,52,93,1,10,23,40,22,69,86,11,9,66,21,61,23,97,42,74,96,33,69,93,84,52,50,87,8,59,71,83,69,80,61,11,64,0,20,42,27,88,93,40,36,63,24,74,24,73,6,94,82,84,31,99,86,40,21,47,77]
[62,51,42,53,6,57,47,43,77,38,6,12,62,90,32,52,25,69,96,28,90,95,47,0,93,9,26,18,2,46,49,18,16,2,23,15,23,76,90,39,86,80,52,95,69,84,4,82,32,96,1,29,92,16,88,27,99,10,10,51,50,5,35,31,52,14,26,47,55,49,26,83,7,24,22,6,23,40,91,82,99,97,14,57,44,45,73,14,79,93,10,64,4,24,99,91,67,53,10,53]
[74,60,49,29,59,52,87,36,10,48,69,72,98,68,83,38,68,31,54,75,56,23,44,67,56,26,72,7,85,8,52,22,72,86,34,83,43,41,62,97,40,23,66,47,18,32,51,7,25,9,88,26,91,25,6,32,90,40,91,42,40,59,24,0,46,22,1,29,34,8,84,21,87,50,3,8,39,59,15,80,15,0,10,33,83,21,40,33,26,28,30,41,35,98,98,57,22,84,59,84]
[28,79,92,29,1,64,67,2,48,96,28,42,14,27,89,90,25,20,52,76,24,49,75,64,92,25,77,4,77,69,59,84,79,51,68,27,92,38,82,30,30,50,67,71,95,63,19,26,69,82,65,7,93,36,90,67,7,80,99,49,51,12,49,21,44,68,22,33,51,87,48,88,92,98,71,61,84,87,6,72,58,19,14,72,31,36,77,49,41,75,22,8,61,82,46,10,21,18,99,86]
[38,95,71,85,12,63,1,60,69,24,70,39,96,23,21,6,87,53,91,7,56,36,83,61,22,62,8,5,53,51,6,54,91,16,34,11,42,85,69,79,82,75,4,69,52,10,39,98,1,71,3,9,93,62,27,13,93,21,67,10,44,40,20,30,29,40,56,42,14,67,69,42,4,13,93,1,11,47,98,82,42,42,41,45,9,18,41,83,95,64,88,66,70,93,61,27,23,70,66,13]
[98,66,34,79,3,23,44,42,59,89,94,26,82,88,1,15,31,5,30,96,77,84,1,93,61,73,66,78,21,37,72,36,96,73,15,22,41,39,48,84,98,84,96,45,92,22,98,0,49,2,24,23,39,85,92,55,60,33,26,59,24,15,22,55,74,97,53,48,39,90,0,27,82,89,39,32,73,28,21,79,17,85,53,66,64,83,31,48,19,48,69,33,28,78,51,10,14,49,67,53]
[32,52,81,72,61,92,8,19,24,29,74,7,85,59,1,93,28,10,19,45,46,86,96,41,4,92,25,5,67,65,93,37,2,21,83,25,61,23,73,65,86,59,20,78,52,47,38,22,48,14,27,88,53,36,38,47,44,71,2,89,60,86,7,87,17,77,1,28,36,12,24,87,99,29,25,87,73,49,42,15,32,59,58,83,61,6,47,2,10,40,51,1,79,23,97,60,86,55,41,44]
[40,43,45,9,98,26,63,39,22,50,29,41,59,40,87,5,44,78,35,35,83,63,51,52,35,93,68,63,4,29,93,13,55,11,90,98,27,84,95,52,30,98,81,47,54,27,3,38,43,6,87,54,25,64,27,0,4,19,47,30,48,1,42,63,84,44,13,31,91,5,85,64,77,79,92,38,44,78,58,46,14,94,54,62,92,18,72,53,29,17,59,2,86,17,63,6,66,75,73,84]
[54,58,38,68,84,5,61,23,63,6,6,88,40,21,82,15,67,99,99,80,55,95,82,83,34,91,26,39,9,38,12,30,40,72,64,39,60,9,2,67,15,82,14,72,86,97,77,40,10,24,36,70,64,21,88,32,18,73,77,14,72,31,49,58,33,28,20,90,20,58,57,54,10,50,52,39,28,19,60,37,98,33,49,59,15,26,30,35,13,4,93,56,98,0,19,37,89,91,47,77]
[54,16,43,72,97,17,6,58,70,48,51,50,23,62,78,39,67,62,29,94,74,5,54,39,82,93,11,34,60,60,40,54,21,27,96,62,49,60,15,72,41,38,93,11,37,56,4,69,41,45,9,63,81,99,96,57,0,29,73,85,38,47,63,26,79,66,20,39,44,38,44,79,45,78,67,89,12,34,74,65,72,74,46,88,30,42,24,50,70,46,20,46,64,65,29,84,64,71,7,66]
[80,88,24,92,17,71,81,35,68,64,28,17,81,91,4,19,33,11,41,15,78,90,78,13,16,29,1,38,82,36,92,97,3,65,31,3,97,23,23,57,6,87,59,59,51,18,82,39,38,41,91,76,32,94,85,71,47,8,39,77,6,7,93,11,91,81,97,71,2,89,80,27,52,67,25,92,31,0,41,88,57,76,86,5,25,18,90,6,81,45,15,73,38,78,24,33,70,77,71,40]
[44,28,2,17,47,22,33,63,72,74,25,91,67,9,55,69,60,10,44,44,78,37,98,13,54,74,49,49,58,88,84,4,66,18,59,39,11,74,92,81,7,78,82,50,6,48,97,45,58,86,61,8,27,26,43,26,97,67,14,25,86,3,88,5,81,69,76,42,61,75,72,38,16,5,79,55,15,99,84,40,63,30,59,98,2,43,22,47,80,53,1,19,33,61,35,92,56,3,8,4]
[12,5,95,55,49,74,81,73,66,76,13,8,22,84,54,87,24,82,83,74,37,53,39,67,60,22,87,91,55,85,19,58,49,44,29,7,85,74,29,52,70,51,82,3,97,25,48,11,52,55,93,2,77,38,41,19,23,46,25,55,73,58,11,25,93,85,88,88,21,93,4,10,68,57,38,86,47,23,56,14,20,16,42,28,37,60,44,51,62,91,11,66,85,71,32,49,10,11,72,0]
[74,83,80,14,78,33,12,14,69,94,91,36,36,72,58,87,70,81,95,99,15,96,30,48,82,22,62,99,18,22,81,55,83,74,41,91,58,0,45,3,39,86,21,62,52,19,50,8,3,87,61,32,13,21,89,65,29,19,29,57,75,30,8,7,2,13,37,11,22,57,27,92,12,7,6,3,64,2,9,83,92,7,67,60,91,23,0,80,33,12,25,97,39,33,24,86,23,68,27,37]
[4,4,93,41,9,20,97,82,0,79,61,88,92,54,52,16,74,88,79,75,46,99,49,46,46,1,90,27,62,27,43,77,34,37,79,61,25,87,88,25,28,69,78,21,72,30,33,88,78,56,98,13,63,16,55,24,44,27,44,64,56,47,99,66,81,59,17,60,29,83,30,81,73,68,90,35,57,43,6,11,7,50,23,51,51,42,75,61,48,34,96,11,77,85,78,44,50,70,37,79]
[94,65,92,88,62,90,39,8,75,31,15,93,62,51,72,39,77,38,56,29,11,4,58,73,37,21,10,19,16,86,64,29,38,72,9,32,72,93,63,62,54,52,88,65,55,59,42,36,89,28,70,25,81,53,78,68,8,12,78,6,25,35,45,26,58,1,74,61,67,75,15,64,66,66,98,65,61,10,88,94,63,82,85,9,41,79,91,77,6,57,63,70,25,89,46,66,43,18,89,88]
[0,8,76,28,93,75,10,26,78,3,40,5,87,21,99,69,12,66,60,65,62,10,92,83,60,60,93,58,50,78,28,40,41,19,39,24,67,0,9,98,58,65,82,28,48,43,25,89,29,71,80,20,8,60,38,51,49,38,53,73,52,23,15,43,32,15,19,19,34,13,24,79,5,48,85,81,75,36,53,84,57,59,40,44,46,40,27,50,30,91,52,55,22,65,85,6,51,60,39,81]
[54,83,56,15,96,39,84,82,29,80,82,85,84,29,47,37,12,5,36,76,28,49,20,79,13,52,1,23,79,51,88,65,55,97,61,90,96,20,28,8,22,95,41,9,72,57,75,86,94,86,87,67,62,4,65,54,60,72,27,65,77,27,50,81,16,14,19,25,20,58,75,41,67,37,80,18,73,42,51,91,34,59,38,56,1,46,22,98,56,37,39,10,81,7,89,44,16,9,44,58]
[16,2,8,49,12,63,62,52,98,94,46,24,22,53,29,9,54,27,45,83,39,28,12,55,4,63,14,25,90,66,35,83,15,14,72,29,25,20,83,5,31,3,6,69,0,95,29,7,0,19,4,9,39,32,27,76,89,71,77,23,60,82,4,97,77,50,35,79,54,60,68,75,37,34,97,70,79,49,85,13,60,82,87,97,2,54,62,40,93,39,2,96,1,8,20,43,67,28,37,89]
[78,94,5,2,49,60,40,94,60,77,80,9,27,38,32,39,90,18,37,26,41,83,7,88,3,70,38,74,69,57,63,3,93,3,19,53,78,82,90,35,15,54,50,22,71,61,27,6,67,51,95,54,47,40,43,75,45,85,8,55,24,86,72,50,69,25,6,6,47,83,37,9,40,56,13,36,69,0,0,70,55,67,99,34,25,94,25,41,30,80,78,98,59,84,65,9,2,40,17,47]
[18,55,93,4,79,4,30,37,11,39,66,52,54,93,42,95,95,81,71,50,99,2,74,90,15,40,2,8,72,19,0,41,91,18,89,64,36,85,32,37,94,38,2,41,96,66,62,33,96,16,7,87,77,51,66,12,48,74,43,67,11,86,55,75,45,83,58,49,95,79,87,85,0,48,52,92,61,89,21,39,56,77,34,38,98,52,97,48,45,10,23,94,67,34,99,35,65,44,92,92]
[4,67,55,77,13,35,44,45,41,90,35,22,12,75,36,85,48,80,24,49,38,20,35,90,40,74,35,6,94,8,63,32,87,49,49,45,84,21,98,60,56,66,94,97,80,37,17,43,41,71,2,88,40,64,35,18,10,62,23,47,33,66,18,65,92,71,76,56,34,52,81,85,55,40,64,85,15,89,20,56,67,82,51,96,3,98,55,74,94,35,75,83,17,99,43,3,39,11,52,31]
[72,3,50,16,34,13,92,13,18,55,96,2,21,25,97,79,1,6,72,4,49,87,7,42,38,44,47,67,97,18,9,39,78,20,27,31,10,87,42,6,0,68,51,83,22,2,34,49,94,42,74,71,81,4,76,61,37,11,60,47,83,84,86,73,52,71,59,8,11,60,55,88,72,98,87,95,29,19,79,81,42,55,38,18,40,89,15,54,10,60,20,76,52,68,18,51,37,67,63,54]
[76,5,29,41,11,29,86,89,32,37,41,62,4,61,38,33,19,78,1,58,39,93,36,15,34,26,19,2,96,40,93,27,93,57,91,74,73,95,55,26,45,81,11,31,92,57,94,81,48,0,84,98,98,49,81,53,0,74,23,49,44,4,61,18,51,65,60,98,77,9,18,1,81,51,10,35,49,46,83,24,11,52,69,42,36,14,94,58,74,18,50,49,89,54,97,53,90,50,14,73]
[54,18,93,41,59,9,23,99,62,38,66,24,30,34,64,92,10,75,65,30,4,61,25,18,22,10,32,96,21,39,84,10,37,61,97,82,94,70,29,47,73,39,75,59,52,79,86,94,39,18,58,37,46,67,87,30,20,8,47,35,86,28,19,54,74,20,54,45,20,55,28,31,10,27,25,7,33,38,54,52,79,61,23,95,64,33,64,50,74,15,22,2,32,38,85,52,80,89,67,28]
[36,66,88,18,30,39,90,50,21,80,68,12,76,78,30,37,87,50,92,89,45,89,81,94,27,77,8,73,31,9,29,65,6,7,26,25,77,95,4,95,16,52,13,32,28,31,5,6,5,3,44,17,88,61,71,17,67,87,47,85,25,56,76,90,41,61,81,60,54,11,36,7,58,42,24,0,79,93,62,74,87,15,39,3,80,10,37,69,8,50,27,68,47,54,80,41,79,12,45,30]
[74,31,5,88,75,71,13,38,50,36,61,41,30,39,30,79,48,69,19,1,74,42,43,49,63,35,97,97,35,97,90,36,64,15,45,43,11,14,93,24,60,0,64,11,28,74,23,96,1,55,57,77,65,26,15,0,13,91,98,3,61,27,85,98,53,11,66,13,10,20,46,22,10,44,29,0,70,96,56,87,35,38,63,41,85,42,43,83,0,6,4,49,37,95,13,7,56,94,81,77]
[44,4,66,45,60,54,1,57,77,58,72,59,5,43,44,50,58,67,28,96,29,80,51,29,51,7,91,60,53,14,14,15,33,34,37,49,97,1,64,28,87,55,60,90,3,26,65,10,76,40,53,56,15,40,19,85,59,50,29,76,6,81,16,27,13,47,69,62,65,56,38,95,54,99,71,2,34,43,38,23,23,13,6,54,87,48,32,3,65,82,89,44,9,9,41,73,48,6,36,11]
[12,83,95,6,48,13,48,68,14,40,86,34,30,3,38,6,17,19,70,66,81,65,52,16,79,87,46,43,81,72,36,68,39,93,86,74,45,32,4,73,70,19,84,42,65,37,58,14,21,89,4,24,1,60,17,85,45,2,76,55,19,68,58,90,2,94,88,51,87,36,4,39,52,47,39,36,26,50,83,39,68,66,95,10,39,19,76,32,91,4,85,20,56,90,27,87,72,22,94,47]
[86,70,11,37,70,3,98,77,92,69,41,5,88,47,40,20,47,5,1,98,23,48,96,62,53,5,43,51,39,86,15,56,98,50,70,75,78,60,14,73,61,48,84,92,34,46,54,33,78,12,3,29,74,70,41,36,77,1,46,14,66,41,99,67,21,16,13,29,38,53,82,95,26,2,44,36,86,39,62,3,32,78,52,71,21,3,36,96,57,69,55,21,45,96,91,43,50,20,0,11]
[76,33,26,53,64,46,20,51,15,15,39,87,9,23,21,39,11,97,73,78,60,48,42,49,96,23,85,78,40,1,68,55,89,89,81,95,58,6,22,11,46,89,4,12,74,8,11,25,77,54,8,96,27,84,78,14,39,77,3,9,18,25,46,25,24,61,81,2,51,74,73,14,46,47,40,87,87,87,56,48,98,32,94,61,50,87,1,52,11,4,24,8,70,17,96,46,16,14,46,43]
[56,10,36,88,44,39,99,19,48,92,64,15,35,17,92,79,80,48,99,86,85,66,59,50,12,88,5,14,60,27,56,13,49,60,59,16,25,1,39,9,27,22,97,3,74,19,8,35,44,12,55,64,98,55,3,15,3,29,91,26,55,96,59,19,37,49,49,9,78,39,46,27,63,40,54,12,11,92,79,64,45,59,64,45,12,31,23,6,92,84,63,37,93,57,32,32,76,1,93,51]
[36,33,90,14,37,17,83,52,91,54,47,59,59,81,95,89,95,14,48,60,87,76,58,38,26,50,91,84,71,47,36,91,24,67,19,15,60,31,17,57,93,28,61,21,77,43,39,53,42,72,50,26,34,29,3,53,8,38,78,61,45,19,36,63,47,97,48,99,52,3,32,31,64,70,47,42,64,49,68,31,15,39,78,76,55,5,63,38,13,99,28,54,23,35,23,51,47,39,28,31]
[96,37,90,25,52,0,33,85,5,69,13,2,62,4,7,93,55,25,4,33,21,0,96,85,16,21,4,22,54,72,15,66,24,69,19,7,45,91,60,99,91,77,99,34,27,66,81,62,65,42,19,43,53,38,62,88,24,63,72,80,2,48,17,54,62,87,69,9,72,79,39,8,15,47,79,27,38,14,16,58,86,2,76,34,35,59,82,63,13,6,59,78,13,36,71,84,83,22,42,39]
[74,97,39,32,79,58,35,9,11,13,38,70,6,23,63,60,80,40,39,86,76,9,70,44,87,0,37,73,86,29,57,7,62,42,10,39,32,20,9,95,60,21,52,13,35,28,95,63,42,64,88,71,16,22,56,14,59,77,1,56,10,75,57,32,11,6,17,39,63,76,60,6,68,89,31,33,44,32,61,58,95,89,3,43,43,86,53,58,12,84,69,87,40,65,90,3,69,52,54,8]
[26,38,35,49,8,50,40,59,20,13,34,40,11,45,27,93,93,51,47,13,96,10,76,83,31,16,28,49,54,53,51,5,55,69,52,56,79,45,29,49,31,2,3,64,47,50,25,9,36,15,34,85,78,82,70,0,29,53,81,60,38,38,18,25,2,40,66,10,74,7,69,25,53,24,76,31,3,39,58,7,40,10,73,37,70,67,76,31,85,93,70,72,71,72,30,61,72,3,2,29]
[32,12,47,37,0,67,71,25,79,91,54,46,5,30,35,17,91,0,95,45,6,8,76,53,55,11,91,89,16,54,12,95,16,14,28,25,13,87,5,63,19,66,34,83,50,41,17,74,4,9,14,33,73,42,75,88,44,72,22,28,19,45,72,15,60,47,46,95,70,32,42,3,75,89,37,66,51,93,75,94,11,67,73,49,37,19,30,68,72,34,74,83,84,71,49,97,51,79,19,29]
[0,27,25,73,27,13,57,14,52,99,73,0,90,43,68,94,78,96,99,16,71,25,69,23,88,37,26,68,81,18,3,38,32,51,36,76,23,30,10,83,40,26,86,4,6,10,92,95,64,77,1,13,45,15,23,24,26,97,42,77,79,32,64,45,12,50,86,29,92,18,99,49,81,23,47,88,0,17,80,10,72,52,65,34,30,49,63,63,7,39,53,71,77,39,68,60,56,21,68,71]
[86,3,19,74,39,63,96,13,15,18,85,46,62,55,26,7,33,11,73,40,10,91,9,53,50,91,39,50,41,51,33,35,71,71,88,64,2,44,1,94,79,86,15,95,62,21,56,27,90,93,92,28,21,66,61,73,43,44,1,27,17,76,2,61,54,68,32,90,58,30,95,65,97,89,86,41,83,23,87,23,82,7,62,37,19,99,2,57,59,34,66,39,41,17,97,28,53,59,16,52]
[22,76,80,91,8,79,86,33,24,27,99,55,11,25,29,56,84,95,26,62,78,69,47,40,80,99,87,89,29,47,88,68,63,61,92,45,77,38,37,92,68,62,75,84,42,58,72,79,34,95,26,4,52,1,61,90,26,31,92,5,50,36,10,64,55,55,78,18,66,52,88,49,88,44,79,17,93,11,35,13,21,9,80,85,65,98,89,44,94,11,24,68,37,67,7,92,54,74,72,94]
[10,22,50,25,1,42,98,90,28,22,95,43,88,12,96,36,67,31,66,73,78,49,54,14,76,15,32,85,69,55,80,25,14,92,80,34,60,75,60,40,36,1,29,13,57,98,94,76,98,60,90,4,67,4,88,59,79,95,85,32,13,37,71,51,99,29,94,0,53,9,79,65,67,84,42,14,49,33,74,4,4,26,9,86,13,59,94,13,51,86,38,99,42,68,38,63,55,85,70,27]
