[8,97,52,46,39,86,33,3,39,26,10,36,75,60,80,36,54,40,15,40,69,46,91,58,57,15,44,97,61,36,12,29,93,89,6,43,58,32,12,84,98,55,86,27,68,28,38,32,17,67,9,86,26,6,24,57,54,22,60,79,88,86,24,6,82,65,60,48,2,44,20,65,34,38,63,33,19,69,98,22,30,77,1,85,94,91,88,47,3,25,20,94,80,46,8,18,37,58,67,38]
[52,51,76,56,29,14,42,46,45,65,11,50,19,42,36,25,26,10,30,20,8,39,70,99,33,27,60,55,25,27,26,84,27,29,2,60,9,63,2,20,73,45,3,85,70,1,88,70,2,85,8,72,17,17,8,50,90,51,92,92,69,41,58,44,12,62,32,18,27,6,67,61,0,13,80,1,69,42,95,19,25,25,48,71,22,34,26,34,43,52,95,54,11,27,10,63,34,98,67,52]
[88,70,53,6,89,0,75,16,71,50,29,16,99,22,27,2,71,30,54,12,81,88,42,7,73,13,54,65,54,45,19,51,3,0,57,74,17,76,75,13,31,48,36,79,81,36,56,31,80,94,38,72,48,13,13,53,93,60,78,97,15,43,43,4,11,15,58,58,11,44,62,72,75,37,78,22,3,90,77,56,97,81,93,21,47,48,28,18,94,55,14,28,58,44,41,38,54,47,56,37]
[20,47,78,33,6,96,71,9,8,62,96,76,10,72,44,68,19,25,3,32,32,35,59,85,90,11,15,57,66,49,64,17,0,95,32,73,80,85,21,18,37,74,46,51,23,90,57,5,95,64,1,26,98,31,40,1,28,74,62,97,93,33,84,76,54,62,16,14,45,33,38,47,9,84,43,69,68,84,50,75,88,81,71,28,74,36,62,8,36,55,22,47,54,45,51,2,18,5,45,34]
[56,47,25,12,93,46,3,71,34,76,42,35,5,35,17,91,43,40,3,74,85,0,46,41,33,67,54,49,81,53,40,24,63,79,38,83,44,34,9,11,19,85,30,25,7,56,19,33,65,54,1,94,71,83,47,97,81,91,11,95,95,0,17,40,65,58,90,42,31,6,50,43,80,52,57,0,21,42,20,52,12,79,76,37,51,65,53,97,80,24,57,0,91,3,60,2,82,68,16,49]
[46,57,85,98,84,0,68,64,58,26,27,70,95,78,94,96,32,49,29,51,44,90,78,85,64,81,86,94,26,88,2,73,51,50,64,61,45,20,61,23,18,54,83,75,15,87,32,79,5,53,49,95,37,72,25,18,76,7,39,17,78,38,72,84,9,22,14,75,54,22,49,43,59,86,75,53,24,95,98,62,96,27,19,51,8,35,35,53,71,94,83,69,86,56,52,93,2,2,36,65]
[20,29,33,38,5,95,79,99,59,81,14,47,69,21,74,18,94,41,46,74,33,77,29,37,45,24,36,42,16,5,97,50,71,59,36,54,80,99,84,67,47,95,26,73,56,70,98,81,98,31,56,33,19,65,25,10,51,4,66,7,21,83,54,20,90,19,0,42,5,25,64,21,33,51,43,1,49,51,52,43,73,65,2,27,11,88,27,64,93,69,79,86,23,61,17,16,10,81,59,94]
[62,3,82,27,24,70,33,1,52,94,82,21,7,63,99,47,2,30,68,82,83,87,99,12,40,62,96,69,46,96,2,59,60,21,95,59,81,48,44,62,61,50,10,43,99,81,86,97,44,34,31,25,52,51,97,54,70,34,78,5,50,41,29,87,23,67,80,66,48,65,83,61,96,52,64,60,69,39,38,89,30,56,68,28,69,66,58,75,64,6,96,65,72,97,84,60,60,30,42,75]
[8,45,83,53,1,51,66,2,26,45,36,51,18,53,92,76,41,87,95,86,41,94,80,56,97,90,38,9,69,38,1,51,85,88,76,18,65,84,26,2,58,51,24,75,13,0,45,45,29,53,21,70,31,97,32,0,32,61,9,54,32,53,35,1,72,50,30,84,86,58,51,55,36,72,17,2,36,93,54,39,92,20,87,36,81,87,8,26,54,58,3,51,83,53,58,31,9,54,21,51]
[70,99,54,83,78,40,13,64,2,18,63,80,5,15,34,71,12,10,93,94,60,40,40,27,13,17,79,66,27,1,18,76,44,63,85,22,98,66,21,11,60,63,24,79,16,63,3,13,35,89,74,53,25,44,57,35,17,31,91,11,44,82,76,62,50,3,13,13,65,21,39,66,71,32,5,72,36,57,7,68,92,93,23,62,3,83,75,41,66,39,21,80,84,3,11,22,27,68,96,1]
[88,96,97,79,53,76,17,26,36,9,54,63,94,18,93,70,3,96,97,80,18,45,45,41,77,63,92,36,62,40,13,74,46,33,33,24,27,64,5,18,37,79,70,78,85,66,18,56,72,57,36,60,16,32,61,45,54,88,15,73,5,86,69,87,71,11,60,76,89,23,35,96,78,39,93,49,88,3,49,74,59,52,40,17,43,80,59,85,49,44,88,79,39,39,98,33,93,61,74,72]
[24,10,81,54,74,11,0,5,11,88,92,41,90,59,19,74,54,49,69,87,41,94,12,92,81,0,9,12,52,41,38,61,0,95,51,22,43,99,27,31,33,30,28,8,88,94,99,76,78,76,91,65,33,99,14,41,72,63,77,99,95,81,52,9,60,67,53,2,49,70,3,16,45,95,16,24,8,39,17,30,76,80,38,16,29,78,37,99,10,27,59,61,9,76,62,26,17,76,31,42]
[12,6,11,72,19,82,66,73,46,5,0,43,44,96,15,98,33,84,15,6,44,80,80,91,55,10,91,29,34,75,56,22,68,74,12,47,6,65,76,8,18,89,40,84,64,4,54,14,63,16,3,73,14,41,17,71,2,68,35,37,16,56,58,15,93,35,12,40,15,7,55,59,12,98,89,73,21,27,75,96,76,66,77,89,71,20,51,31,20,97,54,51,15,39,67,31,39,76,13,75]
[60,31,31,97,22,64,84,37,94,88,13,75,58,12,23,53,6,11,57,89,34,54,77,55,2,41,24,57,78,83,97,59,4,31,71,29,92,79,78,82,87,62,43,82,57,27,39,60,93,30,33,23,87,58,26,88,45,76,42,6,31,82,85,77,38,85,72,43,17,42,33,21,46,35,35,94,3,3,23,31,16,59,40,83,65,25,81,6,21,39,45,14,75,88,6,73,54,52,2,82]
[88,41,66,70,44,58,49,79,84,24,81,25,10,52,47,57,87,61,21,87,27,11,68,56,28,65,47,70,9,84,6,68,34,68,26,29,58,52,45,76,10,58,10,18,5,81,12,93,6,3,28,73,17,96,19,9,58,25,5,16,1,13,55,74,39,14,62,50,42,20,12,82,10,48,74,90,64,20,69,90,85,11,20,75,92,60,6,53,54,23,36,43,59,84,29,3,30,57,45,18]
[0,14,4,12,51,34,96,93,81,37,90,28,14,88,25,97,44,57,84,80,34,68,9,91,6,55,57,88,60,31,49,60,71,5,48,42,23,81,69,77,21,45,88,81,66,62,54,13,22,15,4,98,90,38,2,32,42,25,4,0,88,14,14,0,2,44,18,94,75,98,47,44,61,26,94,21,40,59,80,83,55,15,18,77,71,16,52,71,88,41,18,84,85,54,50,32,61,6,88,12]
[36,58,4,83,39,46,52,83,23,10,50,2,70,92,21,87,72,22,1,80,50,88,10,1,12,95,65,75,96,7,29,3,17,3,76,23,62,88,51,76,56,33,70,13,46,46,17,24,19,3,19,43,43,57,44,87,59,40,18,25,59,20,18,0,98,26,77,55,2,81,78,67,10,3,94,46,29,10,71,62,48,93,87,77,23,48,28,21,78,23,86,86,35,4,29,39,57,91,69,75]
[22,3,21,6,42,67,63,41,97,55,6,94,48,54,17,12,97,18,87,60,80,46,89,46,22,51,64,99,51,65,50,55,28,26,60,2,92,31,24,24,48,78,94,55,51,67,16,66,51,14,72,84,78,3,10,65,17,2,98,25,23,26,6,63,11,49,44,66,67,57,63,68,45,54,11,19,76,32,22,2,96,84,72,52,27,72,35,0,0,20,36,61,86,93,17,4,23,44,20,28]
[28,0,93,85,49,92,57,71,42,31,0,40,72,58,40,50,34,7,55,52,91,66,86,51,69,45,75,71,61,8,91,16,63,55,97,16,35,49,19,66,78,97,62,47,63,52,34,52,37,99,49,71,93,42,32,9,38,14,16,83,25,8,66,72,96,32,78,98,47,65,99,31,57,70,11,20,9,47,99,65,20,42,14,49,20,84,63,82,84,36,74,49,51,70,90,72,35,26,96,72]
[82,90,89,86,3,38,39,65,75,90,47,86,96,4,98,76,48,28,49,84,91,82,27,46,50,76,43,30,20,61,44,89,31,42,92,11,88,0,88,10,1,23,58,34,99,69,66,5,36,14,67,97,79,17,98,89,67,61,9,53,35,66,45,38,39,87,78,54,96,4,96,8,66,52,7,49,35,10,1,48,56,66,21,63,64,16,28,35,65,88,47,61,60,16,83,99,73,87,61,91]
[0,18,98,67,78,54,36,15,79,87,0,80,10,48,34,77,23,31,23,28,9,2,42,38,27,32,3,92,22,15,78,27,6,87,23,87,90,18,87,56,86,2,97,30,3,55,44,39,70,7,54,43,35,91,10,24,84,29,67,80,33,95,12,49,71,71,5,59,30,86,76,61,42,93,14,81,77,97,77,74,86,43,89,41,94,99,34,92,83,59,13,40,63,47,61,57,55,25,50,76]
[90,36,28,74,35,34,83,45,92,89,52,55,73,67,80,91,52,12,91,26,15,38,78,37,72,11,81,2,90,50,61,40,16,34,52,40,83,20,33,81,68,80,64,7,80,63,4,28,40,25,39,27,3,58,3,55,79,23,9,44,84,26,84,25,59,94,13,37,39,74,34,84,7,65,42,63,43,13,14,61,49,29,90,46,19,59,84,68,11,15,42,72,72,26,87,46,29,71,23,83]
[72,18,41,36,37,15,96,50,10,34,28,58,98,1,41,39,1,6,12,1,27,64,49,72,36,34,58,12,94,12,87,94,10,67,58,64,37,69,37,22,62,39,72,93,45,85,93,53,18,76,66,66,91,34,9,39,60,14,95,72,61,58,79,78,51,31,6,13,57,60,80,81,11,24,63,54,72,90,53,47,64,94,68,71,88,6,97,95,98,19,77,19,6,71,96,96,23,21,72,58]
[46,40,89,52,61,0,24,7,78,18,90,95,2,9,50,56,69,17,19,93,97,98,87,97,94,48,44,70,35,77,15,3,74,80,18,69,65,94,99,45,84,80,20,44,3,25,74,16,35,66,66,14,13,96,67,65,95,62,85,83,96,84,36,95,40,27,48,24,85,15,69,84,41,71,28,53,48,92,29,61,38,69,73,32,10,32,11,24,46,74,42,53,47,17,86,39,69,23,92,17]
[4,42,2,12,86,7,32,1,53,7,4,20,54,54,59,46,35,3,12,66,87,54,77,16,47,70,38,46,81,98,6,93,85,47,60,92,39,7,10,16,90,97,85,56,58,65,38,80,74,27,69,30,17,96,75,44,66,6,39,69,51,90,30,18,58,47,45,69,15,49,38,18,83,83,10,19,71,50,20,46,18,80,51,53,64,74,55,85,83,94,13,60,71,33,20,26,38,57,52,19]
[16,43,7,69,35,76,98,80,28,86,75,79,17,81,74,18,18,31,42,99,75,17,96,95,84,14,67,72,53,5,48,57,10,9,72,31,83,79,47,7,69,40,74,43,0,1,37,25,37,83,30,92,76,84,38,37,55,44,33,21,23,20,66,66,79,79,17,87,2,99,4,98,7,99,49,49,93,23,30,62,65,4,44,20,19,79,46,98,5,84,14,47,84,32,86,94,56,44,53,21]
[78,81,84,55,91,8,26,87,48,63,51,91,59,20,46,51,12,1,72,11,73,0,39,15,53,90,94,55,66,51,10,29,85,37,56,96,15,2,22,39,35,46,53,83,87,22,1,70,70,36,48,7,75,91,81,16,95,85,36,86,65,8,24,59,43,15,49,16,45,48,88,78,6,35,85,89,15,44,15,29,8,18,36,17,6,20,7,73,31,70,43,43,57,29,66,78,74,75,92,28]
[30,45,79,31,43,15,23,51,69,12,43,86,2,36,34,0,49,15,73,10,71,42,54,11,59,4,94,43,51,55,12,8,89,31,84,61,60,61,68,6,84,97,94,15,51,37,52,82,65,92,90,67,73,59,1,10,83,59,94,44,47,34,57,31,22,36,59,83,83,90,39,77,62,86,12,82,1,61,89,12,97,10,64,49,83,49,21,91,36,4,95,67,44,61,63,30,87,13,64,98]
[86,21,72,9,11,40,53,17,79,77,38,45,86,95,81,83,19,14,33,51,63,32,12,99,59,74,10,77,29,78,7,11,99,95,83,86,60,27,77,7,85,40,29,31,32,45,62,25,31,41,33,74,67,52,95,64,81,45,55,8,63,79,27,70,96,51,9,32,29,24,87,44,19,63,52,74,74,22,82,43,45,35,57,47,85,10,18,26,80,92,65,74,30,32,37,56,39,69,29,66]
[78,28,17,9,59,50,89,64,67,76,17,15,79,0,0,19,58,20,63,46,91,73,12,65,23,72,66,44,35,77,59,84,67,43,92,4,93,36,65,59,69,56,41,81,91,64,49,0,31,21,93,20,38,72,52,72,61,40,20,40,67,4,97,20,53,26,36,45,14,61,46,75,93,16,35,63,73,12,81,8,3,84,60,74,8,84,55,90,80,47,58,81,48,41,79,48,4,74,52,73]
[82,89,24,69,59,32,73,10,65,79,3,53,91,83,14,85,27,75,53,60,68,63,76,40,61,5,76,77,0,91,20,61,67,82,84,94,56,50,66,23,32,44,0,96,49,73,41,55,81,84,72,57,91,3,34,70,90,86,65,3,44,22,37,90,16,34,31,36,61,85,34,79,11,28,61,5,85,93,24,85,36,64,99,25,35,14,53,22,4,33,3,25,47,73,47,42,23,73,52,91]
[70,45,74,14,31,9,19,87,4,48,12,98,82,6,44,6,33,11,20,31,21,58,4,34,59,7,48,51,70,80,23,46,37,78,36,75,73,6,21,37,49,74,81,87,82,43,59,83,74,82,37,71,49,40,11,40,38,97,4,13,52,65,52,73,40,74,4,99,8,10,59,96,18,54,86,47,47,55,50,41,96,41,71,90,19,74,68,20,59,62,71,71,73,78,51,43,59,93,4,99]
[88,89,16,25,57,45,99,64,62,36,76,99,98,39,73,46,70,81,29,85,90,19,93,22,40,84,53,81,2,77,44,92,21,15,64,80,27,98,16,88,1,87,0,33,59,94,47,71,70,54,45,84,23,61,53,39,82,52,74,65,89,80,1,40,48,0,29,88,11,3,15,70,19,89,62,15,95,78,44,87,29,55,88,93,96,82,0,16,69,72,66,51,59,86,26,69,37,10,15,78]
[26,68,99,35,48,25,35,46,90,95,44,59,20,75,23,39,82,0,42,25,37,73,16,0,1,7,1,59,56,65,83,89,68,72,33,14,72,55,77,90,85,8,38,45,0,74,37,31,29,76,29,79,86,66,73,47,89,42,84,98,1,61,8,71,76,73,45,54,31,80,46,86,99,7,75,86,7,81,70,76,68,30,7,44,88,68,31,29,15,9,32,51,0,51,75,73,91,54,67,97]
[72,3,22,38,55,6,50,18,31,79,94,90,30,37,9,19,53,80,47,49,17,19,10,91,88,3,85,48,26,45,36,56,80,17,2,52,55,55,35,1,41,68,22,17,36,55,80,69,1,1,43,68,52,6,82,51,87,70,34,78,13,44,2,18,28,43,48,81,54,10,67,56,21,10,82,71,8,48,3,52,78,96,1,22,86,82,35,69,0,15,58,37,90,56,91,23,35,23,46,95]
[14,19,62,47,80,26,96,56,45,74,42,85,82,8,13,39,59,55,63,67,51,64,81,81,38,60,35,81,20,25,71,57,65,5,22,6,49,96,13,10,99,77,35,59,51,33,16,83,83,85,85,51,85,26,3,46,34,54,50,90,57,36,68,70,31,64,84,33,17,67,80,2,1,91,38,66,11,36,46,54,23,58,95,57,87,50,89,30,90,44,66,27,97,39,85,12,51,89,18,55]
[24,29,65,25,94,16,11,25,59,84,51,48,55,80,83,65,55,64,70,75,16,19,54,10,86,88,11,19,44,52,62,69,33,0,44,33,14,42,39,77,82,52,31,97,39,12,95,42,66,51,15,77,43,19,67,80,24,25,73,4,24,43,47,63,88,82,4,52,44,84,29,90,37,13,54,89,16,84,6,81,67,69,56,90,7,23,31,72,36,20,1,25,30,44,70,72,98,0,3,29]
[98,51,65,27,63,28,63,77,96,83,5,22,39,89,33,43,92,3,76,64,58,98,5,48,22,15,13,73,35,50,59,20,15,61,52,57,57,27,47,4,92,58,99,80,45,70,93,65,74,12,97,89,89,68,86,95,91,27,62,2,38,12,69,97,31,85,69,56,94,63,86,70,80,32,60,48,51,22,74,7,45,17,19,2,98,72,64,24,23,76,20,2,8,6,96,24,66,20,84,99]
[90,30,89,84,7,35,37,83,55,85,48,30,3,85,39,44,75,39,26,63,59,85,41,51,32,19,92,75,74,17,75,66,2,38,2,80,40,75,92,62,67,4,43,88,20,31,57,10,13,40,11,42,22,58,73,50,6,18,22,57,33,2,58,47,39,20,79,30,61,62,91,57,64,20,14,56,37,93,27,34,9,41,89,72,86,43,92,6,72,31,39,32,99,81,25,7,87,86,79,34]
[86,6,83,1,96,43,98,20,76,24,10,59,76,63,67,3,69,10,80,6,62,15,86,89,8,2,61,69,43,51,24,1,75,56,10,56,22,53,3,49,5,76,62,27,3,36,18,60,61,89,20,62,52,88,11,82,45,41,38,5,94,63,47,40,95,77,36,43,72,52,64,2,50,96,49,64,30,11,41,74,25,8,24,77,78,45,52,20,27,62,76,52,35,55,75,97,25,28,97,42]
[34,2,39,14,83,62,44,71,14,83,55,85,26,56,96,24,68,9,62,54,6,88,30,82,48,74,32,98,60,76,12,70,38,52,40,69,84,92,3,83,65,19,99,44,53,36,28,69,77,96,13,13,49,46,72,59,21,13,93,3,22,14,1,55,74,49,5,72,26,47,46,90,97,74,99,33,38,61,46,38,85,94,57,98,87,3,73,69,94,73,14,71,55,72,85,37,90,67,13,15]
[54,27,89,19,48,4,33,34,53,84,65,14,67,69,31,36,40,62,8,35,63,82,61,39,17,72,56,72,79,43,62,43,82,94,53,35,75,0,75,52,2,64,86,46,76,95,43,77,56,59,41,78,43,47,23,9,26,48,2,57,49,13,94,30,3,98,41,26,61,24,73,12,73,33,55,49,39,62,84,69,27,43,13,58,94,6,95,7,0,92,12,36,91,53,58,38,53,23,1,80]
[80,40,23,7,72,30,99,67,75,10,27,79,32,33,72,0,55,39,43,97,78,81,15,84,64,0,39,59,58,31,84,85,90,21,36,82,87,2,72,41,59,6,48,90,21,65,92,13,66,34,92,34,47,13,77,34,33,51,7,58,82,90,42,91,0,30,29,55,10,76,96,12,92,86,93,23,44,12,42,39,16,42,89,67,90,2,76,38,62,20,86,86,48,2,24,9,86,50,41,65]
[38,29,91,47,9,18,7,23,0,30,20,18,87,87,21,36,24,87,97,32,22,16,43,59,58,78,32,58,4,22,77,69,63,47,79,53,72,18,65,37,93,34,27,10,93,34,57,92,92,63,28,57,81,67,31,4,40,80,3,86,78,69,39,47,88,38,30,40,24,64,39,58,28,34,91,59,61,94,3,8,59,15,65,87,7,23,49,30,1,10,41,81,17,36,93,66,74,24,18,12]
[52,66,11,48,99,91,84,58,76,1,60,3,64,84,73,46,65,39,33,48,90,90,93,67,78,24,50,56,11,14,24,93,99,29,55,82,43,31,46,48,8,93,1,1,51,84,63,28,92,2,2,53,14,68,46,76,3,31,80,3,59,99,61,77,96,56,73,46,65,80,52,53,83,79,44,47,21,47,53,51,44,51,10,34,31,70,8,7,18,56,82,59,65,10,31,16,4,51,9,57]
