[92,91,92,88,68,69,85,0,27,94,89,29,20,58,32,28,94,43,93,12,0,75,92,38,53,39,25,45,96,40,0,28,9,17,28,85,52,10,23,91,87,8,51,64,90,34,39,29,76,60,2,48,41,99,4,5,27,43,96,49,83,85,5,27,92,83,50,76,27,98,50,99,74,14,84,62,23,74,72,40,78,60,42,12,79,48,64,18,81,57,76,1,8,12,32,22,70,38,13,69]
[74,92,0,7,77,18,3,87,93,69,69,29,8,94,97,47,86,5,53,66,78,58,60,51,95,52,72,5,22,92,58,77,51,81,88,40,12,30,78,7,66,75,98,59,31,62,61,59,3,22,50,29,92,11,13,15,52,30,18,48,93,98,49,70,35,56,18,53,70,67,87,54,92,37,17,83,83,47,60,72,88,52,51,6,95,50,47,63,15,45,85,42,46,0,14,10,82,13,55,59]
[48,57,58,24,13,30,32,0,31,27,79,16,2,22,16,6,16,12,17,81,92,65,73,12,14,46,72,80,44,37,98,86,33,0,85,90,35,63,62,43,56,68,42,4,21,49,2,21,50,33,29,43,71,63,42,9,93,84,33,64,74,35,3,22,41,32,74,39,45,15,16,72,29,92,81,29,82,16,52,79,82,65,73,39,0,82,57,82,70,14,67,82,82,36,19,66,50,73,86,7]
[94,76,14,9,12,95,25,43,87,82,89,39,0,55,64,20,78,72,44,75,45,51,20,90,58,90,15,71,5,31,43,76,91,52,35,81,8,26,2,40,60,7,75,33,38,66,0,71,94,7,87,42,8,8,89,83,37,12,75,65,98,95,16,66,30,75,65,83,85,10,20,77,95,68,54,73,63,64,47,91,96,6,16,76,90,80,97,53,53,60,79,76,52,31,78,82,58,8,7,98]
[14,1,85,99,80,10,54,74,34,2,6,50,62,68,55,39,87,0,16,8,37,40,7,72,52,56,92,45,16,27,85,97,98,9,42,38,96,67,24,45,70,19,22,28,81,93,7,81,54,33,27,12,8,66,42,17,92,16,31,57,70,96,90,28,8,57,80,3,7,43,69,37,70,72,20,16,3,18,19,30,61,45,57,43,8,65,73,44,69,63,90,63,73,73,29,74,74,1,24,54]
[40,90,21,46,72,19,77,41,72,51,28,13,51,51,21,28,69,34,54,23,32,71,33,33,19,94,28,20,68,38,69,28,98,70,15,47,31,54,29,18,0,97,1,59,21,73,14,23,61,11,31,31,89,74,15,18,89,51,57,26,91,63,8,81,29,77,25,71,71,30,2,3,2,87,11,78,24,66,20,95,27,54,97,38,61,21,31,56,30,27,40,93,94,25,62,1,35,88,17,27]
[32,81,30,80,80,54,57,17,16,79,59,5,55,18,53,77,88,16,57,53,87,26,50,68,29,1,39,37,18,58,29,82,61,13,82,41,35,49,27,66,38,34,91,27,85,47,10,8,69,23,28,0,14,11,62,92,91,73,63,11,9,48,92,22,43,52,86,63,83,97,90,49,37,56,27,23,81,78,13,50,24,94,45,65,4,58,4,12,81,78,73,97,31,37,63,84,77,72,6,69]
[12,85,89,70,71,67,68,13,81,60,64,74,88,54,71,18,95,7,4,15,35,64,29,57,51,72,57,90,72,76,11,58,76,11,61,66,39,37,55,19,24,86,92,80,58,78,52,33,54,19,81,10,66,71,7,63,96,91,86,34,25,13,98,68,10,46,19,69,29,95,33,40,25,83,19,82,7,11,91,71,29,63,65,2,1,41,13,27,91,82,72,4,52,68,35,31,51,31,74,0]
[38,13,48,22,66,47,96,97,28,97,77,44,76,58,92,9,52,92,54,74,47,66,57,21,89,62,8,4,37,61,43,15,45,11,89,79,82,28,36,77,5,40,70,68,31,0,26,85,45,25,51,85,59,63,59,21,22,38,9,33,50,57,40,25,75,61,91,50,76,73,45,26,41,8,66,72,46,66,60,14,73,48,44,73,73,68,90,35,58,26,0,88,21,50,43,47,83,15,20,55]
[34,23,85,59,33,88,84,79,49,35,21,38,34,78,69,20,56,25,28,80,87,1,43,44,45,4,87,21,66,48,74,66,63,80,19,4,92,94,42,21,44,32,46,79,48,61,46,24,64,3,23,75,77,83,8,89,12,16,77,90,76,25,26,56,3,35,76,87,7,9,98,74,12,76,45,1,98,5,22,60,44,53,98,85,25,59,40,87,56,98,24,19,8,39,76,95,13,37,47,90]
[20,49,35,1,99,46,24,75,4,12,81,2,10,6,83,0,6,42,54,89,50,13,30,69,67,6,94,56,14,39,77,70,27,85,37,34,44,24,9,86,24,48,0,26,3,30,72,62,3,98,30,30,65,74,39,41,78,40,3,50,38,54,62,64,58,15,56,91,2,77,27,96,49,82,8,2,66,96,51,4,37,11,88,77,15,97,18,42,4,44,95,18,41,84,39,67,5,51,34,69]
[52,74,44,52,6,98,81,84,58,68,96,82,86,99,22,76,3,48,6,52,51,43,85,24,89,82,92,1,32,20,71,19,69,99,64,26,23,71,10,9,41,44,19,48,75,90,81,81,51,60,56,29,99,18,54,88,83,64,97,75,56,44,19,81,28,31,8,54,46,13,16,84,31,52,16,60,27,64,2,69,86,81,85,12,22,68,38,81,22,43,82,53,21,57,98,21,49,86,34,87]
[16,37,47,80,95,40,70,82,23,88,37,79,9,47,56,67,42,94,6,96,21,4,35,4,8,98,54,53,82,4,36,20,19,14,40,31,10,40,46,38,13,11,54,69,75,34,98,17,82,76,33,76,81,68,71,35,67,75,26,71,58,57,27,87,96,17,38,62,8,11,44,89,46,24,86,40,37,29,27,58,6,81,67,62,53,45,36,10,47,97,67,23,91,85,59,20,51,65,61,80]
[48,3,99,73,15,44,72,15,90,18,11,58,13,9,88,62,90,76,96,1,45,91,12,35,50,19,67,49,93,18,17,62,46,82,81,76,66,53,21,92,59,0,1,10,73,52,5,79,3,85,19,56,11,34,77,13,42,17,57,59,20,81,19,52,92,30,92,9,49,6,3,48,39,10,10,40,21,47,20,70,77,48,43,20,63,69,70,29,47,93,79,27,85,69,82,9,99,69,21,20]
[58,80,20,14,43,66,50,70,5,30,48,15,51,56,70,19,99,80,67,28,39,85,42,92,69,99,90,78,13,36,92,25,79,57,56,96,70,26,77,31,25,76,2,6,74,3,13,55,41,8,45,94,71,67,37,78,62,74,40,35,6,63,64,0,14,1,53,87,61,35,51,19,37,81,32,50,6,52,76,11,3,12,51,71,86,40,34,45,78,38,99,76,53,34,86,10,29,3,73,2]
[16,45,79,26,1,33,33,99,34,90,71,95,59,41,18,70,65,24,47,97,59,64,43,72,67,45,94,49,10,79,67,66,90,48,46,4,37,90,41,99,26,22,17,31,20,90,9,88,15,15,17,6,63,60,56,19,15,68,8,51,11,94,59,79,64,16,24,86,17,17,24,88,67,33,40,12,13,3,12,25,93,21,60,1,56,68,71,11,34,43,0,27,95,71,70,64,85,77,1,14]
[78,68,72,23,44,68,65,55,68,20,45,88,21,87,15,27,74,58,64,80,99,20,4,23,82,35,71,39,55,68,46,96,40,65,26,5,19,25,2,91,46,8,26,85,12,81,33,20,1,11,49,99,29,36,79,37,39,61,60,95,89,23,26,74,55,98,7,65,40,13,20,40,46,9,29,45,14,55,53,84,20,25,48,58,41,69,32,54,7,91,16,45,39,72,18,92,63,40,9,36]
[58,0,11,58,23,64,8,81,10,29,30,1,74,7,78,70,2,55,57,6,39,20,56,36,30,96,74,22,12,37,67,54,74,62,74,85,75,0,9,89,81,47,29,21,75,66,77,3,22,66,88,81,76,44,15,69,70,29,5,24,18,28,73,34,23,14,94,73,61,70,95,84,82,8,2,99,71,28,87,84,25,66,14,28,16,52,29,0,6,60,93,59,25,26,16,10,94,66,35,67]
[20,2,96,20,70,4,86,71,6,13,38,41,66,33,35,46,55,3,52,38,64,17,42,4,92,58,23,41,37,42,84,11,82,27,50,16,45,94,76,40,40,26,70,4,43,57,5,33,41,88,18,77,52,82,22,13,90,80,84,80,91,8,62,92,86,28,98,71,80,67,63,77,48,95,61,17,52,18,47,82,81,46,65,88,85,7,98,20,34,25,26,61,20,40,37,77,9,37,27,0]
[98,1,80,6,62,88,36,56,27,95,71,23,88,36,94,74,81,79,84,90,32,43,74,60,90,56,51,65,0,45,76,73,52,54,12,44,51,14,2,93,60,27,28,91,27,75,28,55,49,6,66,25,75,30,0,20,26,44,5,89,17,32,78,26,66,65,84,24,40,66,4,47,47,53,76,8,26,75,94,6,74,33,92,72,87,93,94,10,24,61,82,63,16,93,1,80,44,72,66,27]
[6,44,17,38,58,33,29,52,70,20,85,37,37,15,82,82,50,73,20,40,92,22,99,50,81,95,43,89,97,44,69,68,75,75,77,15,47,63,72,20,70,77,95,99,27,62,51,91,49,45,53,72,27,88,74,63,76,71,7,88,46,5,78,57,20,65,4,81,13,49,84,67,65,5,74,5,0,90,62,52,46,57,72,27,25,31,55,56,22,32,98,59,67,90,78,35,58,64,20,50]
[84,3,50,91,10,29,14,59,53,61,28,79,15,40,80,8,3,8,70,23,4,16,64,80,15,47,56,34,6,33,35,38,77,78,43,97,27,16,23,91,39,4,84,18,6,60,13,36,52,12,49,78,26,15,2,79,10,37,54,25,66,19,77,18,56,43,41,54,79,87,82,77,72,77,22,1,4,49,73,51,49,91,79,99,69,87,71,53,2,35,52,34,96,49,8,64,21,90,76,63]
[42,50,38,14,16,9,30,70,54,39,12,45,83,42,8,34,48,98,52,68,55,90,79,46,23,44,79,8,48,1,45,16,3,13,73,68,51,87,29,51,91,70,82,78,56,87,25,6,24,62,37,23,89,64,70,29,56,3,96,88,36,10,18,89,3,60,53,25,1,20,93,0,64,66,62,11,25,33,65,88,16,20,94,95,88,48,58,83,34,21,33,29,35,57,9,53,5,14,55,60]
[58,15,24,83,1,55,93,98,23,30,48,71,17,16,50,82,20,19,1,23,86,62,67,76,76,61,78,93,70,13,55,25,98,28,30,37,33,96,31,17,48,2,51,25,7,46,14,18,73,8,1,21,43,13,26,7,79,86,35,85,17,47,8,24,33,48,5,73,56,23,75,23,2,9,16,91,33,34,94,25,35,96,69,35,38,88,45,4,60,13,54,56,27,25,0,41,79,22,63,65]
[40,81,20,91,62,97,36,74,2,2,33,11,16,43,55,11,9,74,31,85,80,94,71,68,14,75,65,33,35,49,20,39,70,74,62,75,95,82,83,90,5,85,15,54,15,80,70,70,28,36,60,35,18,68,63,76,36,45,18,12,4,81,10,28,68,94,28,79,44,77,33,27,54,72,5,59,95,40,71,98,81,63,23,0,63,93,41,98,68,86,74,84,60,86,54,0,41,45,33,18]
[86,58,36,4,71,43,43,35,56,46,4,67,60,48,31,56,66,47,85,27,83,53,32,17,4,96,77,55,99,64,65,6,28,66,50,25,17,83,25,42,59,40,49,9,34,26,68,61,9,93,39,33,2,63,8,87,91,14,46,57,57,2,52,8,75,15,60,78,9,99,40,87,84,57,20,92,5,65,22,93,77,90,38,50,99,83,2,93,98,46,19,2,31,16,15,75,59,2,54,35]
[94,48,58,91,80,46,40,34,61,20,52,61,67,63,61,8,85,68,23,13,54,80,1,4,95,4,60,21,15,43,58,11,11,12,93,8,47,32,47,3,66,85,31,41,29,70,55,18,23,56,43,44,14,89,35,82,66,43,76,90,35,31,23,27,18,41,61,94,9,57,65,29,95,96,29,81,47,97,25,65,36,13,14,75,31,6,65,49,23,9,12,48,97,97,86,99,35,93,48,11]
[58,60,69,64,16,87,74,11,5,51,83,94,31,41,93,26,53,24,68,52,81,35,46,96,13,16,35,2,47,89,20,90,53,73,23,51,65,43,45,13,83,8,59,1,65,23,71,22,20,98,79,73,60,47,68,60,22,89,48,73,70,25,90,39,20,77,24,75,80,88,59,13,30,65,79,61,93,70,86,81,12,41,78,1,89,54,95,6,38,15,99,52,23,1,86,98,94,68,83,48]
[92,3,4,5,48,73,58,55,21,44,52,1,85,32,14,51,40,16,7,81,4,78,8,86,74,33,8,40,15,45,84,77,39,70,36,0,74,44,12,83,9,99,10,17,83,64,6,88,92,45,52,17,68,31,29,32,5,57,7,71,51,92,19,91,61,81,43,42,21,3,62,84,86,28,32,13,94,35,14,48,98,65,17,42,82,73,76,73,81,44,41,73,94,33,9,18,67,2,48,76]
[92,62,66,33,68,77,21,0,16,71,35,59,49,72,23,77,28,72,85,42,67,61,83,82,37,97,41,57,88,7,27,83,51,5,52,2,98,24,24,78,26,20,68,21,22,7,15,32,8,77,53,98,30,17,46,36,32,75,97,37,62,73,95,1,95,73,71,22,38,6,9,78,66,27,91,80,37,62,44,41,74,92,79,91,39,94,9,38,6,52,35,91,56,78,46,98,61,45,86,76]
[80,31,26,61,95,26,83,53,14,14,27,34,26,50,4,2,99,61,38,78,39,16,54,35,40,79,60,65,21,8,59,47,40,73,86,75,70,13,75,98,88,43,71,41,81,38,13,1,97,85,60,97,88,15,23,30,58,43,68,83,91,23,69,15,98,63,31,40,71,66,98,69,82,76,67,24,88,18,61,62,96,58,53,24,51,95,9,89,12,14,12,70,44,76,52,54,79,41,94,70]
[36,33,59,48,47,42,9,1,95,1,24,40,92,6,47,20,63,43,6,93,1,8,73,98,50,86,21,52,18,59,83,59,7,27,31,28,23,29,94,45,66,11,67,84,0,75,28,15,51,15,12,77,19,21,35,84,35,46,6,63,64,69,2,94,98,35,64,96,39,60,21,97,5,77,80,58,24,66,69,15,17,92,7,27,58,25,74,39,93,91,13,89,77,14,14,67,44,57,24,29]
[10,11,12,69,16,94,95,10,98,51,31,63,79,61,92,93,20,45,66,97,83,12,62,17,77,19,91,40,97,73,90,26,69,18,7,11,23,39,23,47,29,86,90,22,34,91,82,85,73,86,31,81,76,41,47,49,2,46,22,20,10,2,74,61,56,40,92,35,63,61,91,59,29,81,82,84,50,65,74,71,15,47,46,77,52,10,18,59,6,43,32,97,91,25,61,99,79,22,49,88]
[44,26,66,68,42,5,66,45,96,33,2,50,28,46,18,21,70,27,87,35,41,90,75,27,99,92,99,19,95,39,53,11,84,20,5,16,12,85,79,92,92,8,94,94,55,26,27,88,75,12,2,74,23,28,54,61,99,24,32,12,94,31,44,95,18,85,0,25,63,70,56,11,9,46,32,79,64,28,6,31,2,77,66,86,68,4,42,16,55,21,83,15,41,51,43,78,16,87,35,66]
[36,13,1,43,45,36,35,29,79,89,71,91,62,3,97,76,28,9,29,93,36,93,97,85,40,53,86,28,44,25,34,5,28,9,45,30,98,8,6,49,3,38,38,61,83,18,95,25,43,73,82,29,25,92,91,75,5,48,10,45,62,33,12,31,56,96,37,15,35,66,96,5,89,95,97,61,86,28,13,52,81,9,57,52,40,94,70,51,9,77,9,91,23,42,32,87,68,87,39,22]
[76,7,98,98,56,89,16,44,58,53,97,71,53,55,45,71,49,85,48,97,67,5,38,1,32,11,80,39,80,49,25,58,58,57,0,95,24,31,79,18,16,64,21,36,14,7,90,2,57,40,87,45,45,67,97,3,24,2,94,82,0,95,35,96,29,41,14,40,32,54,99,43,55,79,90,42,82,80,41,92,7,94,28,96,50,7,95,71,15,42,35,92,76,0,36,4,72,79,35,61]
[54,77,23,62,88,4,80,49,11,34,48,70,96,92,71,56,46,66,18,75,15,38,75,57,24,72,87,41,12,6,60,98,73,40,88,36,87,69,15,82,35,10,25,16,76,87,87,15,37,87,96,75,1,83,66,66,25,8,67,88,52,0,73,71,17,12,84,36,71,84,11,71,17,43,44,73,86,33,14,24,66,15,81,1,92,34,87,41,1,40,61,81,45,8,30,36,46,24,65,23]
[84,54,27,38,77,9,71,86,94,75,70,7,95,28,11,95,73,9,51,48,81,74,63,15,30,37,70,66,60,25,91,81,7,19,4,66,70,69,24,66,73,29,48,52,95,13,60,89,3,69,46,74,21,28,28,83,16,53,30,68,3,98,0,54,96,35,6,59,90,94,3,55,15,11,23,44,10,12,51,69,48,82,52,35,66,46,32,92,35,74,38,94,27,32,6,73,74,2,36,9]
[76,81,26,26,51,9,49,49,4,69,61,64,28,36,52,27,38,27,12,64,73,41,86,68,16,70,40,46,46,60,32,64,92,41,15,38,42,98,28,57,97,44,41,89,56,63,16,26,47,7,87,20,97,30,14,18,22,72,82,91,55,57,56,84,66,59,29,29,91,8,89,99,13,90,27,62,80,10,18,93,27,43,61,75,85,25,49,61,1,31,37,54,70,65,77,6,98,58,36,84]
[52,74,5,82,97,34,50,38,1,8,99,78,30,77,77,44,31,69,11,29,80,68,1,80,50,96,42,44,63,47,1,44,83,5,75,46,94,26,34,97,78,61,21,29,53,77,23,19,20,86,87,85,58,91,90,79,24,34,84,21,24,24,80,39,41,37,62,36,7,8,48,86,14,37,67,77,96,0,45,94,29,51,35,56,66,72,67,32,84,85,7,30,86,77,90,56,19,64,32,33]
[62,53,98,16,58,23,7,12,34,32,72,11,39,65,46,56,30,33,46,60,39,76,94,26,55,99,81,52,90,17,46,17,7,59,57,49,23,44,93,42,40,95,17,72,66,69,4,72,37,66,85,65,98,48,15,25,48,68,26,16,23,14,45,47,80,93,61,80,25,48,68,20,53,35,12,97,27,45,62,23,98,66,50,91,92,81,93,12,85,9,87,86,53,14,88,28,31,51,21,65]
[10,71,45,56,12,32,0,38,25,97,68,57,75,51,5,86,67,82,44,95,7,31,49,74,8,94,7,50,17,93,63,8,29,45,92,33,98,39,69,15,47,87,21,77,83,8,33,69,25,65,91,94,56,62,85,59,45,36,44,22,52,11,72,1,99,78,36,67,47,87,25,31,4,92,97,39,36,70,26,5,44,84,7,15,94,16,18,28,80,46,43,31,10,6,78,96,40,89,87,41]
[86,35,82,47,31,25,94,35,58,53,3,31,34,92,79,1,88,78,9,20,1,51,27,12,94,97,30,20,44,67,73,77,92,30,66,58,2,97,42,95,54,10,4,10,8,12,52,92,25,84,82,58,11,85,18,98,22,48,45,30,42,53,18,16,5,63,61,85,54,43,73,11,95,76,65,23,76,91,98,1,8,95,97,1,45,39,35,6,98,1,9,52,76,63,85,46,3,49,24,27]
[70,34,16,12,58,6,70,19,60,81,5,30,66,79,65,38,89,5,21,60,84,17,12,7,77,86,96,84,13,13,3,18,38,96,71,52,29,97,4,46,11,2,8,33,73,61,6,24,11,15,74,96,65,40,77,71,86,50,53,89,30,81,68,35,36,67,78,97,13,0,18,7,71,70,76,25,22,32,5,41,44,33,64,98,14,60,25,75,82,71,89,88,52,57,97,5,93,80,20,94]
[58,47,25,44,99,71,32,10,6,7,14,17,81,99,66,74,75,15,50,4,59,4,12,80,90,16,40,47,50,81,31,34,66,85,53,73,82,89,85,9,39,32,77,6,45,56,41,93,76,28,64,99,9,77,14,18,86,43,9,56,49,90,75,87,67,35,54,32,4,89,91,97,7,46,25,25,23,87,86,37,70,55,0,78,63,8,22,95,59,99,94,54,97,16,7,91,82,71,32,8]
[86,16,47,61,27,32,36,2,85,50,81,16,81,61,20,39,50,24,30,5,24,46,1,96,64,32,72,1,32,0,35,56,77,94,90,78,81,90,71,70,80,62,72,97,22,13,27,50,6,5,12,54,54,34,13,29,64,1,41,85,59,0,36,42,99,67,16,24,66,72,61,66,78,36,17,25,76,55,34,53,35,46,46,2,23,20,54,19,26,10,8,36,52,93,39,23,63,58,60,95]
[68,71,54,94,96,92,96,14,86,72,86,98,19,46,70,89,59,74,90,5,4,47,0,78,68,32,84,54,82,21,54,94,84,45,71,83,53,14,61,25,70,30,19,73,36,37,40,21,53,28,23,79,52,52,16,75,10,95,57,65,38,30,39,35,69,44,77,99,56,48,59,61,45,44,70,25,20,32,72,20,14,16,18,18,87,3,30,19,29,94,57,26,26,96,79,16,3,46,75,17]
[90,8,33,55,87,95,70,70,92,84,5,1,16,89,74,58,54,12,23,1,32,9,77,44,18,27,64,60,58,51,47,28,22,6,27,3,61,54,76,62,99,85,93,31,67,43,24,20,87,69,98,7,50,99,70,72,7,46,17,3,43,90,45,25,5,52,79,41,77,44,60,26,98,72,40,27,66,36,71,20,60,53,52,46,14,37,54,54,29,0,43,79,81,83,97,41,10,15,93,97]
